27.767919611890896,24.090764359879728,433.8927268318797,2363.79219095269,19.193068937443623,35.272818074266354
45.51298533395382,85.45936920513188,942.1407473232556,2109.448315350862,27.972407378121375,43.82071961108474
37.655233174515715,62.53315657909144,624.8598344154659,2014.4093186964635,18.771512654580405,34.99112164927609
63.892518524715356,19.075575318432552,521.0932256002703,2446.155791307141,25.120365451420007,33.161759562579114
47.4326880191728,57.669888310151194,435.79546954758575,1953.334176733504,21.441774670334016,39.215718451717734
62.61730280710918,51.232454354072615,500.35119138217317,2275.5072630433924,19.723539882903392,28.62139545214328
61.406870197511914,53.92881341341626,465.84235943545474,2234.4917399672177,26.021295757236064,30.951425342472543
57.40047690183025,27.878663985918415,592.5135682959291,1801.1761861703042,26.75526768596919,34.36274974289278
49.76351667132755,41.551150343724565,680.19020256156,2486.3821690977593,37.16739562850497,36.592750044004454
62.74371823227931,48.81679511555872,905.2821915324022,2314.32401177508,29.801749575279317,39.73764590016202
34.16982719271662,26.799662497383096,445.11328017120815,2256.0345483980263,23.497665998693215,29.52146472689358
49.8149340181199,38.77695256462878,333.1201530980102,2225.8373250036125,34.829729611702085,35.95442298423298
40.123135088004766,52.71166516272562,295.73214555262336,1913.41618844273,35.594686105192324,26.951553883500303
58.749610492395846,22.10686572609414,414.60932761017693,1678.5169808455707,23.285268522539806,34.57224162424388
94.0010870336169,18.210920193778325,406.1500538191955,2072.3391851100473,36.5945180893698,35.93550302041992
98.60847391727222,62.11646085562334,344.79209125339463,2439.674673772293,26.900493330493145,42.04142522200604
33.19281644691192,43.29716471196859,667.5491685194513,1829.7403059163635,21.22700714892811,39.80064807402631
36.59856288242634,28.44828482270818,476.63495206746455,1895.1591806567576,27.637356972918234,36.829592243859274
63.50691864084994,15.469429213159858,416.760736888114,2363.0937675399746,23.40260107072133,34.47138975751569
70.41508682730172,36.756804319369344,473.94335130301425,4492.804225545226,25.108084556112345,34.13129462335364
34.77225656606699,80.45062239650179,725.1057594331776,2482.5011876424946,28.639066028952865,40.811842741644206
55.30522510084084,54.690622733822735,359.85712265579326,1890.0067225987007,26.65760533462333,43.4413249306937
62.79377520578687,59.709242648019945,499.3489621000943,3209.9640176647076,16.908541459598652,43.35115960946068
41.96767296432714,35.723956282711015,505.32096828226094,2729.3383865452015,18.22706206690998,33.00513417875331
31.19019003234832,24.85097278736264,454.91095162833335,1650.3659719972932,28.543141429897087,40.2595662350455
52.515522995497165,18.30992951845981,400.48769001226844,1685.9601847329543,18.65958089812998,32.64054373975003
53.85045956432711,48.28339015523093,471.64872744810174,4096.685271012266,37.65032363025157,44.17462591146976
34.755467968644126,25.866530450754034,600.7445763138891,2331.5010820280854,18.734054722307718,44.72758907168905
66.23217107931703,45.460090971859955,351.49668158364386,2265.066669707409,20.964325162705123,28.549981385951185
90.77483187644216,27.94928489761305,266.6179005494176,1321.83210779614,27.068655322521366,25.202620062841977
58.84184398955998,51.26173346370819,384.9309508463665,4670.433995154203,27.72072264901059,44.94491323054545
58.20958403714678,25.945310802919224,637.3677337211651,1969.210542198908,23.231151138758023,31.150366366939263
26.0737300240504,69.89631493080817,340.9255049355081,2931.195161420632,16.76170596520159,36.007204149851475
53.57385874675937,49.159446067905684,523.2708339333859,2325.826430835184,29.271482808970735,41.58126706551043
35.39478316669552,86.49202023252695,339.28017964466545,4656.063438835521,33.2949749133854,39.70013677981163
71.58225786344799,42.3655629672782,951.6903137143217,1998.6109380014295,22.669264873935326,32.934765138838735
40.799741197138886,21.809708861006953,528.4585007532474,1746.0170647198977,37.5654330415954,46.098068435579734
52.028329522121396,38.140288069610975,356.0370228204665,1771.1913921005025,22.319223229861663,33.89896309629612
35.91239660746639,48.721172673444975,820.8922391415684,1430.559520271624,22.53413606527679,44.14139203663429
37.022186533922884,59.38771157568426,628.4964630497249,2199.7410894377686,24.22141627623142,38.33498459674975
83.47529384505334,41.39954144346379,596.8539808031863,2324.653106210839,23.89454475566761,40.51583180233993
60.88738964455399,55.547621596737514,459.24107790046156,2084.6000301447766,21.8864589335819,52.966355345392806
39.917774800091884,29.154030380933904,624.2235428256314,1783.6042919098313,18.539735753709724,35.3450099965162
35.08468072203889,27.080022104288616,480.43860723388946,1980.0630778133407,25.696787987104518,30.135802777331886
30.767214268412967,51.03147474199697,1009.3974708736605,1161.864793587897,33.688986789637525,47.24135665584508
52.68970788422138,47.14927631039522,498.5713750738514,2080.814131404879,24.71448423451505,34.00000292895592
57.708467983830644,41.01804697088414,331.9543226336385,1806.7944268355977,18.76640335145183,33.473648084873986
24.14972185891864,52.966104093946825,350.56254554931866,2225.3450674574583,25.41909387600922,39.25599118511897
43.99197776990759,65.8925793577366,894.3749739209825,3135.4018658113705,21.333887480403494,40.65217763342402
45.623903317282455,48.36729205921024,635.5475067629617,1638.6737988367622,27.350776030336533,35.03422736887757
36.461693710891225,35.456053425930705,314.06602473503096,2021.7971046786342,24.98962210625651,29.783163879536726
30.638891869066093,30.276020117045277,390.6427527280154,1833.076253989985,19.96436286364604,39.36102961262874
38.171901456866024,32.294095119538156,229.03725726623435,2369.9807800151593,17.764034256633387,34.44517293006483
105.49162385368419,23.11435537623376,313.6724500141099,1970.2262486468367,14.881649487114249,33.9706028374108
76.69021798284209,49.63979775341714,468.8707346307293,2224.649679416735,41.392924496469874,45.66568948067376
78.73439052197435,46.451323026474526,355.35241708640785,2547.6646129573737,38.68329795413174,35.3345287962713
30.510944449520515,27.293494202398875,609.810565823563,1616.1671212872186,25.03359276782861,36.12262406160684
69.12971989582921,44.84549022317364,786.9604380854856,1987.1998068676671,18.49923807344436,57.662275916698
101.17926395747527,29.806856179232177,583.9306376390275,2015.8813028825425,20.435704084277873,24.15767360018317
58.48176818813479,24.053912014751532,618.5183039879975,2238.0911918989964,21.39118415387184,30.908749871989485
98.90897388703772,32.87430500946372,560.8096860270322,2171.727556121637,25.95751882091767,38.87308459039258
50.45743855415709,39.90621928539165,756.8698974629839,2116.444902361855,27.65952559510026,38.96792795969321
40.25904768745144,31.589990581874094,393.4967130748592,1393.309429448888,22.392141108316117,39.72315365395919
64.0405910421545,10.363760679982693,591.7273809843001,1702.667349592556,16.08201369857338,29.113895450279806
33.99353400431474,71.58970264377407,607.8297806161925,1962.282940793753,24.113065588548057,29.142779313169875
22.84136384455209,36.480114573633024,332.38392663903585,2164.9014454371104,16.829281059208295,30.98898286918084
84.69876621264248,18.369899336253727,319.95935072562065,1421.2779296378142,30.773037323076043,18.367419424961177
13.00768010917281,49.69797922763156,242.2450582939527,2962.784606396031,47.78938769129584,60.85083040789175
94.1280041084941,82.48515096582652,534.7411772250443,5147.381630520484,46.290832036151556,82.03571373635046
60.17468334754812,168.32655807212814,172.9513200808505,3578.8096360903955,55.704897021288225,53.67494734918354
19.916196380029582,4.857950741742604,576.1800931667362,912.6002602060256,37.8159634182735,29.347981363155604
157.5218354897101,35.214431869406084,1025.8897476900206,1526.9153937288631,16.81713835619091,82.97664989854438
96.68666029024112,132.98838382584609,1445.3589464575018,2609.0001866001194,19.980710474954627,113.76103235328867
43.106663966959744,52.478849761800916,16.795813716403668,2748.690870434374,1.5419296318221916,62.263827033282595
153.5567757282564,164.73668032740574,2157.554924483,1458.3996235212749,0.8078262282585711,173.37405784138815
65.42279504467724,14.110914965206163,534.2474152725111,4495.0534237103275,2.5273257713639525,73.07904605110892
66.12017514472656,50.83880272748216,606.989956963224,2114.468181069888,30.814187458425536,27.060136232742714
95.54755155637002,66.34529801775906,777.4067350368252,6371.897441462211,42.05303243003703,113.081998354212
98.50841781421009,181.15030520848762,1210.5600180898386,1840.9979229696573,4.7752898290867085,141.70638810319122
96.68336586964332,25.364826450765406,862.0388279311519,3820.0680984220708,56.764728450179895,77.12320869030205
84.5224609550313,114.33160433503211,1659.052245445137,3965.1109436535326,13.022091690946352,35.58191364633452
79.27856122077237,152.4912208441725,857.6123868882651,7142.335451496752,44.079922989284114,186.8075549494189
83.51142364496619,228.56961125383842,226.82670389591715,5531.410657974906,24.091079288442522,56.50615705421035
42.31567034964442,113.2489216234089,448.5320785670094,4472.184529895882,25.149598251207376,54.25375331865051
34.74141379532977,23.82809417207058,444.7898874362624,5346.985473642716,27.603690855876103,39.347156468268196
64.77590183010017,58.104438966966725,97.13884888380822,4131.396449749986,18.743918449906147,31.158900634094426
65.06314695025658,47.756168280169554,264.6295138149546,3975.350132348228,23.28085081563323,53.46383482692959
37.971425566509275,51.33011537676915,261.3597802713156,3760.041795545965,24.49111247062499,40.20654307758244
51.97035667014857,65.36556959100469,266.9652976874728,4314.972079168558,23.09271834383234,33.96195724661116
53.59391536115614,22.401486808231688,376.90813380957115,3587.1650506590804,21.60011206140087,28.754652773059895
38.83910658635221,100.15279278863746,359.34892693223446,4285.827478106205,22.580650057659433,60.2204688159914
65.94195657853363,44.08503917161724,438.27908066374744,4046.2048311674484,14.77126689093469,39.876335756838905
37.97873327379756,118.17891421656654,915.734038713147,4907.694827004662,36.14481642899246,52.312818941680625
60.75494641900568,35.219944266590005,532.667886886543,3727.012317192565,33.02706940464176,34.50614875665725
35.20940209033418,31.65741096211666,272.7817784524033,4881.742769550011,22.87340289211366,45.26607083605798
40.47998582347024,24.07982983254702,130.97870353495904,3931.051526224208,21.373707495107958,41.15855268470751
37.26428279512091,95.51243126546774,539.8129148718955,4321.003308881624,25.04331354853948,26.2899577328772
90.18943934366857,122.27409426832322,985.942416462086,5180.859483568073,36.72810994652491,56.602833259797954
58.22053001306912,56.47292764783688,199.90794921623313,3157.8838392178754,20.608515246993274,40.58866576532123
58.26767940409422,118.29853746071613,839.0963209166092,4530.725311399951,19.670351358770567,46.349791185317386
78.88562018695805,97.1301001470279,307.4506929445114,5595.598351961868,27.607938240984236,53.03857759638491
75.52694938563879,32.5668971000239,229.16792121632616,4186.186894217127,22.918768281188697,41.32962116431625
31.549677948548243,175.7253809822707,449.13497517831,4560.693198585058,20.533028157418112,45.26991220470401
51.99867950703879,95.65579088337802,555.4984709700379,4975.410449099911,31.181737898048443,37.43527479635861
62.60377621342926,92.0782191602919,279.3057585657549,4710.576895652665,27.432584175778768,42.68910783618337
49.42997276324925,29.151272327272142,552.3202857018663,4179.38100068784,30.392780167529274,29.838206761429912
31.388889321767373,28.321622133908903,352.27674273138945,3431.3088302042265,39.33195058755532,44.93808555268076
66.45875404572413,17.654462898199313,241.05071293157508,3996.8303897613077,30.902539450775905,20.47234246900626
60.64953090656064,31.7452719903019,324.90059071434604,3965.3262918323912,18.33883593119906,34.22922895979525
65.74137791315245,107.85860352525079,564.7822613289951,5274.9376134574295,31.999591733077583,42.631865547361684
73.12751116660485,69.83573600047625,438.256988254101,3895.346324903167,17.475103996205153,43.33429033460111
21.567023059011927,54.412362261705205,321.28279243251495,3838.0769537230412,29.560795734112443,40.411385329378724
16.705499332198716,28.271453059202283,294.0377737993098,4380.032976412331,25.218677610210072,28.65489443582802
61.86306076995638,133.23916118479582,335.2886236630005,4845.726640379937,27.864096943357954,63.15080331875052
114.80430025131406,34.87674198838084,372.1062519955543,4825.799799205544,25.00862840822262,35.07353970055787
54.1607221604046,141.19521104366174,162.41243303994386,5007.605126208909,26.641866023000645,57.80131498214068
50.250340224075146,183.41046412812324,532.3483504002163,5071.789639423191,24.200311752921248,51.15726911580215
42.456630242710624,55.519814886805094,356.87117330450883,3206.9341438584947,19.31532689388984,29.645622986526476
83.48668897490151,126.01995096368601,681.4436266250466,4453.0799394096,19.814562999403115,62.21796281337528
60.814838317361605,143.03325891431348,237.16793944822808,5422.26469817482,37.638993092589644,44.179378586210866
56.257532704623664,118.19045118441137,766.6169127470794,5006.720206276571,29.14854210053931,54.069835505004335
60.734696390626226,137.80478804269595,410.9797998535035,5076.793409697711,36.266829262161394,42.3066034271939
84.79229235650263,34.97847220531684,530.1180261842777,3593.121551213115,18.868795541278164,36.136322134683546
58.412768063564,112.20493814021873,259.9631141259005,4226.27175264602,26.686444507738344,49.36620758174073
58.14498510382038,144.05493075606353,1182.3651342756025,5598.773407111883,27.34166628786184,47.92754823132293
114.02087417528878,36.775184605858,587.4657587391374,4032.1534213961613,33.0722222885354,38.19313741413444
57.07990575682633,47.56561132640624,466.6780398992156,4290.744973508418,33.511230112545306,20.0728506270604
37.125717468808574,105.42038977690306,675.0290185672329,4367.14788020251,15.671151698092629,41.61788864647551
48.816901550001205,119.64335967173949,942.7845580831677,4043.136792179227,21.10225170664497,55.28306063867872
31.961280799436626,191.37283469754556,692.3228919635098,5011.5571783464775,23.007726839508056,40.9321681088571
74.5198294624849,49.187143563184875,365.54123320229246,2516.595442318278,26.700814863010088,30.894241757713388
51.78209206932869,46.48621777242115,504.3020739076209,3628.2311286126655,21.95879145320219,50.76815535961088
65.07806090760764,42.980945045476936,798.4409661983693,4245.8939587972145,26.943890934388175,49.07166539057479
51.83981645016703,60.54001921446087,106.60309530285166,3560.5363335123775,13.0932056619064,30.40392643239569
62.150535702552446,75.57043409870406,280.06197419075795,4171.08594485731,22.364565146704006,41.06330176911252
52.793408457488965,123.42943995963662,511.02929117111444,4693.410698084014,27.90924602477087,45.6041096682644
49.94652439195675,14.897593833844457,461.3155953840695,3046.704227610152,27.446235888996064,36.416307437415085
36.27439111286336,128.40233625798038,901.2872744902606,5275.311080510221,36.584679038923205,45.02212224508676
37.16600879434509,35.38343694774128,432.49820075163393,2801.528466133253,15.502057282291165,31.084005488860846
40.45200311945819,28.976101538615218,347.6718291815208,3567.015407404395,23.302035841519512,25.969369115071938
32.73841511294849,128.43424881352865,260.40052784315634,4972.328289592036,18.66769332507929,72.05570163903297
66.57889329992075,96.61629342298859,601.4248596965713,5093.626870406245,20.7695374004756,50.04691214109871
63.522171648561404,133.90090264009518,225.42287450701082,4459.182996692416,39.23067325018785,45.83381370481774
44.43412400510828,70.05602000054876,2560.204990625453,7138.124050333072,39.77795338664374,83.1831736419453
37.35115869920817,50.798562754426214,383.7814767013816,5285.56662477333,25.5034521073505,40.56103975963798
51.46690347080767,32.84107169707599,576.9334283573407,3985.580020095611,29.139888370472093,36.042287834137824
100.80045927226337,43.81303750083248,211.02672510707214,3208.6332319898675,25.901058802962105,19.154325142359205
48.82752889184451,20.043289997129886,276.4131542376019,3491.150458493678,17.755562110681733,43.602556213005485
77.11097406554683,39.855386437328,99.05538615322193,3487.2942697989,24.602560762302637,18.035990921872834
70.41480766802566,136.05010043356344,395.8155911861102,3649.8070689071205,25.699437399518025,30.20279123032955
68.87612428217042,22.84029572599166,776.2039756160004,3880.7163902221378,25.267769508420322,34.159044424253885
95.48411717526535,36.380180396554486,260.8024695759842,4990.815253739666,29.446911171242373,25.910844874910513
54.16188858748506,27.30866897371636,546.9442430911082,3739.3853470709487,23.065917829196817,34.5374168009327
89.56385238625631,39.700235261053244,295.3516276748796,3812.7950025180467,29.54527239130996,35.308643719909114
50.85212358428082,124.07239631446755,140.7835946804943,4038.0066677464106,30.623200333371777,47.03233517336012
72.6486583261476,128.9328849803968,759.8563210021014,4459.59271183155,20.439889797667036,49.96643969538967
75.87522021555274,51.971281209752966,267.63365034503835,3381.933279196775,22.44359998874799,36.89767796401116
33.611351552156385,81.59032180649076,629.7199987701933,2461.7502504279696,50.0081639534937,36.62961495456845
8.91797282890706,116.54334906154243,212.2958742782006,963.8015336961203,59.243950115728765,40.18311171541706
34.99117356357965,92.64753812857364,486.5570308505098,2006.8294100502721,28.601740200521782,33.982199770456575
48.48286259290582,82.48503223447426,583.2807464781672,2478.525654845754,27.18601544824417,54.82346610845366
24.35243359658308,63.759137753031375,326.77028518107045,3545.507143507447,25.33210424388419,53.40572772070168
42.922203605389484,236.26658084140394,397.12946528215207,3731.3972665046344,42.89979821456155,83.22103022607146
31.722032738238227,123.35250225896448,794.6431705761735,2246.0220379351304,27.500325556599517,85.45908587432186
52.154460876500394,36.560616872696706,1177.4184107135893,2760.9510580681444,28.28788100092978,55.204593190583985
43.93639381637178,32.173907131487766,598.2468665022716,1534.6613905400986,26.86833555436045,38.404548988046706
34.636738441583404,27.702768973368414,1774.2148627732645,1989.1230521344607,23.721569999382893,81.19331597345521
15.380819200023852,311.1147908199081,482.8627114209882,3304.7962083994817,43.588791323621514,58.55265640427719
59.7639862235214,28.70849232900035,698.7409669708,1582.8936846464198,21.478150914113115,71.04329526010925
61.231457413176976,159.49159725710544,845.1225480225935,7682.336731208576,20.93742836272321,113.41983611324048
16.37828176227102,36.66378170425894,150.84262954701074,3928.1136682885676,17.431288096636393,13.552717838764789
92.04084408598044,195.2436504839522,1922.0803606118523,4544.8787730404665,26.844582043031593,91.47992961620238
28.575854096763702,139.969945575778,2865.324058068669,5180.788333629082,19.744122688387197,107.3680635227721
19.62867026385637,24.316136430543672,313.33275794624984,2351.693084910356,23.538278260023468,37.34404544691597
26.880977434602354,158.2624003391428,451.9897843259333,1574.4344653938879,35.87101920585282,41.29239790726067
18.943539857456674,92.90638220609691,865.8679150460397,3886.715375896479,28.392596690375317,19.851853966521382
30.070676639812053,78.44168716229355,2784.814801165927,2122.989048305898,74.21070350259961,71.82875070912742
35.66619478962495,51.97099521012647,2526.245053897031,1293.8006426931563,34.781368017139414,17.25116206045412
15.07124869614935,67.96656605483517,297.175744516995,2644.2981150947517,32.288687286676435,27.169870725133244
27.56783551525269,26.807093057551796,365.3160974531081,1852.389069487852,18.01926050607847,46.35604777597965
52.36223584730172,60.972113345061494,2815.531820335138,4394.540016089975,31.89998587714117,46.985452274296975
38.01395990525974,71.74611441402521,216.92191620076517,1390.1403323309548,41.318065621254725,92.67682001807015
13.27654100699329,17.879078915001337,517.8498842930452,813.0898688683014,33.47386116183197,69.83220410223313
21.710015545210037,83.97453728074636,1686.5740114130108,2221.9502488125063,40.611931201346955,22.95484479313984
28.850708938618524,75.5020125517798,469.5501219455382,3909.013660557252,29.763576292038326,22.686962545780904
22.50010464251045,110.47321965345117,344.3846203035119,1401.5275864255314,48.71903382645358,65.20889951688203
16.006001695305624,38.487414093031205,962.6239658439528,2159.539799149926,38.56010927022097,9.888848387610029
27.047506098902716,44.31991869192903,788.6452633881775,1685.8370677530136,49.36430842523019,29.04092339244594
32.02028777933325,51.79090272798071,164.23114686151445,1308.7889084163048,34.878486036608,32.45760166057665
20.38701141438336,108.01268547689425,1130.4456416059254,3740.219457375777,37.668754024133676,64.99398603149416
73.02111338737855,407.40977036464903,642.0536749845,3760.252517567073,31.30342683384614,45.5835223765473
30.700210188893024,8.81486324753699,663.6506795341727,3305.730504951204,24.42525307493917,24.77356336960959
31.060594370906394,25.319301337952687,309.5457226821096,4527.988848273348,24.46990258235948,68.04359886926088
14.633028537269283,19.313725049600972,884.5578823364317,4036.334486427801,67.94796213880242,53.20479432148434
78.33593315450847,54.49244380457088,2782.668685105723,745.1875754142893,24.289646032545747,120.67158226112454
60.19610302831347,357.73092309404547,625.156843599985,4463.220791978145,35.016386778557475,93.51455861407659
18.00334997209606,82.48021697562,1158.184969968093,2613.976516309925,14.6037447925806,29.68608918134829
22.15334205601983,89.93234638511633,3222.290861519198,1127.1333764652725,23.300379260258417,23.18058719688302
17.773404115634712,22.707272692100396,1452.560541530383,1636.1481923876236,30.99142951912733,27.979803844889428
28.424799698942405,92.70270538388112,934.3203299970646,2501.763614829597,31.349208912926063,67.66156006749759
31.76117649798805,42.46166981681287,1125.0607152610642,1500.0113852692311,22.85628449853452,53.14472961827978
26.303212201009742,4.755031167750692,455.10474677648085,1463.2768065855298,22.835139395804894,35.617454741117456
11.518008474555426,12.324128758757379,207.0163556271004,1341.6179344018506,31.919818076815993,26.961321301063307
43.62392707916531,7.4505654413249385,735.3277780655255,1237.168186649155,52.780379826864376,67.91295265919939
30.418146554775458,280.30889580188165,685.1461084861762,2947.4126465847403,47.642892281961494,32.86527795834033
24.66629217672954,18.80510478607754,280.5078017829038,1853.3274785645704,50.046676295550256,35.33136060960484
33.5784929049951,105.27922143108006,444.68123925705635,4649.49328451393,26.23976976106373,72.19799278644979
66.86543615717149,432.48150432317715,196.2568462257969,4699.345148251299,37.0285597115173,79.19376609618527
27.48384847245528,193.57402372451185,189.9575310178967,1542.988090981143,16.96537684827753,39.97942518427231
8.777849559493335,1.3978899740895265,255.73401610481167,553.138679008923,60.63950021685375,35.02273953865536
28.580579098657193,18.247539689049013,1209.9795176724099,1906.469214820287,31.801191324111226,49.22935803788044
24.336861605407858,86.66661896391373,582.9765590305201,1360.5693489791101,58.087180925584605,26.870653584621625
11.900057525868448,73.30682943157102,1630.1614769124803,2263.8770655045614,31.628097854019295,30.60140208683274
36.28633442261743,320.0832969830485,269.5212508385738,4048.4310673438763,68.33016283393937,51.70702316332088
52.185229579283735,102.45970985949258,288.68253134103423,3726.104968520283,47.31662938109433,106.29723333068847
44.60166628476743,106.32161702900467,39.458802096876454,2845.8301299051464,54.77382506180169,21.42468404254193
137.71465688896055,129.9183280968412,204.6254547126041,2915.4769901587306,52.15709689797465,95.90787064820157
28.313100799890762,41.851087011634164,59.40039992522647,2596.5251060130067,48.73378410194604,13.788144800078863
88.73949009699898,74.30071985117303,385.11497147530645,1412.560447753871,71.02466988085423,25.05819010519727
31.96856713809267,124.8403979177773,132.44527852198786,3281.84599085196,27.373488031715468,29.523800299507485
49.641823282814414,104.76482486213108,97.68147855005364,3074.6681278082833,51.39825301309893,35.01529251432102
54.707325161457405,169.49921103689752,333.83148020800616,1183.6263343933629,79.55373558110801,16.85734401359402
70.86841676561141,58.66719494549121,45.60299418608707,1109.0906564012362,28.064865554773593,79.03325553249908
27.898051501851242,84.75654385500815,144.81009043773673,3577.3541913176873,33.368627026881846,16.41624935993546
55.2182520235618,71.54151951718737,110.3602566202074,729.3957887742175,44.998177554467524,48.954122919942385
98.5091641175459,167.39460982978923,164.07122372151977,1767.6725637235331,41.54138425356483,68.43275228251994
95.23927060675564,123.31729326630601,305.81648625275164,1815.2250365401744,30.483413838287003,60.215939428744015
59.71019352303707,58.468386670362435,69.80133741872145,3510.9834904884706,42.683738783176324,22.07752752163107
38.507403266909236,72.73131929187127,125.9589836825885,1058.5643164232665,62.210762788937636,26.153667702078636
74.31902933062065,135.9483278264131,87.33195369334842,2256.002593431424,72.37267988925075,75.32784354458437
54.59538829432044,199.54781665852673,115.70976839636172,2939.5915781455014,45.06076356109183,18.951036675633723
45.53229308701739,70.09303769544964,262.93618759832685,1142.8348604820646,60.310646758890016,8.284266128686495
24.131595120222386,101.48691807632544,154.22712165036765,2549.393799322624,34.49033595357201,18.109320637555008
51.35333535523348,65.95514025232947,222.50921175004504,991.9395404132803,72.23829210191685,49.00070642137698
29.949286625490895,49.27338949723978,196.56151453890976,3785.4204174371944,30.913932855401878,22.932579979114067
26.95502865945068,45.34759430657934,178.49046620256433,2816.782364695578,56.09844699247482,13.318874048571173
57.46110082110933,26.889412401063556,94.37610082402968,2707.6566395557224,33.37738854387072,30.577118723219062
66.54299959801266,50.29852183441254,120.78520305599359,1248.2869261949475,63.640529724604036,16.241961483001017
124.53008752713423,38.78563323447821,75.22891683537456,1040.9971963935461,46.867336159862646,72.09102572008776
53.563368531656515,18.641707681703988,38.366788702119806,1434.2765729521316,47.407917318065614,30.364402902603874
47.80240958525731,134.32251285198063,7.864679139663302,1607.3850854135837,47.291353410933056,59.36842689853071
62.21129736186062,55.88663348651719,107.3401003280124,734.4860332741541,71.49699379095425,81.68902070282972
25.65683227021833,109.79658054022482,564.1476602695033,1863.4005605354535,52.028339622134354,8.642674562778124
46.30285845952329,185.51335382464185,13.846389397207682,1113.8102658302435,47.172418925571165,35.307135240383886
57.53574738513611,214.39162808010732,192.20700502910063,1919.0281427271993,32.2062118483027,21.643365412461474
22.823742265664677,28.007553701976374,134.28513350056002,2841.073903873148,51.264154564077764,18.773450504204348
49.856271763521974,81.85042106346646,106.83747673784639,3025.7780475918507,32.58936058674199,27.443178017474537
75.19249449947284,42.378914752805066,82.90232460070982,777.8891770968257,40.24981630681903,42.48184734375929
61.205113706783884,73.58583405410424,115.26251036523865,2377.4618906385112,41.51209959784878,15.518995102847594
92.7781428565194,255.78566164756617,109.80248293090295,1138.3226833866022,87.58794511505148,27.86094076688377
47.658135682017345,80.40975289561801,548.087732800436,3016.8107208187157,23.434526303647427,11.964121506877717
38.806627939858856,86.41413670447568,57.41175322114709,4616.876991134119,56.51581924922739,26.021381800349392
38.6045349143171,158.6014978458274,106.88225166415286,3431.4251511253096,83.28469489969405,27.131634064093426
104.52561984489002,84.01894314176698,169.41384796553768,1423.3786697730307,40.46150249895626,41.83236876660224
104.80866224791268,59.203866842702325,478.0798316037187,1053.392538215864,83.2969742807989,66.95756908260365
13.930847902830916,100.60094017298668,23.513210212735938,1489.839757129464,59.94657088439735,6.811098785473472
56.60529218571641,121.1705542162864,264.5899551122295,2251.5346202908563,45.01514831718899,12.665965449919057
110.92784353983407,239.22729896104119,105.91900777365652,2480.033768267473,64.26026897144669,84.87963607270865
53.18963907862786,96.99551770343751,119.96346777849155,3913.488604534203,47.56078757264422,39.395477653004875
72.96057308043075,125.83410766371757,238.85795810474508,3398.809169969259,34.58920487679527,68.7461287407493
85.32512777310967,31.20367211727572,12.862496825666334,2136.134761290803,46.24562896877946,18.470009121648495
38.90068242954693,7.542819172493024,62.75451168520155,1313.562136421142,41.74565132753243,43.79856477869282
46.18199651303333,188.04384515344924,24.734723122642755,4633.531681581984,43.348310043741925,30.90860784108932
53.952647753471,33.10213062271947,42.080247166518085,865.8920705451991,59.73683487883182,70.25746438183972
44.079329055346975,170.5381642550818,277.29918657106106,3538.1466350728474,28.010984732433894,28.320344526530768
53.353963207270134,98.83447296212574,304.7639655478037,2737.684426126707,35.88636697792491,27.468583651886448
25.829168682567225,62.289272940288924,32.82435842597043,1560.2086919069868,46.218323765435954,17.80985796318837
164.4511255431741,99.34869694830914,63.93827572005419,1858.2240834013683,48.78354360370351,86.60498159102232
24.03587490385493,51.26676609588387,36.5110003064761,1420.9877907798514,49.33380931399665,26.160679320478497
160.126769803497,375.652882368456,273.84246417168833,1449.7260214096073,58.07074160331113,126.50319200489777
100.23647648878062,37.22337278220848,71.20989977435484,685.133666098954,47.30591947634275,22.304017559619552
54.86648820689674,39.07402463052485,107.11144819346475,1771.0170458895102,66.65291633793296,15.172000317863818
44.74259345704406,158.98566740280233,114.08748219062956,4019.823504949607,68.07683594201596,30.628059087770833
59.07870440882857,35.542724158929886,33.145614012112574,972.2098584682187,70.15442512099175,70.28824551810561
16.585593857979656,52.57833269119344,214.66323429370843,1588.6601826862425,35.660392889294954,50.444921718203325
36.332910347658874,125.59417297210314,109.82592288277063,3521.225841084937,51.84287253195134,29.87907760157135
79.2486842971376,224.44917934725189,90.47390568413616,3573.4948048451797,45.100056742930455,27.107768627213723
52.58089043521376,267.2982086160242,311.0882155518743,3204.7012685184473,49.691563546630675,32.33856476027028
45.71949235365885,259.725433445972,506.2644701154357,1885.9999626442893,36.73664050673813,103.82973455634254
52.56495351009161,39.94207411531746,208.14980523119067,1920.8201228791872,68.0626333003842,85.96508869915995
34.56609698119704,289.5764418324982,89.6022133372976,2386.3295282541935,55.107722912800305,37.37971003387813
94.03235615953272,164.57963300271683,149.7556835433016,2246.693259532032,63.685309176654954,73.04885616108761
41.014997784031664,56.20182481239037,337.3428255983471,2440.7400064196686,65.45426976481212,142.970601738546
65.10011586641605,442.1842170921159,201.56255915498224,1820.6579466544856,46.932754965921234,117.96367936033472
92.99116171557303,94.6638736941486,195.0209344467616,2048.5853117739,48.157486914447425,96.46341751461482
42.875617508218916,161.0827681570646,154.3891013798718,1955.450253922883,42.45285586024174,78.80711928697471
68.96530743651796,117.99930189966923,1046.8237025571473,2657.1816944146567,44.824400878225546,64.262917108101
74.22674230550197,105.14931771475526,437.8976605121919,3124.9614168059547,39.540647553122,65.86474184341253
82.57127626799138,125.60568660179823,237.37777600108188,2948.511113110159,40.56517856213626,63.47794472731343
28.654543116094477,87.22690834093221,327.7804877549938,2722.994569106203,41.01387948900136,60.932275421400234
62.935326138649195,53.93926943204864,341.24670894777114,4896.606813917903,24.876813619625583,46.111840555763635
46.49160086070459,78.04290404156183,689.0472885573531,3831.324633006463,23.931166300539886,35.39775399763767
39.33436271292328,54.6818834888478,314.54219402296854,4333.396192473819,23.22898082119299,42.09783770434708
61.53036802300565,67.2205471333823,267.48569925178964,4177.958136633125,26.802156698997713,26.77078641139814
43.71874089933873,84.23837219765663,190.4236561548979,4969.021026430464,27.753156819593787,22.34716024964485
17.06032270470604,52.13651451837936,81.24543558062673,5256.257599257657,11.930133025645112,38.45407456790492
34.13613916909928,60.22080800749603,585.4333817557092,4463.698104696588,27.665115934788474,27.429999110656976
25.475493674271387,139.7250850693823,268.657729237323,4876.019548025564,45.12341194685747,22.270350187626562
46.96252454901208,43.020354031345946,130.14348478823345,4514.179599622918,23.29406738187786,17.50619564352681
39.9883112260813,33.298492021325956,494.7496434558628,3749.685939663324,13.976231533949987,53.35068207348153
35.58299452804674,68.93351955671685,328.23226959633166,4335.712652719869,23.101802328450887,22.772703636166526
25.540062643653563,38.40289797758369,586.2126676483323,4299.572425666754,25.034198130011756,33.75914893592671
55.323920713640895,112.40904977020033,189.24598916550636,4377.06898026263,23.288642304729542,20.799747645687432
46.161135414882196,57.84558304229032,309.65867986731496,5549.879094306227,25.65791965638852,32.157662097364565
52.593535186311684,27.842749190275526,144.54328255184794,4211.279272447877,13.353444958460734,31.14355087096239
67.74057477450326,75.08476072294438,496.03092576085976,3808.5218793440504,29.458972459384626,46.12061105031671
39.86508316256604,54.924350646758406,184.0296541041654,4346.863587527512,23.793982540620622,62.49594817235515
47.195708752500806,40.289552551116984,336.69553331783857,2638.4266195689393,25.404093022329455,32.38126329230865
47.84880891413262,49.2812339899443,404.40604077115484,3587.2713894659882,21.78374104421649,27.201810036013413
44.178207597633374,48.6358336570797,277.50646064118706,5036.480582377644,23.30956499630561,18.005338636163593
20.737614547374694,67.78672606329197,127.87371527103421,4512.646491218635,20.769866850446867,18.435100653096146
50.73698838253276,69.47065751713126,573.2423632148431,2333.0052903515916,30.324476781350548,32.07277269899068
56.55422784261433,86.3735302432582,599.2344190840054,4890.440712916375,25.107094397923746,38.7039403317712
62.194109316827976,37.00814603061709,456.28613508506476,4344.643367251679,18.424043752563165,27.649904810551103
37.91599001881691,53.867848530991274,245.92003194928617,4339.3510366117425,16.563582461233334,22.512251676690482
37.221218284465245,46.34091374710922,162.5472302451172,4362.261051581468,32.09629910604546,50.796093299998994
39.64201612960372,79.21716563359736,472.6480792713635,4511.728431321652,16.679064731708795,24.732902603014026
44.47140568806953,108.0686122233965,369.2098931202561,4686.027694732415,21.920759471213348,17.720388798106534
39.63526348051428,68.92527871241109,493.0890736682418,4193.8289971307695,29.843143998307212,27.810644182701033
59.581107494749425,46.68039145266465,145.8114885458494,5715.038938716325,21.29066555409544,17.61280524368553
98.52065848908204,75.65130669648809,522.0938175791086,4341.163326771405,32.340063851616094,38.77333190045596
45.02840227439991,53.79305861607155,558.7242588728257,4262.738645587358,21.225604313074065,26.649822719528416
22.26815109371016,68.3015032559139,393.6046222146243,3594.2459409433536,21.3893580646195,24.18131447287365
41.68272585307728,105.52476034038152,193.20491984535522,5318.683369173987,24.615024198306905,64.57824997498035
25.67422014737879,48.242911731713164,99.7058273147647,5757.44855734931,17.1826760950729,8.864857408997077
55.73965488748538,49.93744795742245,500.59817387320413,5145.438355382016,21.266258072895184,51.73544953880368
59.079869123807775,83.9886021110208,631.1522135879269,4852.499277653861,23.900081657523685,40.80739567855116
70.8217415797882,101.21847644048894,291.10334860268546,2321.4125403129915,21.478949357093317,38.4036385763107
51.56347519595545,60.15935057778328,399.59482969989983,4058.326100890028,28.341834239429918,35.19186463285485
26.129568759028892,106.3164200635623,250.30689401469553,5442.3072220731965,48.09896172932286,14.381566679003313
30.34814483193874,41.34716510094069,812.6491574917142,4103.108746120077,25.884879229323854,17.076251370998328
43.04743015143886,79.38846110589111,140.02350894817505,4333.438799669779,14.678317694923496,10.898016857983734
0.0,0.0,0.0,0.0,0.0,0.0
64.32865577277643,53.72966287084148,181.537382566794,2503.671198055216,25.131264038209544,7.072281130414614
69.76398221247943,29.524925286535776,357.2668652920083,4645.12343755847,18.98175358303711,19.105720529136814
28.38650554313111,36.46842296350635,553.0774678739938,4308.947413708883,20.377031901047623,37.52035571805207
41.085173489938946,89.80399100807679,299.34254083393483,4997.909235735761,17.44918161822608,46.165493469286275
29.943951070536244,60.982767592308164,197.083126114222,4948.949365083943,33.40662224874573,37.73821300804291
28.84824434942686,71.36923358478563,399.6068478745713,4765.616876726102,26.235289123874416,16.941922126665478
26.84771082057604,115.79490024824325,196.22645952383365,4948.433609384846,15.873383409071701,31.89974560231323
25.617883175756468,41.386665533848344,354.5523208091408,4963.604771283821,27.718239115196134,18.580776611677358
65.03950001279448,116.01826120458709,162.02584763105176,3431.715018839047,27.094947599535654,26.48824059030585
35.84839505771382,83.7691646684576,235.01465780983935,5101.305573130775,15.043381442041321,7.3577594571431595
58.17809547600227,56.45487418975737,558.9255546557232,5600.764293679152,20.58392432801566,41.63539100397864
33.53407855502144,64.60929201185812,314.8437190197675,6178.25703491033,24.63589362068224,34.9487896206949
74.48400205830801,53.03665154347096,120.35874713279877,4278.467336070164,45.5256429474303,29.050534835977892
53.949924745191666,48.62470900523141,485.70249397364404,3867.762508278719,25.719670222123277,40.841665841349055
35.975564724326944,30.803032537603155,157.4785220652379,5264.8760902972745,12.737615950814279,29.156807376818264
66.1588506804185,101.64119481218678,169.10861185543143,6004.040717626301,26.90618377305558,29.619771179515297
29.91368047071321,25.008644812343388,2357.9616706674005,3994.1181226213043,24.391966064015637,37.18235964678754
74.18817559968596,64.28868429907477,431.7378856565159,4650.633057379232,26.77065585018409,35.96083449111546
33.514868009660795,44.00025436821821,534.2158764321755,3732.870176688595,22.126973066641384,29.365873491762773
43.369699020424434,35.41389191771164,724.9778690484973,4113.587463233293,23.741513280680152,41.634456730478064
47.297860850789576,63.486154794273276,180.48641649564274,5345.384048925722,19.864194639730684,52.880117377446346
35.891004445321684,51.34767776364552,662.01629317143,3490.323994500017,21.517919760113305,57.66658780788134
32.90241276023532,62.72376775704805,447.6140190772071,3390.2525314683357,21.801163519062005,32.73616834763244
78.9319149512699,86.65218963654195,466.8493588241141,3981.6004307407393,27.613147017871388,38.69211567424363
38.886983421287354,44.894412652426126,736.7171349406952,3003.426841128211,20.17457254321148,32.69841849760231
80.201464345681,92.1978759657753,786.6169828613824,2494.4545266889136,33.959265088741695,30.20078875655209
50.269670658716265,29.27219617178853,756.9864111721965,2171.5790660222565,23.246002769493664,31.666529196724355
36.22948350196158,190.45692164833986,1320.367009745359,2010.0491222072023,32.847443273296655,52.03099150686
55.789454701872565,28.27280379489461,215.42612795961873,2316.152252619538,35.01027645660315,31.283122081417243
35.085210764086824,59.832729184353035,357.53082309116724,2237.1515573390184,24.234653544884374,34.00522496029192
47.67613643979469,22.186366731785945,167.13237490154623,2066.160871778299,18.23787349084866,47.20700871688855
43.11770794314157,48.08033887518641,451.958812220323,2401.134226995982,36.09049650360704,51.268830996332184
45.75774372307433,96.51819318602614,547.121803373372,2552.3617191350154,25.450130829190392,50.326722472295685
73.10762901142427,59.957374177424505,800.6861928472574,3378.091526070052,27.420056513130938,36.255054965987526
37.295626214623674,34.942513665152646,381.744480299795,2435.5843157924055,11.45038276779957,36.468355341242415
37.08612679838489,83.96747534513739,461.4815355123854,3371.0447311362173,22.544057239857718,40.37594182097878
51.62820167842307,26.465522656615015,479.4692950175521,2617.5799866855796,22.484421558105407,31.003464464998068
60.67909387582814,79.46716928099042,655.6249579608511,5539.171808168276,29.72329246638443,40.95540619317455
106.81765364182185,41.11812854038318,428.03292678309623,2995.167910352377,19.12080073851647,37.553043524328416
27.091881937367123,31.07402903621273,512.1425818262892,2615.9636984337394,19.857879400209693,36.23029138907729
42.048041450587036,47.56526513964512,443.1962715391234,2514.7406238593435,25.887159169715588,42.85336847202145
44.88442927733397,21.569805880998224,121.57765418278997,2766.2101326179927,20.300486146685774,35.57531495595763
46.65302727463413,191.27313472574497,1013.2134135492068,2969.7099574035124,30.7728037439871,66.57311982895426
40.44703777731782,60.89087795736614,488.6106979962904,5364.533825121466,17.059801116194286,21.344963221967276
75.404209865822,77.87116005604884,461.483948929028,2284.267490526034,15.501191912530468,34.70863038085961
41.82193105265058,29.865068949926872,284.60942669395314,2050.828212790213,33.51975715735568,46.58549357885727
101.58971867807969,31.350089823333086,230.23542646559525,1901.3703921444276,26.168245458220618,30.80814106378128
53.006971874783424,32.210568292207604,1029.6837155063954,4236.851278011573,8.514378465787376,12.411236024003614
35.28826969577207,38.31589188135801,304.11124160524133,2332.0850984179488,21.458481083051897,40.16028231664892
35.11433744687826,40.45309315569516,202.240873921272,2250.4899618044265,12.631026091229058,38.96393057411275
59.787801629779615,35.42838248499624,439.1820204300346,2577.2423644025534,25.70239342835355,44.783126184037606
55.86104799244341,56.34566682623608,454.2207690807538,2310.17697080449,41.07975628798057,38.32059414947875
94.53270704714939,34.31078179612793,544.3847548199467,2094.098807692538,19.18322713600907,34.871476548299576
28.06017219819686,101.65966555957952,642.7928305848283,2552.29826862934,29.472913475528877,52.69383426296741
59.429296524318666,27.089375350320093,351.9262904363359,2334.509330212723,22.528319402191016,38.43572749121502
35.342054005342526,42.64831050972529,255.85086326762456,4202.988294644133,23.546101036317914,38.65054482140306
81.64280131607357,22.440720051200707,420.9860399607944,1858.6583691463275,38.19610759577249,53.10413602374878
90.7986883082434,73.24785655869756,839.5728039715333,2864.682306619519,26.598867719215775,31.167177309410604
38.56327838515702,102.53548901816382,731.857948003647,2427.6901197205652,27.551595385856,52.72814362913317
102.22836871160249,45.07692873897379,278.21357956289626,2788.650315896879,41.274238849786826,42.638957489393434
83.30724086287202,71.09687535268063,1277.927713205103,2362.1955604261593,28.138169836861202,37.74096873215719
124.05713865328055,44.50654067521389,446.951725649989,2921.332100734422,23.224749356964722,43.71107880958692
59.59046992176104,28.34758538517612,358.99833889065394,2439.4168684141946,17.904759740450427,31.401704154147588
36.86958777249536,109.55344613078228,531.2617294194545,3224.8964953530112,19.446209542685995,44.16705146536876
65.67420829839152,67.44852915749583,476.50006397608524,1821.8013205927052,24.430540212262642,47.75112232169644
105.54972801688656,101.69403530556065,170.5570598200477,2256.568427063676,46.05892663153712,53.45015009347277
20.58844226641451,100.92109252554322,1067.1454393292024,3557.0850083147884,31.612021653868595,37.013487916394844
44.085364046777514,39.15476041374534,293.2211881245536,2515.0580382462786,23.532694005882703,46.1499110318027
44.56277304850068,78.00137472188409,573.7387469269688,2971.054913166355,23.273770695362188,39.062614631380086
36.46849410780151,55.60462859624495,488.5827561586318,3058.40197959324,22.64001904553412,50.47097706072982
47.82956828427142,132.26633331101564,994.7681442885449,2114.8146539738505,21.155060931185652,58.72832391677416
19.514381872636974,31.355350574404433,205.80493051338416,2271.6439528828273,24.55634043655982,32.24473308715281
57.6621777194146,144.94940339538502,751.0179230075613,5111.702023056348,37.080653149636156,74.81262536629019
46.047159662845104,84.21763226311195,975.8783647608345,4411.948241241887,23.990725798418403,39.21091619310904
15.16371706867134,39.57003914661505,520.0479829695996,2921.697184456194,17.863922477200738,35.81059435116232
62.19004924276411,59.358844125699456,433.5936144613271,3134.739782512189,24.7315695948807,32.94748327004114
55.80277676647154,55.68154637008013,416.16374576887506,3152.4176235651876,20.11502187388121,43.617262773523045
47.558348144727816,54.38857609929788,554.5770133305824,2490.300424638782,26.57857655025785,32.46770819940282
49.82259137135085,86.63644442071205,482.7122331826634,1397.878089858835,51.245295865435565,37.6549920764151
57.067742492107065,25.40353193214035,420.07882773085635,1885.7976906576591,17.087674685774427,38.19920864147488
78.8897358313706,40.07821705106751,625.2221929870417,1672.8609711046633,25.103312275288552,34.33967106845531
63.59299519449473,34.00273426256471,766.1687968217911,1726.8606181775326,37.894136951688,42.106867686602385
89.17082986800969,39.8711727213463,370.2132441587981,2419.2027230964486,20.861009381165104,36.37189442029951
60.06053499443468,53.017586425102905,413.76536514940267,2429.8939766831354,16.565584541744975,34.811326015220175
51.36939649895467,50.36170550467996,358.0953321522201,1443.9221781862602,40.7446366110526,26.185177135157755
67.5476131568211,54.37954569526783,480.83074451848495,2821.3714150697515,14.588910835367853,31.662193801593745
6.23734053766183,40.52113503925193,352.00255307574787,2127.6972404816465,13.623128390140572,25.910683942802606
44.53258465154367,45.48033768810305,451.1432134904971,1390.9689413086912,26.59471666822646,46.68540459317798
64.30683019374048,46.49476139056878,621.1487561141671,3524.0371936482384,31.084282352866605,40.6563323631638
74.95079717919654,32.1523786384604,353.2071698650951,2536.8212360044936,25.789703872210083,59.23479410491152
92.66339388914639,35.355165186631986,465.05637981189136,1985.024583930618,24.909954262789206,35.76302694292468
58.81785884959122,86.99864779458372,461.4606602623726,1518.2295812597708,42.2709712249541,32.92720355410836
57.05033704303052,63.61599604352984,479.9245033787139,2045.936928650343,31.953496027500105,33.55235772342664
89.48115555844079,19.33522520862408,388.8683831390295,2271.3695272331975,16.104348459968907,36.445719274358716
56.40502872295443,52.5692365677082,447.66784235487387,2392.703754827339,30.757136753473546,40.93177802644362
39.7434386497286,28.29768365285119,429.7572014738276,2062.6176634769763,26.06200424381525,33.37048233527349
70.78770513293601,103.06121364501648,387.03445738961864,2484.43414720207,32.21583278307748,47.49881603385489
37.65916208898793,59.91599279983674,482.0295166502185,3050.7434957605783,33.426845792130656,47.18735536894242
55.937305607174274,34.6089513070755,399.5808696251928,2303.951973308136,18.88188180604755,36.470642081188174
58.91150559437367,51.338733155486146,303.6473936528738,2312.541981076202,12.537584044160369,44.47263817838008
72.4825389214818,94.48926623054665,904.3217868880747,2862.342885920918,26.8490755416005,55.357374858928594
41.5330636295151,37.04465300083347,427.17514805536706,2298.9405177601207,27.213616017518802,31.4055112636154
29.915248146237452,29.08301560245661,355.81981435736134,2675.1457638775873,15.77709630042372,35.38332640694031
66.03289981430756,58.810353975543805,788.6994483584003,2048.8705437414055,36.4230813688365,25.4621155566857
58.15109049421533,118.30180225139866,446.4771042250743,2206.3224461417003,30.75596332311827,53.55886717418262
48.025819275542915,61.1970504409412,633.2656570564568,2861.4040763587755,27.812459530251434,39.49878744902179
35.630303684318264,52.06864710282397,459.69747746594953,2632.7345603805347,22.42440354397176,45.92271511157627
33.717090990074475,16.405730829454374,256.27902392580097,2167.171720444349,22.404475493522977,36.51197741599379
59.072136533641256,48.897818999987166,596.660671154184,2386.9659797592717,31.789275336551704,46.99867073615604
69.76494592787192,44.36448019305903,1081.565037797819,3104.795388590741,25.14281126423935,33.58411377888594
36.22380633982109,42.00311866117325,337.3238940893216,3081.6029600216298,17.16456074501873,47.72555293339114
32.43663673744127,96.12303585447427,906.7923138966064,1934.2729615260607,30.504805109088828,40.69411062945332
25.78721069433214,37.572764709229716,251.2159823387813,2439.5505730112404,27.019547354033342,28.51980579246082
40.95598726269435,34.724121775506774,383.26782576411705,2170.257845538857,29.487426035309028,44.73098125266532
39.32142858442883,58.57880767734673,338.2220682050764,1971.8784693885607,27.089385531138593,29.62517608136388
40.162290936304785,75.68753397684264,721.1573319139735,4844.311633393997,23.753310429114403,29.7900222319942
40.83255582954887,61.530738718280226,704.5632997622824,1156.4387807810797,41.73999914083788,26.490033616839327
38.69386770215887,54.06629902769549,356.3259289673092,2487.0140392379267,24.27792229035763,33.626432254330304
48.81570813494423,38.85479013004599,828.002259886865,2957.8260832012156,19.496141869472154,49.93752512640779
51.26569581847182,90.64721629179459,608.7034162014753,2769.792729566601,25.773688133603855,48.60800937084128
35.862880225493484,20.023755853885902,262.33308902302974,1770.2780379723818,10.423669649907229,32.09436829983268
47.1015972230519,64.29943512138564,695.8473982369198,3017.007279384412,24.59859686630128,34.14568241021441
47.69383618442539,26.726584172779706,225.54995693761177,2160.510632338348,14.890234874484722,26.986899031799503
30.253101459731777,185.99837693712607,983.921788723362,3001.349060681072,32.594797120966355,71.16891997620178
35.36122270031918,88.21076465864782,1251.8315674553428,3080.2453101721294,28.751274847893615,51.95781650267051
51.86390967813708,29.8537339504138,368.9850460869476,2638.3148688620618,30.865344023139166,34.98051850747283
67.04631190703691,41.80274385042195,636.2336916853026,2729.6403157606696,13.638049880305179,41.23827134062613
45.958591863302765,42.381158574631655,346.79275445405443,2504.7206764586267,22.047973583280317,46.90660245099309
58.0338076634722,88.41301189736518,359.84987696779075,2136.5722844746324,30.10788081555928,37.14729521084706
63.93042131307986,15.662541438377891,330.5637853131118,2069.3374779232745,19.366902640926046,41.18377463880444
36.45131594315069,11.594426548994331,299.14205120111603,2245.7913750235375,17.480363399456717,39.88412969826629
60.63112310536958,54.118251822147634,316.54525410378324,2658.8221783697986,23.30541467955461,37.89661375468164
38.903438761642185,17.00984880106702,317.39505445111956,2708.697750090388,24.914457094706748,38.86313613570742
46.692196360208555,30.862497723219704,416.7300278797874,1899.8814732236974,30.945403471907504,38.9736970593025
50.87617506624602,43.481545143884496,397.64536907474275,2511.3034251464137,12.502390077901913,39.73467652427762
54.15436236285393,59.87695885915853,421.0078219269076,2134.7246370300027,33.34924377686068,32.9329157720627
20.010840062895472,90.2343843990951,870.4331220444062,3035.292782509823,24.644944053965464,45.73867769787449
55.92786644203869,19.817764742269084,508.20513669516885,1791.6200165774171,17.399448381066154,35.79920571454813
66.44697252488885,52.046212024636006,611.0833120275975,2097.0732629185763,28.288655344475806,43.79238263140452
46.810063060771164,81.14560320795258,494.9222789335531,3142.638455671101,21.288962132082794,41.54063160779097
42.80005181446154,37.4611876020164,526.1510290851295,2291.0615212954076,18.79616415833523,34.048330899608
60.47264332080669,52.41040017413939,795.4899455961878,3190.641895619956,23.652394884265462,47.28757286553669
49.5914630322273,56.74747289921837,256.54514966784365,1471.2411080753395,34.77993887595053,39.29779170880265
41.75626798066237,149.83391575552693,864.4208699729868,2787.0060694950953,42.558823670244976,59.698725266495124
32.29976366681529,35.70246809412348,312.36571130887677,2409.7121760992727,18.32852952503837,36.64284490465138
74.96359772506085,17.172544804418763,430.13917315793145,2167.647374938902,14.840407233471813,32.354925138712524
38.23034529463863,45.474048462428485,488.95221925810137,2912.288552308719,23.12106224937242,31.333874978924502
48.42826903911819,96.1215352786723,432.029959692231,2044.847356391618,19.65723373076661,36.006369195611626
65.85980181948963,177.97352917979345,700.3255064682485,4316.614355454791,29.35219047786823,50.821741283082034
44.47143782504993,25.081265294084798,300.46387242300386,2446.9604988032456,26.549288334037502,48.31872272393052
51.74851352165493,65.43683420723055,265.6395164823394,2062.189098823064,41.621459881769155,39.86589648639824
76.49990928042283,59.76673749675234,570.1613478196479,2578.189216360128,27.105527858045843,38.56299853544581
80.26384480308292,113.92804744216363,651.3235762925445,2843.5114264782583,20.878335589963434,44.73654206792612
52.645703592993094,50.61122450001148,395.68926535394803,2613.085153182171,35.98024394854923,37.16901415983259
26.507332992266054,54.65573999628564,181.85697504271633,2690.499792194602,29.62466395917312,36.472084949377596
45.245902980628934,68.34080428960364,614.6113836535559,2513.475120359093,27.371413978586666,30.614495172364833
34.51644962486051,48.11809629575515,384.5592670570163,2648.7293421152926,21.40504398245058,44.07491504231556
23.146996327763638,116.34275706304949,556.9934082347764,3007.0542723149883,26.611345195097165,36.935645507833975
61.360724111353406,130.57591761154103,617.7003240407652,2575.119138923473,24.713783639031984,48.46967514527496
75.96598599943611,47.48704843032617,717.2941299904152,4332.429460622703,33.72674084325565,60.41366770201857
41.26088804481664,98.5159037294529,787.74942484944,2944.433073080637,26.12813066667792,60.56111230317541
47.84170885805558,66.00560199375406,447.8139158514027,2671.3179753960685,28.86674680196629,37.370930662572064
80.26053146457744,65.93577271742664,242.39340005644618,1403.0359247209074,49.01657943573362,38.97452499685838
56.63705766912878,50.72109984122527,352.27258558579257,2294.2611792861403,10.945095846357658,36.213499898694394
29.60475689446786,34.09915751432903,690.9935666525726,2303.9512684274746,24.039944589359607,42.25812284600128
33.84497099486996,90.66128006019483,670.5906036621165,2678.849133445475,24.478354625641508,38.34944985349946
61.93201747986518,47.062284656891954,261.0650772364174,2615.56294533157,15.529243726452517,43.36177212962738
31.647871521989334,46.910177284921446,474.65561207767684,1022.2535891789518,32.119468435820586,35.813222024849814
62.64524228897974,66.7434673166765,488.025232988914,2458.464877719047,35.17994282708614,41.50508759838824
44.85193293943442,27.433326601253867,498.6860689145632,1751.4450136660564,22.35988845607966,35.31778218296013
83.47531257638268,20.202589536885952,285.81509708275576,2594.0387803196054,16.544223191558665,30.414833929541896
53.13859646210755,49.91842660469158,516.4637194619493,4883.500216582319,25.59564122241082,46.13253895023367
62.36327618278458,30.694533894397637,489.669891745951,2327.694446984485,20.975072762026777,29.126045329876312
47.73904843888947,69.9846721545651,520.9129306781874,1872.5065222528574,22.90425659999613,40.9268698723279
31.82509281101854,50.97748591592396,691.9489885507726,2528.089285122962,24.07006940456096,35.34520081819858
20.739743918870808,63.52834249717463,562.050655077262,2874.5984977136013,20.78856037712925,33.117175774282
52.578637721246864,67.07897035012438,326.0882357720002,2442.891265193339,29.844802197153143,42.58048982516905
51.82584971696055,92.12517703598168,858.1883123301152,1459.6185560253302,36.99496146072681,39.36850842820819
40.015633065929045,62.135437590352794,322.34507725360436,1919.9775531008113,24.403276006363143,47.41472095352715
51.23810054541052,94.72700242287783,611.6607787420546,2965.09200912145,24.81801684847809,45.188008491507055
52.1191532361062,45.32927226470847,431.32865073432,2858.263725982276,27.774151212130345,34.642056117701166
49.36398848565081,34.80345337025985,373.13275575973955,3346.2760140907008,24.372304591462083,37.34663904509763
29.56194230137646,70.73246022636332,891.7686862303875,1853.8498095682492,24.669845474649133,56.88054059915809
107.92653882090708,175.6923843814785,137.94353976589653,2064.4834826700007,45.857513847450356,172.48206212924853
66.26251083380035,22.776383905829974,180.58537547270913,1445.8714024493145,57.11473779333645,57.780204438344434
52.280937596422405,41.700381966963825,40.731147418882244,1563.964613332635,95.47600318333154,53.190463137057876
34.64274840737795,66.82799600385943,25.29771924807848,1603.5157905869448,70.47751743262742,14.192168645605744
59.97039042612021,49.15490451468891,363.49751304636413,986.1399655283471,55.34623891734445,88.78069343497906
106.59381556995085,38.67463319403793,74.94870475151102,2096.4011078939693,54.119676629690545,210.76235876237683
101.9875747982939,45.8460137541373,65.62962419009556,1344.5102132412926,69.89545038814171,105.05879272536556
68.7283126115361,16.64086683684427,129.56730612334897,1125.5707432058496,36.15197336918383,46.730121341541064
53.0028575795021,42.60457685219837,299.0579665077937,1031.5487233908998,48.61424952241146,48.579704979239594
96.72854751290593,110.26174088538191,160.93764118454098,1716.7588650669788,47.505308819039605,68.31770448822591
69.09597699437704,28.458870540849382,94.03267695815288,872.3855895687461,52.086242571355825,59.510023902401095
88.8788855436971,27.463621774383775,71.32456739852128,1778.240001891142,57.22671236979454,66.46216058418443
24.611959108771508,38.897110634340294,130.9554767745077,1507.2035532472455,75.43723917479835,11.35859447634472
161.86513867529214,263.31958277506584,197.6423297940703,2098.725283254431,32.71061546933989,192.24046944538696
53.642708322024944,14.77716235190414,121.21546249331762,1352.3872528361203,60.33135864915246,35.830237041554675
108.53056920632528,203.71836729349582,136.0896666269475,1769.3935395659062,42.73847322864714,106.34516131388303
85.92909595627228,39.471769049305806,62.35431059934843,1556.7793807624535,60.74571719185242,63.8551073790893
39.791919883271696,26.272021366211504,63.71908565518324,787.433304996694,61.06422543330556,31.7487300629328
78.22380378448743,46.92684015117005,79.25652158530929,1007.707419543955,40.318876586028,56.427810645696084
79.02148359974967,55.3240618072154,71.959333554446,1697.5438393097743,83.11666906503046,56.9852996977464
58.31288365761621,130.21445154962763,258.5949954947147,1440.7151489140792,75.2414704469672,45.747585542338264
86.50162346887467,30.68206549011621,43.79721724954068,1479.9205584795575,71.0737879154297,138.00883565673308
126.60583201439293,143.8960029713259,403.2943104886026,1737.855734627588,70.68441949599134,181.49019797781165
84.29529290266773,201.0957013987623,466.04363805750785,2798.110383233744,49.37662334395741,164.32142401333334
43.36715383611118,51.37866216250444,71.74703272290957,1082.7687830258444,42.871358315178774,63.366253689440406
113.48571524142739,35.5726484112727,34.805687331723256,2058.3654058022985,69.39609943210502,93.45395176781506
156.50932131834068,172.7792693551612,180.720150069195,2206.49882204945,48.816938155909256,245.4367875495647
63.06362682379396,22.282240252307354,333.42181847129075,1163.933326101543,66.59941689788425,68.37652653497967
67.02714229253993,17.062695613882124,131.85263186312633,1098.5124912970432,37.63031024346864,85.98639406467595
64.34373881470309,8.48198939372277,228.45948792712585,914.9819945147816,106.76290110665774,64.68374283082649
53.33740201968952,18.45522209553444,310.89435463718195,1013.2109029628843,51.606115994795864,60.3617140812161
114.0906545480408,187.44570292519694,211.1604986929769,2588.613776383598,40.2717085450392,161.2008533021288
100.16676354269332,28.676125084331936,80.67043475687947,1822.5375328344628,58.15115202078454,99.1661240863872
155.0241050033904,73.06398287914814,135.2392575180765,1844.8865667658588,46.108013623798755,195.33474169363117
60.14893563434953,94.24623696614321,297.8406615194999,1691.8312265697207,56.173500121188646,130.82231546078035
30.401301123969677,40.2561702184165,86.59185326832952,1872.126668356858,57.730511986617685,18.816610568217794
88.66546279416436,57.30439309426275,132.40147197929812,1194.3161749314293,50.600337250938594,179.28950140806595
134.4156921790522,186.46575959371006,416.1076463724528,2098.47057854747,42.4732465477835,137.7566800561773
76.8673915692079,101.05085539165168,123.73141763355417,1977.2436383055983,64.88151373481801,49.40251393985329
36.71489038174808,41.167208231833875,128.3525817367509,751.3722379889903,56.26649237605678,52.99791744900581
68.42317984441502,113.2127837345212,240.17455200894062,1691.1953220301634,61.70931701769337,62.60500872350053
146.11039720698537,135.3315546138446,191.9470357511284,2207.1324187060127,70.25634915193973,191.4106198370687
65.45622429732573,13.06306960237659,68.47096192469274,1003.5753675321525,48.74404109338333,63.49481634026958
61.166140799457835,95.54202503463242,256.81114065455984,1422.4653780274198,53.703095495209546,70.54514374953824
78.54358315740353,121.39345065107881,947.0223586041751,4543.484110698699,45.5285008568746,55.15959609392492
43.25124152967516,133.93261422266045,117.01351950684658,4320.633852773288,40.19046007219941,58.063876718512695
40.17003257532029,64.26340818646798,290.66632043233363,3702.323326782919,33.72344193628585,44.51612594425674
72.22760360042575,122.542009949296,195.394704422191,3089.2101863116827,53.49073837001988,86.40926181623854
47.02006041965613,126.87312121814018,186.08552698233524,3257.058366772838,38.98509476700004,62.090649614425125
71.65443543756916,145.5859722408421,138.78237104551422,3108.205673486873,46.90706470916255,76.60956386499237
59.97081623008382,103.69281318748513,224.8949427333293,3430.7405415822413,36.469868989584825,66.30407160631933
43.792328454356536,125.00611839277528,116.5995060452743,2567.02923890754,63.256388614439395,81.46107043306455
47.219320280804524,128.5588929857712,139.7287006231341,3365.480763791764,56.82658819933336,62.049326951425584
58.95441042326024,163.161204380144,131.74095049067498,2928.359572548862,61.494192669213135,74.58441056262362
62.7399700964253,143.86606856382087,97.52730295456914,2963.554326252025,52.21209548104808,96.13325299899037
59.68933710835906,145.81398938733463,157.35141686375147,3266.6443837322877,41.600356914379205,74.65922183697757
56.97039856199984,81.28553496128015,295.2924202827301,2904.3057253895067,46.50086903299638,49.6536216259897
69.09619532438526,108.25951326582503,402.5416516422774,3293.4497199078137,40.76982850379062,56.56896974392247
56.220537217169245,116.3263682673047,366.9321353692609,3029.0333802757686,62.49572489488409,90.79453586851436
48.92103652781131,123.4566008024352,204.5217543670837,2988.093964204484,36.96542795076397,60.05119293118059
39.824953651504835,153.2941607604065,367.6304921050329,2344.6599104949682,56.600896499287316,83.53510523580992
60.28470022392422,128.62660311331254,337.85497974471036,3146.3463329252645,46.65962720125569,62.392083521834216
59.46379149960661,129.03244680834723,134.26699835023672,3035.8887590754766,50.80216809260109,84.64166559924385
55.279713089793205,117.68579286396056,306.68436155253704,3110.8649861662225,47.74497986490154,71.69057096795012
50.16410860257459,130.97156533797218,208.7481525561155,3819.088297888591,66.69674112754322,72.62151608965785
77.21769745801609,137.87605855351921,96.01363573038952,3227.687090205838,51.9851370144037,57.88595613231518
66.45303655799113,142.19084306161434,71.38663035992033,2963.539821581615,47.89643058939788,77.5668843312778
43.188810080868265,98.13888658179707,158.80651066618483,3321.8596416804085,57.9655154235197,56.7719529577056
55.66388924730201,123.37670765910381,195.61653446349385,2611.1769213383654,54.79216004395126,67.76613935958072
53.2798091682824,102.8172200389298,346.33655672003437,3153.2552611552273,41.43367199753181,62.12295841434952
51.452994934221,70.29312851116272,149.57141595497205,2659.5651303540944,48.17617200792954,74.11147584025319
58.02061120593038,62.438342265173674,483.46804839277206,2802.3749699039035,42.048454981607264,70.54767375147003
41.49770513628751,169.75396392211434,247.27137850981632,3585.9608926704846,59.75033153179477,63.69138689420419
57.46939650668883,122.21989912623863,281.613181644432,2801.0022613879237,51.11388590744285,64.4540570165966
65.23580962235481,148.50015385656275,513.8370796653778,3527.233080613275,47.13540280330466,63.58019021265386
50.91748836957588,131.68157844085923,312.84063583908,2803.555451829984,52.616385693457524,54.346025962558805
51.69106741646536,103.21614785357369,221.4981472598347,3035.6059739506163,36.28020283504111,58.404615510872674
56.980206743173554,132.4856201730756,266.3104532136702,2902.4640232484453,41.588789063835,61.06030919469851
60.90365450268791,107.65309364724968,195.25750200605086,3569.008302826139,31.829374968621394,48.72328654712749
53.91068699673663,145.32546527536064,158.42005427907486,3300.9049033733327,48.738653545066306,58.702515154099586
68.10809595615143,89.01452886789069,70.94338092076215,3022.4877408605944,54.25243908222947,64.17038125726069
54.12091816007245,106.52201739609286,149.77744267231725,3323.2499351791935,46.389359448726964,83.61795919372102
52.026638955522074,106.0489564322346,176.11404256154404,4072.455295092303,40.69806062574128,50.37722156144708
60.37052532925517,106.2112939606787,255.52872697364683,2891.2344847215754,37.35119849488826,84.29706788624675
54.44979197766235,102.87209498997296,253.67741424496515,3451.6810298631285,45.742713796663786,66.0042445929199
60.600855469116276,129.354815127551,212.5430816886583,4343.771853982844,49.7890986757892,54.57102197669242
39.208259670355986,137.07865623890228,32.236692259955255,3038.8575240570044,68.24237796256041,48.69857681558625
48.24226972292972,99.82494748429072,272.7589082947396,2365.8128815479054,41.08787618899744,51.993458530287796
62.72514000863567,144.28139336686255,269.08232737728423,3027.1323912092016,60.64901469166009,79.76738730812906
54.944069960931515,109.55466554004552,77.09441760021403,3046.8250670079847,42.14167978933028,63.51052412007547
73.09817531189617,133.8942996116939,100.17164907613555,2925.0919513732897,52.76676382732102,65.21907918797581
52.241044723064945,125.5353775151204,71.40155378874891,3438.317713395311,47.88279564251307,92.51343606735111
42.45544386209917,120.39923693484378,48.288584479926435,2750.265911190742,47.07910098509132,71.06917097943872
52.14897570663597,104.33571602811568,241.3446037827444,2590.42018362491,60.80870869346081,109.64902963319656
77.18784753965153,92.47385846627138,152.04781192549257,3494.6386366932966,41.71459347306005,63.49704755942021
58.124818162073865,145.21860613193243,94.45169608761307,2850.1380253127145,63.14678930364354,86.7802316739056
51.96732449029238,112.30040152650417,101.5222619759706,2542.098623791349,47.4097429738429,102.90886923109933
46.29205767635015,104.72458380666538,347.3920007178745,3158.058511339221,49.711503131049,65.0833832750925
56.569245660090935,174.00551870969488,272.84270383552484,3368.5986111158645,45.364633757549385,55.690540946965555
55.678964571556826,106.69732586608373,254.28988997352283,3315.337643107542,52.54023825664867,64.26245916457486
61.17523934076756,132.0618342393011,210.20315429401438,3133.625481774283,51.359951669404786,89.37415108654298
62.182833447887624,158.15248796839342,104.64170872615034,2681.2473443773515,46.56350538591505,75.10133155516337
59.36568017874865,124.55435454854648,462.58523832443734,3253.2032369139897,38.375523479278684,63.0514022515102
62.94145313226663,84.72970665811506,285.3787254409722,3912.2194325594983,31.211843069123535,53.06811978238575
59.8424522093716,85.95512165245118,317.4010029859934,3044.6319740057857,41.68029070197262,72.93257960506304
39.512374707154976,89.45331114955536,145.8518785053706,3234.081003314702,55.89226367860778,56.740590802029274
57.09670381941066,111.13231346385307,436.24930501953,4385.032198316809,38.35827938247876,59.942394861622766
49.25037456736156,126.84564800124423,96.82439718048337,3136.408743740757,32.63193341751582,66.42041947346092
44.416014574949614,157.6053057938781,146.61794130441262,3913.8407250733367,43.74925117077697,75.05406705342132
47.89088974830233,120.83813873649099,82.12757491661753,3450.903908321535,65.77812197334787,64.78579143789716
65.22271801975909,90.03404240517261,199.37962151065943,4610.003034536269,34.12870292356173,80.59478655395216
59.06792660157676,112.34958814707306,155.05180263083963,2768.5898144303237,34.677424071160836,52.56071194962822
55.97231267781666,126.53404569190032,322.7130155868854,2921.4980386418056,52.18817881155647,71.36086545450368
46.288230110537214,137.92682002862753,288.08425687019445,3020.2314382883706,51.48286868011428,56.683688440753244
73.78341216664826,133.93593216075462,57.37997856524707,3350.0045786503856,53.096937261835095,74.48391148966499
48.240305481273154,100.39331354927012,92.51103605057857,2450.770757526087,55.00674493262136,80.67956207328055
48.72549460210033,62.392359265855106,521.5511787774013,2993.693603483108,38.99912517094732,61.15523469013805
78.26517339098116,167.48874328254317,76.04956764662087,3477.9050802907773,53.4161922137829,79.87972707511932
70.31203863454414,139.62618891711546,261.1809665580938,4179.0984539023475,39.83295572297156,51.538736667920794
63.68126460254237,125.46726859485966,340.67233575113875,2596.714018565339,36.53795535698671,54.890581853074025
72.9164577335715,118.2866590520758,262.3612792363805,5361.875030670557,41.95746835482217,61.008493832459344
53.40714066316848,111.15204432814537,130.71528825715063,2455.4797473994004,72.82844153125163,73.2475948287922
55.77010889714045,106.66466429889869,296.00372643159744,5102.545478301608,47.528497492361886,60.9651548678662
32.67127875550145,89.31900996877982,290.31195255872575,3568.6847679396155,39.83404119346918,81.68062376725092
53.63083801322919,118.43764092485674,201.43223462112306,3033.705685349724,49.8178610467278,65.94579614598139
48.258365624987874,76.41320432652643,352.09529437917223,2504.509706628469,37.29756504118933,62.23521080752033
59.27864820202806,90.21232420345684,390.48819346306686,3292.6673203294117,56.587930534232996,49.21457866982327
60.68703970666423,165.74192945807948,304.5620909484483,3088.5059977067867,55.84642132395121,71.5711104121014
44.67660827969503,126.25998008319527,64.35679479905416,2748.5593816648634,37.15736271578601,57.65826327678485
40.00554858314709,134.27119810580348,122.18347587079381,3091.7411580036555,42.706900646867055,60.49531696754937
50.13445504343035,125.03699783666885,238.61529940489243,3684.3036244197556,52.607735395777986,67.02043107084522
55.563335408461455,85.59190923987106,107.06017759493639,3152.5888872328037,51.95880168379776,70.65095605464812
58.09509237451256,121.44194392164253,44.190884775086445,3403.2112327678387,55.02737499555073,78.71269174018175
70.12725462831736,171.67889315750074,619.49034724766,4143.583295956108,61.149518735289355,93.85796666058675
52.022905850208474,117.23797281394278,222.56193475441822,4103.554130067807,46.8428111732198,50.06187605916756
49.14824568921956,124.40473355181555,300.8324614481466,2623.4377087259245,53.42207504990649,92.99439491503047
56.84589372898208,125.83855462144399,358.2187276281559,3018.408335221361,49.77261054813612,54.517900933656904
49.22319762709772,106.94337889006539,56.778484814774664,3326.1204581926395,52.33486092910092,67.35333121778628
55.76604835166906,105.52220929679628,255.4440456412955,2942.2638247641908,37.87549726712621,81.15477966453167
47.28431769418822,98.94230252342709,228.90651025827486,3262.964576780152,33.9683384428028,57.77580020990831
53.71794329913238,112.11957700529194,281.66671662576704,2562.1704169320774,45.010628431401756,84.60726402340785
60.76524869407465,124.63457937487114,56.40745386795423,2620.2247144071152,61.12707559870828,65.46734628708703
64.14274685242191,144.705838233508,119.3979817579916,3240.6534743513657,47.865778399735106,78.10082898599671
59.554860155746965,91.81410217736071,292.2883276487404,3226.8990202731998,37.04212773126456,58.345165703328895
47.032245108959245,105.18015032047875,315.54845543148224,2720.156494232572,44.148752341059925,87.06700921918242
54.760842278398584,89.68513805525541,135.18752778087398,2669.3113669244153,47.24900223416206,75.89039646971018
39.78857428490486,99.12952811556568,485.2865332099728,2589.4671729168003,53.92767439111004,78.59097163459138
43.57147521108756,121.859707999379,105.25743541327071,2541.543297399421,58.1869347988917,77.90059042581608
51.67196749918883,110.9368323863545,532.2318691446255,2561.6997464368596,47.484268108404464,65.26635152831682
32.734113985496165,96.47885917473087,306.92985845311534,2692.5478538746675,63.86788058214291,77.39980644428172
47.697877168468,111.47520110288343,236.08044282376108,2438.302250362174,60.99493343653045,77.25921503237001
65.44176671946148,130.0677232878796,170.94665254827,2767.8546794274607,52.32205547779342,91.80011275846849
85.79260538333818,82.1303012452456,215.9369278962797,3281.1671103858707,38.48276927217373,55.802267964776355
57.8958308924922,130.65129805595706,156.50618195208605,3418.9871708503074,49.48944722437692,89.04932596843803
97.41066035366067,112.87061804943295,126.57789110543911,3280.725804515876,54.61740211950149,78.20482331210711
49.7738710192568,50.141091601330196,187.37200947854373,2613.559854742165,40.704640700729115,53.779489867412025
30.766086954458146,143.15836964027972,134.6140151638593,3375.211464319548,47.865572436916395,62.29379121586882
51.51388369125118,118.12977668310562,267.63398488578275,2917.134592048295,62.59213584870133,94.28084486019276
52.03240581025867,147.11294897957046,290.0537136607782,2880.2242453813915,45.34427851527035,61.43049701617872
51.004479325015545,136.47694269893057,257.7191131171737,3217.2453138136607,51.11104557965393,60.42094180168822
52.49626951304029,100.59469566535567,849.033453041314,2695.8597697887726,35.66686142016834,52.2685933903317
70.26463109132307,109.65407007658602,331.6580936199667,2593.2270274959537,64.80938962290897,68.83491578538717
52.437066348699446,125.62480319381132,209.7502668767962,2952.806677087395,55.0976452191759,69.53675520364799
29.637347474613914,121.8985414671156,145.74932876167705,2778.4743869657405,60.604696843285055,74.85236321290809
66.48143727564229,96.19854536099959,118.8898832365276,2862.6339567920513,46.06294968884571,52.430277477936066
52.91679327225546,134.26506733134516,57.57163687393491,2503.3316045948595,73.98032897402081,64.88523349412814
54.53123550564056,84.24462010800207,258.38311321680885,1994.5514189467071,63.8927340860999,80.52835254246496
48.77046623458548,75.20342132128145,433.5299293474529,2113.812953392896,30.089917353034846,44.875483583564204
20.686207971108352,121.53873386827917,159.60658002254047,2603.91870133493,58.680376227116554,74.27263782848608
55.80154485643701,121.59910591533226,389.0636985426654,2155.5523532541483,42.94339537036419,52.61111644993629
87.21992435790338,120.87328032315804,274.8946503755032,2502.731634643551,56.61798650906162,70.21710053749952
68.46061739030452,134.9580797284635,406.6132457993067,3025.4965628644286,52.432343961494624,72.5051419311127
39.004849802685115,133.20141261895824,320.73680731889846,3002.2340750512676,47.93167284523354,68.37771072747215
52.96371005884965,129.6539453026982,475.6059933285584,3332.676074191346,45.50622645915234,56.90720678053722
46.5776003737893,132.88966022092026,150.85383588560583,2851.746405589986,53.06991806238023,74.4285113771293
39.58915721329286,126.45821042275276,224.38971337069313,2799.725047591619,55.83343696287203,99.694979558543
53.58985593410067,75.80699595868903,250.0280142684669,2300.3015067610418,32.487925733794064,49.71039814536382
39.867379167781166,118.96934073672308,379.60650869847905,2173.1870695548637,67.53104891219772,90.0538254640874
35.90489169414124,142.38299149088783,86.13875902185949,2896.977992357438,49.76911191494253,85.82031314067791
37.66024844823475,121.94627931973818,202.4528345040157,2891.2773202515446,51.46661800984894,71.26708085522874
57.92789590626176,105.42104539832867,81.29800844009768,2551.1941600614464,53.27800583452472,74.05789091193381
64.6035910522567,74.64160356162485,251.69119710593114,2740.465084192517,49.933754991280246,82.6404347790164
55.81084398699749,141.0270583625006,209.76384922588647,2437.1326087195744,60.47859328028122,50.69834502861548
46.391900787623584,95.02337921093448,65.44919325751482,2606.790600293086,51.08287523991023,78.32990668201488
41.33428256840515,74.28700589998795,266.24242096991645,2244.906031537608,37.00372611483794,66.97560870227287
79.20704348025018,102.44526618838121,534.7172979289103,2622.5871105052597,52.021650618802724,62.37616191139332
81.92453784521555,150.68509866478175,118.99196422104492,2683.2198118144734,47.77038608810411,88.56323185380757
54.53542696139079,152.69671466930834,253.04760441020244,3197.4904880168842,36.950191095919436,87.21328584818846
31.164466929503032,105.89501395558105,465.94327907597574,2563.385356131229,56.82961652750223,69.33152534615166
65.7392424199741,91.80626067226117,305.09808654041746,2854.471168943175,66.28395058338238,78.86911101140817
47.301154487571964,112.89300140200642,79.2280437608903,2716.2935231256406,59.312530489390625,63.52507856802054
53.038154117756726,139.43859976566057,217.44654587120897,2601.130265361976,58.95903675443833,74.16034133090827
67.97744773593085,84.39296388846876,183.58011670405955,2731.316380162838,49.765079813506844,57.472867275805896
36.13093914940175,116.2354567902894,307.4179926869751,2289.47102204994,67.53323043945569,70.5876502307596
70.5503002921558,130.58369648151566,181.1298924571971,2763.95637704912,60.18389818246147,108.65902403625518
46.516899046770504,144.77291016203068,56.07063898093298,2883.8137100573076,53.28595851576529,54.20362195943408
50.245913974740475,122.41116566437232,203.56698328027016,3197.6856943596617,45.43989698937661,64.27803107313737
63.08616241916334,113.81952504586485,218.81268037896615,3091.011066716237,52.53571258201414,72.34562947443621
105.61174539136854,81.87999866380095,149.7585079887127,2737.8817214527967,63.348153824333735,64.6117339080626
68.69071561062125,140.5216532707277,361.16261736959603,2669.2709984180547,61.7878814266699,90.96173933325579
33.89224306934793,111.08025586720441,524.6435523229009,3561.5808378615975,53.41001058411716,74.95617172525417
91.77025394892283,110.38965132531857,152.57370036653035,2977.7020349004943,50.30999560575272,70.60567691675914
52.77299758638145,118.00418218400802,280.1997243189948,2257.3604382552276,63.06216284966797,69.81028675102061
73.40924033605779,139.1481432807285,862.3105705408243,2792.694832100261,52.7028662866436,44.304179585504244
82.06438363663355,111.06720934197543,210.56105781088945,3318.054543438846,45.72098636162591,60.224220636757316
45.54140287536818,116.38091226723921,149.3864233713895,2855.658576750144,39.29305722259369,73.87527551979346
26.122874817389096,101.37656884693078,207.8967572112676,3115.3170001343788,53.34915174314971,93.23762648814257
63.240974261620295,99.60265424148545,133.0788510272747,2482.745717458608,42.13419790257256,45.877646033690766
45.039527434511136,117.33665701663568,525.6207195810083,2608.154183675765,59.6112245235095,62.029818368326936
36.86161000323131,99.68467347579107,92.25554922303056,2723.904641825049,62.46647537318504,67.39215985354777
59.145765286534676,140.02189646334418,153.79792528473826,3102.360806391497,38.692473638634056,83.92258773404605
80.02075786992266,127.78372509804932,128.37865672940487,3090.6085095524513,67.72844268719967,70.43047533597434
84.09752827181579,125.6310140462543,711.599042068213,2738.8847626586175,56.60275113780178,83.67512595789724
45.26641210623147,134.31511407075777,187.62242961240838,2765.699024865954,61.64654840217418,86.54615535308804
67.32972286305687,73.28887789499875,253.93428915796454,2652.0637994043755,44.291226088088436,60.43159601597079
44.143352803580036,141.7390062556861,367.83158706315425,2738.6107315118697,65.25875169191049,76.57271630458986
63.578121910605155,68.2396075789984,134.46374947237737,2892.126382915888,79.21772459343956,48.09906736197099
39.96945189260496,131.37641274724083,239.2806583885402,3339.4107685885883,50.382503511598856,55.52334665785404
66.60722452467715,123.86175559375708,123.78097415146306,3138.5673622306695,64.99766221165437,83.92370174953798
53.983419818499364,106.34701254049456,286.8507728851833,2527.8092731976117,46.63753021704248,54.65032465530725
69.6008945841183,125.51252663843017,101.37193428188144,3061.515359930859,53.35562034989641,58.53231834780814
51.78230921034372,135.41184557858875,102.09789831503328,2784.451561438006,58.96007947044604,69.8471632272027
62.90681767522555,155.65325144104406,216.67712067937111,3247.8898468777916,63.73053683005277,68.6683027068668
64.32448360595369,96.55378850402329,569.495904479663,2305.8017788522025,40.207033168069515,56.73883598925066
61.35305504839798,102.94753711419261,264.17483874058155,3015.750070716872,58.64517877993808,90.17874354182376
33.37511497121406,129.90156150086491,131.77800105040527,2462.2434367828314,60.28857892506334,90.55815852529
35.3888062381702,72.71926182359874,253.47231742666372,2805.8014045079653,57.88679339348296,115.17756867649501
65.8895621824489,136.51812901190317,231.0026874851293,3898.1032834949224,47.8913129552879,49.984177896642
56.66029683922529,153.41557433640725,113.10008030699315,2594.2438504136976,64.08480218394507,64.39408068166735
48.21223895092188,113.02243924657014,275.1309993230333,3339.7414939456507,54.602743887587295,74.90072481422945
34.03202505967354,92.45941935420335,547.2528103378979,2322.3868293423184,51.576663908200366,71.6801150995145
73.70185394954932,123.16610901406335,114.20555322985018,2721.178457767395,55.19210832623152,73.15590662103493
39.132512132811605,125.24370577384754,334.7107305442919,2295.1376172051505,55.54734525990893,55.48981078843558
65.54406808764269,101.47615537121959,250.67030555883454,2415.3449889606895,45.483900379963,56.86375191948456
117.06737306858632,77.09214301451443,701.8750957198727,2621.9557686343605,50.846255718676964,69.1095098600384
62.69107184831863,113.4594743088523,209.90388871453635,2564.3160808519233,53.75962014816816,95.38953402617165
77.73518464562359,127.23967421365559,371.38357648079636,3090.0078353023255,59.66567556392035,72.84212804145989
51.87030962276963,107.87907952005845,71.99327228010941,2642.787968557946,59.01015521690259,73.32975777099831
46.52417709133158,106.90427351394234,150.40026571495514,3555.296385806083,45.00599535354186,35.30180496903143
62.08641731959694,108.15199264973691,233.98640366909086,3647.1266694297215,57.60153706171715,26.887988225478033
66.25716694074679,162.95867902654706,189.74360808432317,2860.3116380246756,67.75979487263679,36.004564199559695
38.27650633520709,90.81228668581426,209.72965171678874,4847.860966013813,38.92160343813527,41.6315085827801
46.23651466109703,135.182086434431,35.483795836918596,3784.893294268662,71.75156303224874,41.57030616324987
63.760393235610636,115.01677919538176,296.66139791562586,3548.197664156216,61.89002768004623,48.73283994327111
55.02919698262059,149.88355705480043,63.258911326164686,3236.0920428672753,63.28836592688114,42.5008233697068
33.44099285869882,144.0905855523257,102.03723592177039,3878.8033313833294,61.779310281956974,32.320752552440105
41.50113414246272,159.26439999827485,99.52100493123862,3027.9832601806766,64.77355397607755,54.636652319058584
110.16486923250365,149.64686841434286,126.69698921158573,2939.2178842357243,66.74321901972924,34.68543723023675
18.218998712317276,168.85169319256624,63.01008871091715,3850.668227912948,61.06720461222388,44.42472894860069
53.54837696467084,162.4254909828905,122.98765834425048,3479.8710231532423,67.25373098377788,27.700757191707844
84.32154667944026,168.46181188523332,91.10726849631737,3731.2723119915695,54.4503675670194,51.914178837317195
49.06895702420823,163.08927264757105,66.9495796227637,3612.729780990468,59.258897388020095,39.39596069093869
40.86169215497209,101.76157680181413,100.86113660467598,3573.3670395616014,44.960359118300325,30.49736739407844
36.14506488021718,94.76170839815612,91.13185759624501,3280.733670301053,52.31565320392022,58.498247109179324
47.07084798022743,156.09299140927487,44.5029941970916,3299.179754629729,67.74967771834702,34.87620235962786
53.60448901950476,137.35418652952546,79.16292223636874,4753.677537518225,57.85581478116713,45.05953265894573
53.460594279073206,146.87630848679996,41.70672588692323,3596.089010079271,70.48897105718004,55.14378380656852
37.11270942661678,101.76808566324797,100.14920082069767,3684.878061400146,42.58875039849086,26.306493686817944
50.995647996288255,118.14291214089135,64.33322721216082,4204.164697878195,61.13859179566243,45.659828657096725
60.804014553046315,155.3931184027516,38.680392026392795,2522.5759586617273,66.47542307117686,56.30679360304715
41.10272707783257,127.47823935029257,25.661048319660217,4052.7445244372934,56.68588770478028,37.03883288143952
71.57785799863923,118.58484760628059,188.55184909885577,4113.77350594525,65.08329125231624,33.926551992849596
35.65083885929658,133.72979748463788,191.6267530426432,3755.285471387865,49.91445047818243,35.982875967686006
55.14334980714894,93.07564860841457,173.218922750764,5247.489193572637,34.06905884454708,42.31010658077915
27.270088523061734,114.68107024801894,42.31610304794411,4504.516091103721,39.54443350087289,30.38741648260364
63.169774288223756,122.1400147437316,92.35214294401992,4267.960396408972,69.84673945129856,42.14852001776329
36.502056596840674,107.88206690080744,36.3024701144807,3062.474460154107,43.06927414932176,53.89658842039924
73.61772437072344,148.75632650897788,47.15293310372332,4799.452439481509,57.26024228631376,37.723883092478815
60.16197066150695,185.84900743937004,280.001009874796,4448.563759043312,61.3057930749317,38.96457632227491
41.14096762394865,132.4834935764669,45.00544531752868,4020.651200187322,59.547315382750256,56.72219270479508
57.01160523651026,163.25761740958643,54.66224766201103,3344.9465073702886,65.45224268234189,50.81761394743147
62.843110438723144,158.50191691945312,137.6392063957026,3439.962814599592,57.777693250880645,42.51223736148417
38.7330333420506,141.29695225379825,222.93434339093375,4419.416679077709,51.0557506939904,40.21314153289863
41.407290870914544,163.82039727048743,78.35755588040253,5590.824220748338,50.43093120338173,36.993284541409736
45.35323234309949,136.14706160013836,85.65069459012798,3602.878435120451,58.73981071731518,38.306347684530905
40.860444066997424,163.20329338915337,42.705451694701644,3612.8048296104807,68.19550437551558,42.82910286295238
89.81293914784368,132.22884107512976,101.98640813100741,3589.3349196249505,48.13204033994634,34.42821121808342
43.24893934286864,138.45617021538834,65.90364826762634,4005.066182062346,53.705659128746504,37.77160230358335
56.88434985687198,173.47361626600147,65.04553539984957,4945.985699283073,52.882134507215994,49.74024874732256
39.65856244751971,148.96423718987714,49.3643212997285,4012.8056487621525,50.61580656885655,43.44235712870546
47.08132141809777,115.76275490728355,51.753957121567204,3531.710525716597,46.837520928576,33.178280288526985
51.40913748005762,86.68910511852121,147.9501511777629,3609.3133364821956,43.72328257275582,44.7813521837246
29.31829336807181,183.11850779735119,36.251696022480466,3345.750627936172,71.39054260294903,46.95911884516039
36.261624471175864,156.0722771795437,16.85356609711479,4133.399900569923,61.414320725541586,45.5452166516979
45.23983542097244,109.05412242532013,105.2345747296395,3533.677623047484,60.78337473889137,30.720068955386374
75.03813471489595,119.98334932959621,69.21865425349857,4329.629099615332,50.946897975128806,43.18635550868696
61.61083613583056,97.59218356707851,84.62938563485827,3401.4944362842134,69.23076187926324,50.23766070691519
30.665881368181093,156.17436210133957,103.81519972643734,3655.1230291337715,58.99809748684171,42.006387298712454
53.65845556837182,88.0414764461382,134.1832193427296,3059.9339154329637,42.92163894607874,39.93482668566824
63.3255163777596,66.3385097692484,107.21075824757096,3328.678573573633,41.81870345470723,49.03721518247737
63.953677281394754,155.7457387211378,23.561622032481168,3448.9084111257007,58.6514182672034,46.68043593363333
55.02438794191944,109.91151213567247,155.83408864611286,3418.890594854975,46.64786523749858,48.132614983434074
51.25907615604437,171.84114170025398,69.74459784744984,4235.755188648425,68.02966509110132,45.60747691980005
56.73754174040624,95.36765308887743,106.20157002885378,3600.206023188249,46.96665051330032,57.967082139126354
56.4742776163028,124.71170970500441,204.72141737565437,2983.2487997482904,51.16588295685713,42.72870190592124
89.65036186066322,135.52143686952053,149.27042387259226,3162.0196086404735,53.977906447446834,57.38806525441391
46.1434961629961,98.41274672256223,93.98352266000474,3852.0704396726564,39.83398670961844,40.42302872657671
78.9539518581183,116.25153540901847,75.06116887162104,3551.940650962559,66.13177542207931,38.856602246166275
48.57608223005107,109.43464749930489,86.01821702205805,3976.362215366941,62.6277122457614,40.48410181337782
41.12716546313821,127.51772738756358,61.731293323983024,3523.836518720054,65.76092764901824,40.13709826981574
50.53000527071179,95.27428148704104,237.06729588574188,3786.4680703267404,46.53041017811012,40.13776479053162
50.43030475775828,138.90439016361475,49.30572172605811,4056.008410735523,59.22126428478042,33.10629483473941
42.4814659009392,100.10860174252453,393.7623351898827,3611.6125081559667,44.4913126423922,33.1369585517845
81.17015248221955,189.5047622036052,119.56026509485093,4530.205353177952,59.352152165185295,51.09427075216071
70.64396042408202,135.46811043010217,119.85839222131116,4987.502447226104,55.62155817202915,36.53187545621963
55.889762027164075,136.19419041659674,411.940495095572,3624.502551469516,40.54941234650783,37.47154871339746
58.52718844979056,125.99688890289238,133.36368793097185,4119.300546533612,49.37374988297113,40.692005498605255
59.03329389945407,104.83029563177145,168.84794730027153,2698.848408323141,48.71987777485713,45.067262423804685
39.59484487060147,185.10503441603555,85.51171147681426,3908.569850179198,52.246810762767,36.975162647496205
55.47853268556152,196.76387635410657,34.29713020696378,3801.689661547412,62.2085724423861,40.18658569007491
46.032398343199276,87.7049379704129,233.3539171944431,4656.99877174512,49.28684895277072,32.836298369117266
53.691343643946965,152.24277020002518,39.246715191707686,3260.6169168354418,65.24655582103289,52.90853309575863
58.06045020616722,137.23964994538954,58.493881619009294,4798.504766536125,55.57449932936547,40.91483961963123
44.69141391234723,171.28468835299225,59.32453854307584,3447.538397311436,58.215116875618314,46.04194007384866
36.53438346045616,148.28393944463025,99.60108700494376,3591.705948757822,47.292318243859896,46.705695642874566
43.922444217541695,109.5078721943442,164.71846304709237,3073.5541007532292,47.74985650979848,31.299065887202097
30.47301463674005,144.10050841522738,139.01199114373057,3481.405789392827,54.323476431508354,54.796694447504095
43.479513536805044,119.0802376336785,381.36675803469154,4463.618094823684,42.17803650959126,38.03321871233189
53.27836607823461,144.2873111745952,67.02304414606368,3755.9108220757516,54.75993628149402,42.189842011254655
40.20445936186221,106.23222477065644,103.9053716899727,2993.560904799642,65.86196416259382,52.90900115552422
57.23979087979605,122.3514522096358,102.46226026744776,3404.952053217141,62.67271894149978,39.6014275904307
68.79480624690686,135.48151316553125,65.19086679674137,3732.2305492197443,66.98353454754414,40.226849964694
51.9037782114683,145.3454461176224,315.1754113760361,3857.926406675818,45.89686837340899,60.74087808036773
56.73472904889861,178.42013212604857,25.885929514404022,3519.376220250697,61.6103058529636,35.51638890405987
40.645790494694985,98.55582898591169,237.4714810591327,4620.951702705184,35.912407969016726,23.109346510685842
27.179515597903773,125.44853482858832,139.36868187235507,3989.998815622896,43.8130192029827,34.32106809456602
56.19674349359283,89.50267968594989,52.425353131228974,3935.49386767006,31.572771528254528,37.43473268456979
35.94535719003314,104.62941454583525,230.58368629189118,3916.6506515585365,49.55887027002008,43.742540924092964
36.99649953901725,150.78326372356432,223.4292338137159,3986.0856222135494,53.62170033028182,34.44013404321288
52.40978033434753,131.69768572882379,206.27736136098292,3307.1381667286932,46.84164103023036,55.35335748126372
89.64063506976291,94.18417496451806,114.08933588902391,4582.0032537339775,42.48145122959319,45.052965108811044
37.11733023375218,182.43406777850447,145.24642367736115,4446.379878971593,63.07804583695064,58.98180984337243
65.4479996614584,168.5223947484737,51.62150647377957,4678.925214402701,60.309433878863146,49.23407823556872
52.5537090911146,143.50264345419052,140.01414926775814,3209.3354469721653,67.7648402171424,40.77767662687416
59.748434352672625,115.11246327828115,46.04903319945937,4946.797027775248,70.33699199873206,40.11420012569202
30.908271907090935,194.04412411144685,18.393172800054934,3606.194928871154,68.30275500104669,62.323550982712256
22.22556160857434,154.70126558261097,64.36717991387714,3511.6644534473007,54.54713649254423,21.913601364788462
65.80230991229178,83.81703300789998,112.20313787368144,3419.3327583813198,19.287862231133513,25.0410835088635
55.97312386307172,74.51050708878003,142.23642757820795,2541.6713789063974,19.548264512140086,35.03797285108259
65.00898567386749,81.83419533772312,376.3616091315719,3267.183796424458,38.09961679093629,41.807193908052355
35.34067336150986,59.0639873513448,215.79899166113077,1825.2565639001841,34.08040242978955,23.91158083361378
32.26244862318905,146.48427416419457,64.29349837759929,3230.5119069994116,55.06609239121545,25.78303839640764
40.08273522961971,42.21224650378653,154.87854666873898,2586.9821890660087,12.221108914344997,35.522214868922795
67.62632598903184,68.9866715935413,152.01812818584852,4303.542505288646,47.24397186536876,45.8278269181237
68.03065622611285,55.2753691104708,143.29345357212864,3647.741168044524,25.568707294241108,34.521312847917464
54.52957552683192,77.52859345114466,113.6661676233261,3624.9413147781984,22.94535029358922,31.2050489890428
44.41361763183812,47.66312261086104,94.37643855173175,2929.56206058935,13.424428243428448,28.5132991750973
42.68203494632257,59.14526373903707,170.89773355522053,2614.3555378116507,21.649402249979524,33.21874872125366
46.5315695514919,102.56562615223542,183.53861305330247,2904.2738836419976,70.96770761271048,33.0217077887414
18.19570796012855,117.28867936940568,47.32617431698864,2461.025266326362,19.999443532262102,37.659521756923525
42.3327275033329,202.07713163888548,174.37933632164862,3539.545719918395,33.67774912351446,38.38310841044951
58.25638551745712,153.39062548445162,107.91679554607052,4210.969710587717,28.93298988322043,30.203877202664497
48.99746486341952,56.60061472606399,102.33867488326348,2787.725019757573,18.996585337033626,29.73685128562499
41.50240320240288,100.95765528922975,136.12224005366429,2692.648083402071,39.42362989607475,25.705094505954776
62.577983656160264,28.27175384791491,264.3042739679647,2811.3113017229352,28.011601573397343,27.955159668793517
44.967929411522604,68.22865355487575,211.46794765845345,2845.688577098274,16.396827521191113,33.89454212789789
30.25382760113052,75.04755753123126,22.059701773708056,4417.31985063195,52.71795948597787,33.752132099235354
56.190991792237476,70.84396463866175,57.45119330284564,2861.568358520742,26.581148349862836,36.8691969114971
49.86545572921026,110.58961188243435,461.5874174965411,5324.225529096652,53.049996616394516,38.46386948763658
49.78819166487724,81.55430440874082,112.83219343590274,3144.633313292068,35.1380456763892,36.07876097502343
49.628371176024956,151.53611855920903,50.80501175778089,2824.628306218728,47.344476770490225,24.19795691474556
44.01221878760181,45.110603392997824,117.19575031174591,3129.6390365766583,18.582353115211887,29.632701918950794
33.229289332939736,26.04739602152108,43.63724540682047,4582.193937445167,30.107129284125488,25.488007562960806
43.8675055725638,65.32787063207002,152.8773622009718,3317.494902577302,24.56766893959706,40.109522002532245
18.88166479318805,110.92724810101231,244.73914212714794,3106.9879574330002,71.20192661390695,38.63552350971637
38.52188794346041,106.90553855388167,110.07603088890315,3263.116221383611,77.52820818674395,28.361334997761688
54.16230020100514,80.1876900691323,446.0094357923475,3761.746322149238,26.034606944390507,31.582580556813273
63.11215499613485,86.70490964245509,151.28470325419158,4001.194410929315,39.105482535468184,36.24531642127476
57.12219492246575,74.72367556440066,49.24651333037025,3662.999446583526,50.501714985038234,40.8878330468203
51.99428017105216,74.8144528637489,86.95917121641412,3486.548096791147,49.58331795624625,25.87975975588235
23.126499906743348,70.68853436554309,302.20845210776446,3680.4370519976123,52.039237896702105,31.944275014259834
48.421813179086115,111.2713601064511,186.54140811419572,3851.6842007348564,83.5203351077858,39.70357424906049
33.012389379776344,64.08689507182501,145.73129365406854,3518.579584982123,57.1532660674236,26.405080713542567
48.66475548951421,53.90994117081304,42.841466335045155,3039.266155590839,23.936937197122344,21.996569711049467
25.62898752930312,96.5087926855401,237.26633427745307,2803.297788773432,86.15872440163915,23.696434126841194
50.71196131883169,64.28151849781891,130.54672356239232,3203.5410671500695,41.18923270950498,34.98027072622458
61.22711350356255,188.57985343234452,119.5638538380837,2564.5788734428825,55.096319892984155,44.453959587452246
34.38029776943958,134.17536783665713,2061.9983120136667,4297.024587954129,65.72044559316753,47.0383498349538
19.641413898168,97.72080006709551,90.24679076488178,3624.82055733812,50.27377197698661,23.009766980883498
42.47813596079138,57.922577324590605,338.7016827639715,2629.4316928999688,30.372479046522116,35.65336528589314
42.950735856099634,81.65697054975205,277.91288414180815,3151.3665258344035,32.30233165113798,40.60584368744281
51.65623166004286,118.42267481506055,110.70283706327265,4423.612178453404,49.66684587805909,35.81122447526853
65.66347920120391,75.56289754506311,265.6237057247193,3230.089975775112,28.997437452720316,36.35969688374894
30.25633348537241,80.10771260123919,71.30213476219316,2981.60514507719,64.5320055146621,25.53752291679111
60.40592684700095,142.09165136557144,54.40550434200014,3969.036065203207,51.825900752696604,33.06120253675002
48.87611558919089,123.61852710584097,73.1147238558244,2726.853284918909,74.85510773352559,27.208249504305765
52.85012151038326,64.61317544826458,208.78841785221215,2805.112519192802,15.37872846596209,30.788851135880932
41.35834908193477,71.36323601746169,79.05599464592068,3418.8899161647196,43.219948670493764,31.455996086825788
69.60299456009284,83.29900749695999,204.72685198548422,3486.8332409380914,34.88514050903142,31.540116058846735
43.91574098374,52.11145791795764,175.49753306235306,4127.935311358352,34.35112695376279,28.928494039700073
68.61455494243646,64.36944372850276,544.3227241145074,3210.268079274305,25.149294023544492,35.70651130281391
33.5528478682151,68.06571432547658,90.87827947373907,4330.1945591351505,47.01756383069858,39.456399043853615
45.547051036755704,64.43738493680551,159.95146255389233,3395.1192948407606,28.612853032560324,32.9629116633977
51.84969798076247,121.4752629890142,67.45369188670489,4272.433328570328,40.54008380302339,33.47668139471217
66.63317128997417,57.10128678600918,54.77581530091704,3152.1888573084902,27.41997618139441,36.04700616611198
46.240992103796174,66.53489643055501,139.31193804351065,3715.6457382171684,38.22009818821816,36.46327860614087
25.44541596311879,119.70573861073849,25.719620129255965,2653.7949753851112,66.69674734596312,24.116018751235774
56.989158713097815,49.421652282870085,268.14028648079625,2734.736110034579,30.681110167792053,36.278232851546065
55.83091655211054,87.59526004995115,193.91053364745352,3507.260578649817,18.746133905010545,30.092545109528984
73.65304266840171,71.60681018244735,104.12395770922143,2686.313387474111,15.192618510923904,29.06701711630596
47.576374149257845,67.87627233780643,65.40953412970373,3703.277605181055,29.85864955772517,26.21432884640557
27.451872381084268,112.18498627194008,148.6570829774364,3201.831476625942,70.92770256451071,25.518868515747602
56.95144529632324,67.19153326754218,96.16613257053524,3397.966665088449,43.395264396027216,41.65725404467495
47.73803692556318,53.34077619217455,42.38245505072947,2839.001322944758,19.15729978215373,34.045877506099515
29.192750796813712,34.91667230396594,251.5184057613695,3385.19598288082,43.407033206167746,35.36204110815935
63.193764357489364,78.30279731360342,35.3786970677925,2786.824391870452,41.7007735157659,30.21111761853292
53.76894907406938,69.32288700013923,130.0169726401227,2700.282702317316,29.710485637945414,32.643107121442185
34.56080508682807,92.72142471854036,107.41634206841997,3271.6034744263916,35.50909110491139,28.169896377141654
42.86175794651557,80.25266645979163,85.21120963154695,3138.497906366127,20.001816221725726,32.02183137100582
41.35133211229126,126.65556984553672,320.13109587552213,2720.9213652306034,63.46642123870749,23.8680815894148
54.878116819570096,66.61076740710703,63.30266100950728,3541.937860564162,37.48607630709639,34.14914570553076
67.01668139302649,142.4817043793037,55.94704995051325,3796.501518989846,38.42250184791365,37.70723840248589
29.536157845752648,141.5257802259359,706.418574330155,2828.628069961472,54.92784255209344,28.99998149402756
50.942877190522864,63.09861744287077,52.0962814744164,2742.9361248028335,59.45385101423792,30.448422983285802
49.942850341409944,152.16478140825615,91.11239344680784,3550.6381775319005,39.998646654530575,31.441757337459983
55.066749576846185,142.33708811121048,79.0910829433712,3518.9616977437267,60.41442562093569,34.08651997538153
61.42530260628381,103.98304578611791,57.834068591721945,3337.733285758733,33.007775717068704,34.85608397305848
54.226786288347775,85.66627514151894,85.61598314471208,3663.0295234651862,37.413839551595295,35.475300529981965
47.40669074395166,54.11543915918185,117.83887735339259,2712.97274301562,23.035253610929388,34.78469826567947
39.12318962006792,48.875968901640974,80.5279357949193,3584.921603143397,34.84714668562147,35.38665800689638
34.46658759527505,38.68700132604012,61.170339035015836,3777.245381174571,27.14814566911073,29.62808708832373
52.98755795254831,46.19287917045531,195.72188335955096,3402.0811434363895,29.64288633169331,31.917763087645447
40.622423664642014,90.67824985943112,145.9458173631139,3295.5124404672247,47.224472752288555,36.43681710706882
37.37916957500299,107.71630210602368,153.91047714846158,2500.245898780568,43.76285511111475,34.6393897640254
26.664731307914415,184.68302178027153,205.75146204642684,2220.912913248131,54.46794580629699,29.347923625031207
54.21666231780603,92.71866011117186,116.45470940588244,3377.8220183725225,37.828851741183726,48.62688534668745
52.25395913337864,124.95751535572263,328.35002678366124,3732.948139828107,84.5635491976417,42.01177748214378
64.71344474227,132.9265798036835,215.76477393684874,3849.8066112170523,83.17718229083445,40.33523695386151
61.90956439113351,134.20076445534548,49.33493937268758,2851.4628632978497,34.69578936447272,42.012751858099854
54.10705463217447,103.31023238705112,137.01083866729655,3084.707035842749,61.019782512739255,33.12422724891961
32.98371406162961,186.34276886940125,122.47265640740895,3032.4306979106127,48.6701314591339,31.782001642099726
41.0979616759561,133.48491119109,210.05033263390987,3966.686265075683,57.54041806858551,38.57353131540957
50.75921601365751,52.90233549958913,595.5828874819596,2811.449926732424,15.14376949217203,30.026305482229738
32.20637597937029,135.10746457903497,84.36725486221842,3230.708739873927,72.72947327057148,39.728020588214136
48.87831857248797,88.26047993889482,124.53841409664693,3467.4575458285854,39.562406568527265,33.52436986161744
59.40542258892436,75.67681108986908,84.64585992719266,2965.1241332433538,36.84217922334987,31.92593978959497
54.31136781480407,94.80782787424016,78.51641586940866,3246.9603938888595,52.27080938730976,32.63762261457299
64.1749393203208,92.46293359587438,345.28176600123015,3632.4711714588207,35.366432261442974,46.288688511287745
44.131040746210346,84.29581656723265,518.8524461456759,3585.1512560189717,54.70945333398048,37.15202524243553
44.1272702856523,78.54898074227258,126.80937003297183,3135.926365254948,15.31088599827258,31.810991437945223
57.73924068581181,71.10227048503499,84.31595870196273,3604.1594082089655,18.59413761150295,33.09225473743751
73.54816784077175,43.55317092353249,178.7217291850739,3157.5799236995786,23.791065366151898,37.06382842195483
33.56174451559907,76.89745198290083,690.4176526478975,2332.6409298056187,42.12452306536125,48.31769581706119
51.14827156549581,87.36147216814811,318.5447163417997,2904.542502723965,36.08095020444552,56.25160633920448
62.0131407683634,93.00601740480519,478.4340615013361,2473.7783196809305,46.05991511309416,58.879161874488204
49.841327477690676,122.88936182708119,474.7242093614409,2521.6161790977126,39.93834194669572,71.237193370685
57.324400800005414,61.64427665948951,158.28656646313942,1992.3369166010311,37.25023173397244,49.85731849514577
19.11677864256991,106.20102792485199,643.970891161298,2098.9871652647334,48.06059562907839,40.072055978688866
59.04484946190454,91.15122531890385,427.54440705920433,1774.7102698981048,45.75263000734611,42.83998438262553
21.508359764785464,124.43236251958116,140.39780267350042,2710.882682738882,48.62155257401999,51.149512633851835
44.16647671189009,83.37559134797407,409.61415835817013,3141.527559558768,46.85148267202869,60.07848165589992
38.045673629901245,91.26640715490925,407.93822681746957,2627.557385705028,31.85094286566914,60.66585997249045
118.6433756412207,67.65332002058801,272.8729399605037,1771.4618998185388,43.88679978160668,53.21116164333104
55.173341660080695,74.69265092947155,438.74059451156995,2412.64773630816,43.15387894056903,52.53481763162361
66.80170173240514,114.09486954223067,755.5206223820737,2949.0851058208846,58.33261757744207,40.56083305872133
55.98791881369871,82.53824619958647,215.57382794132073,2718.3954147911595,37.216606511477316,51.50476371483294
45.67207071010584,66.59824975497776,366.10798934121203,2303.366666846606,27.89753191502248,47.312461570450594
38.47000652281623,93.20003987356192,378.131479487241,1937.1948079598362,59.85807679607936,47.21142031908632
49.23872388147753,94.87512729676189,420.8190547914708,2732.0597198117157,39.56031697692233,58.66756189220777
142.19285534530772,101.1905204075133,257.7138798978266,2561.668854611593,38.79632736910664,70.1622093743799
63.29679641601092,89.08735274214878,232.24569547149173,2313.7987685804915,52.17000176438022,52.60891437163792
17.234631950155592,118.27396209067497,327.88234489872036,2913.5339734572285,29.103530213551817,57.35586336970934
43.136344496174,52.077674378986316,121.24507766522798,1934.1865591883084,40.09361604690261,58.72704248300805
57.91640764989291,119.38070854121752,896.5261851622168,2768.520905819807,69.17458144720634,42.24993918978143
37.09523842666226,92.25877340445518,276.7164297118491,2596.209102310464,46.15182016165929,69.44081832982374
64.22931497145133,70.65154739190253,633.1091510486485,2374.589217973624,28.777445505739095,77.92464899964034
38.85478255182457,73.11317778965731,222.07612292756056,2643.4405584120473,37.921705400916814,64.71144066390382
81.27713401539235,71.67512374520422,352.569316771466,2349.6717819173746,44.517788783367564,67.35084178893926
92.6018431050831,89.34057937472873,364.243205975245,2451.0977602261587,45.949998875087516,62.49179423827515
79.48624160314503,97.31052566696152,379.5899329460169,2237.348408149257,42.402879978317124,80.77876410708403
63.98285112350354,86.55482665692915,943.7144066640574,1939.9044107841892,48.06801668414834,35.9774789211432
48.73600509148195,120.32922551076558,644.1568111332314,2742.4495572079227,48.43184074395129,79.28260070639668
66.3442730950186,47.75416286757741,194.40014584060827,2231.513713452848,45.42449431958036,47.16642277084337
32.57478422253504,138.57949526554899,139.63617178986576,2240.7949473151266,39.320580965272136,51.14640175213495
35.054227630168164,98.58031379322597,295.43178482555936,2859.4758686985524,49.622895634953345,33.75965330714487
55.26345365658654,62.069671120905355,525.7586015636253,2607.386653298952,45.36605125167673,52.96656215332386
52.30363833221503,58.45188063215303,652.9285643906343,2578.9463183614926,60.53425387553486,51.9660112971886
46.89133863325199,86.5357858056899,496.90996605511236,2491.360461591439,33.16196896138907,28.167614273242094
53.63029528184661,71.11050755671188,1773.653969550895,2422.0022987155494,37.64398097343086,46.39871851840806
29.430223071913456,114.34849138260233,572.2115314240984,2531.461636558367,39.164067061978415,69.37340214225993
100.39247304267329,106.56582222205762,285.15279788913983,2360.1751088905125,37.18016342903882,46.965507414638836
14.392059629533362,83.67026128835742,404.966547156669,3146.3882873862544,49.177840091065605,44.03405185097951
50.192910761293525,97.94613156300481,348.74440782930117,2364.5692859646883,56.75094217676562,62.0462717505805
41.95007381130992,92.1117483005945,74.5883203385552,2526.3152551729177,35.051740781486934,67.34425564980461
107.26353778869773,84.39297711767436,117.17863820359534,3050.124194301654,42.56865554595768,48.77184254287306
54.4263535238977,62.87858109747332,234.46729608879954,2127.0830903956435,38.53363682922408,45.27645643728517
71.56830224576335,85.54817358177978,275.4187249742556,2105.3103122603975,45.02236873179038,46.92072484731649
23.85975014791986,81.87170266569727,530.9939858516321,2730.273446943921,30.693764093731318,58.73177720840048
49.09029833113313,90.69281623561443,535.8688882930354,3104.0163841830017,39.49929405061289,66.83128149286571
49.869846141368164,61.120999939411085,834.8221938891016,1779.0745148985452,54.74085242029531,50.87019036415292
25.946110340163695,70.8029619704645,525.1243311966799,2376.0509746483176,52.98894417919561,61.39186557706201
55.078747545096356,96.17313033378974,398.65842345450284,2674.670134687899,58.3609888714807,53.53338723623357
60.57431747315726,101.06261447874321,865.955606230545,2971.730326509797,46.00152483823109,60.006989219378326
59.11048969068368,57.65050755130712,178.7430117924923,2462.9123156885466,40.97318727083352,46.92624522293814
34.60053925375012,98.21137068840656,290.7625861526053,2833.5543501785623,29.57759034220823,56.66090370569934
31.796336516856492,81.67137837832723,418.0460181613425,2617.595849871106,46.36773187178697,57.01878997607317
47.77982158870802,65.95656425401113,220.1652446366957,2340.256016877254,49.55093583824674,27.971846821557055
100.81913570772434,50.00844420576719,439.56157818129657,2008.00669304224,31.247191300439916,50.130516552460044
109.0200203087217,59.66284004037539,251.53699380361238,3121.984549648362,37.90598744833424,58.06410453731403
91.62959666228664,147.5816089668273,361.99186939134637,2861.496771694231,71.98774484484721,58.793183352826695
64.22620208214954,81.19363762457094,577.5206647689138,2531.361596095072,44.48510091544813,48.866522092870966
45.56074707843126,102.27670974094934,385.14916514243095,2604.88462143608,59.18662592960512,27.828893338766754
47.366739163286056,57.77845271397901,1304.749061435322,2300.9078388002226,34.199001430993796,80.2986693067919
60.342460524728075,90.17119559802684,225.96995972157157,2452.224597148368,41.469231598319915,65.34332567779356
41.093176926176994,55.817619709256135,899.3110820246296,2463.5706808197237,46.41941459449584,56.99167578592528
26.725942832010595,102.77088315048529,300.7022656429446,2371.114411297035,38.23376938835436,60.641568937465486
30.474983682928354,184.265006828381,288.1653211970643,2775.2260681390026,39.25299499754993,41.70189862413099
29.355395093686862,80.14873496599121,341.5101817383112,2481.969611262658,47.15734578085956,84.93115704335897
59.1460369521943,102.48485889092838,275.88983231812347,2929.240066865022,66.10771494044937,35.81009155544346
51.56331312098902,86.156972235908,620.9661667085068,2601.1505286759293,58.56662958889514,38.20247973074681
59.92801604902236,92.25297304961832,293.3335563931253,2990.866699831582,56.23639524575388,55.81520176817123
72.68901246216441,93.6083834208601,537.7701329712695,3099.982946871846,35.47398669186249,50.34234712252042
93.54797567720937,95.0733670745303,497.6099421977524,2498.35707636735,35.32235055897579,69.63931633862987
58.359088302982485,83.19945351511147,135.07737178324297,2808.5979731369534,38.1288919921046,57.630984647674346
89.26965651707967,83.81820253800804,414.52163650589665,2828.379168777141,24.789388415787677,52.58414797003735
86.258691790192,69.6132820390461,806.1273230311019,2623.4850371976972,92.0212776474252,70.41295224014662
50.14270589240492,108.62603976669355,1035.5222967953973,2679.6902592729584,60.70810565705102,62.02531178361442
56.43286558876235,87.09517449439254,625.8202894409327,2663.7776812027114,41.55625777075335,58.26791536247931
51.51850429246269,103.85831897533998,300.4090437527161,2765.2167584160707,83.33346069740855,37.23422214199864
53.28305912758001,84.01424243637553,611.551551801021,2265.355935730196,50.35898477627773,82.85185531845937
86.25329397346863,107.76486428789907,223.2671183855898,3153.6168758722406,43.21896004313052,47.77955382237249
73.26556640619127,135.44607365677422,675.597812240456,2307.8846288950404,32.87881834075139,24.746153288508886
50.387141564924434,73.10051127800763,330.62521136449845,2410.742108283547,42.2392913918245,43.53399041813868
54.50148031768761,68.15186245537006,92.28219783418085,2516.083747332538,33.99651551187399,66.27854501850703
101.30290023850425,72.46040156722637,547.6235795146117,3172.0612712073344,58.32814488622986,63.48263447592476
61.019046107734894,68.44384740618418,605.2901063118557,2847.548017973223,36.13312054535266,47.89095083140522
50.50022328745057,64.43369495272252,306.7073243656058,2532.323871604233,46.41990869835659,39.4533517364505
62.81923088902966,59.898323496286984,470.0424817957799,1811.2874157633519,38.57378084054224,45.19383939189659
75.16421322598886,74.04737749998267,190.88811270466863,2602.246127253321,43.35627585384101,44.927948552892616
82.84382981103762,82.17553234141324,189.0505571935504,2708.9190903384133,71.10844601300131,55.25709617797455
53.17822639368005,74.52500555033558,158.29054325261689,2137.4854404718276,40.80709534588316,42.55504932062457
56.64285056894993,104.04784640844247,566.047717518173,2343.707189594398,39.04233740516135,51.003159732170445
40.121876927105596,66.69201472596575,352.3542720863552,2483.8932377831184,57.660508159135205,60.514268963110126
88.66731181379488,125.33086463553848,568.1601942604939,2745.5537970636215,47.823677314426476,53.764588989732076
66.61736672623495,91.95418772264978,548.3394984821873,2203.6070050374838,44.60312262354826,62.69086939806352
51.34368397431746,71.98007186748062,610.902833589828,2762.4894804483047,54.970364943274724,57.10439060456687
64.95047351316745,67.75106280188703,1071.4227948759008,2423.1870867826156,40.23163399058236,46.53934527746834
43.67790557518671,70.90101979942264,306.46549210530986,2752.7581409843974,41.38694980400093,53.822860104430134
39.5509152011702,98.07574091783133,894.4817177156269,2293.9710229892808,47.47886148066827,27.490299008144476
44.688476152939074,153.7655707655588,458.3157939016287,3001.882534225846,51.024213375462956,39.107536530709375
55.56643474160548,121.36829390639731,320.21488450432025,2064.753793551493,44.29056474659721,58.092330722601744
56.84106892959758,78.73025553391886,152.41814334469063,2005.614587087556,44.42975331940522,51.48597712728523
93.47701785374196,86.60845118458784,171.90677122018957,2513.980456885637,53.158955169659535,37.611959942185415
84.49133218193342,87.79653824350606,159.55610219423022,2054.066066559897,44.97724599896086,53.41707210809248
24.552138452853008,106.8684597078543,491.9138601949023,2318.674937568353,59.64944572664654,45.48089958581048
72.0939054859997,103.84510309772199,172.64602757957167,2980.962996218266,49.50201129690263,42.798940129663364
58.00457476669323,61.374675682585995,516.6775450162914,2294.576128243144,40.791797659743125,71.09772241054054
52.866720473141854,33.86867162360931,301.51910433992344,1882.2063028214407,41.99729388875866,47.76617213493569
73.95246368837999,87.04957984085499,220.1986645877106,2747.7323921133984,24.446374881299445,73.28728916141354
45.5048982837511,50.54066745527599,441.1716365556433,2501.7043543910654,41.40430157419726,43.30157481918382
53.97884597620063,55.915460561280554,457.8858039801409,2341.1784989156326,38.99358457657356,58.391518841226365
62.77121820368054,76.64147265891042,335.38660648693724,2096.324842548267,32.331356572858624,94.7476683465745
35.26640487809414,125.22433602190458,587.7620095273064,2753.7100448274923,39.574872422461596,59.064269238124425
45.89412422392452,66.30548302788691,254.8315763723977,2153.6863836001944,29.682434258924836,41.97316613158036
60.397833803045344,129.3726020255382,337.6840490704808,3238.6458095390726,52.67037958477109,62.41876426266894
83.2872049184573,69.94575886610086,213.53516854239305,2082.0011905575047,30.508402745010862,80.70284872202474
73.92771280902069,61.67878378011705,310.62625726667454,2760.2103208368917,35.89842991303359,66.88318879386986
65.63760169457906,113.02258063338088,455.7559423450527,2001.966732450463,50.73896881196881,81.71759824078501
80.43704832092212,108.55372398241336,211.33259627798725,2742.9235360489893,41.977207739515954,55.51170728942982
77.61333954119117,63.85249704790779,296.0547407454573,2492.873852263341,38.42444743578248,46.8278216960057
68.8699611940909,99.1698961258109,667.2043810115069,2928.954290342226,50.91373722241886,39.139836550781304
47.980891117824285,75.50829554598427,280.97695486786733,2450.1615000889833,46.138627883293225,50.85632806263449
47.02741322498989,81.44533349912776,478.4537811411362,4757.381360080634,25.338458780592575,41.69255957892527
40.61269357633353,61.02032180770592,415.1810472432177,3983.726775963392,15.7893408615776,36.13545492907165
43.83880459869181,93.72714131554956,267.7979180495789,3921.220674630212,26.596417948920195,48.535989812036334
43.84353578514977,57.67076620914177,345.98267368472136,3993.0929164430877,27.27073997448858,35.23035635623066
49.13509039847843,118.02095215465253,571.9522097801968,4457.115741136772,21.190416296371637,38.01976842195089
89.50694947935915,63.11946073663969,304.9777036955081,4195.606417734819,28.42921572816639,30.337022768947172
59.545085200353924,35.142255554099656,314.31633958954546,4407.049351763006,20.78556407943606,40.86598935359012
37.03746188135757,76.90703117482235,316.7483862294751,4328.271754916541,14.20711511886696,31.775694868759064
69.3965426783619,87.35171390750797,667.1253989431028,4465.685822459021,26.7330290266111,33.99908503655945
38.96621129009122,56.45963237377916,270.73275442678397,3804.8110643397813,20.377162231591928,26.379836088626448
48.81559818738177,111.82627197412961,350.90181829828873,3362.9637999088873,29.280156139543767,29.274378625391087
49.51117775917102,40.17214121282051,283.0518266686652,3409.69278357173,17.470376094952965,34.63835573505136
26.900467551007885,116.55973730926726,592.8323366471566,4008.8451295815075,18.810637444567533,36.50995400969051
28.790603896604743,53.04177722544999,408.5326852812592,4170.501126612047,17.05107138451652,27.484637676092767
43.63017458406586,118.62330655904172,621.5522591959688,4258.029609252929,20.68426046344018,38.9147950157413
34.871116887493265,37.84640379412819,453.262842221396,5942.322738273606,20.45582520954499,35.366182109770115
44.718432581474914,59.18532949185119,280.09562524804977,4578.558714535778,24.06834200902943,26.415311601718944
36.83157076281061,101.80524171765076,922.0028002323941,5223.112762844144,22.067331422648394,39.09474641933402
45.17243176128406,62.53713760543222,665.7074839719345,4205.255984423576,19.651124600005723,48.81440988949611
27.999017166528272,89.61394037480835,416.18008362434216,4987.390518339754,30.261487124917924,41.985125888614355
73.10239684890306,146.47369002141812,514.0383223985967,3932.867080762736,21.25640532960685,31.831046078866613
73.02471189882942,111.71273500083674,536.1007994060556,5402.669341179981,24.596822995104297,35.76781197219068
41.49842420248957,66.70974714679478,350.6997341231314,3944.1014665133625,26.85841055285257,39.21209773136018
95.33765618976844,72.2911656359884,562.0676176979063,3939.019470303196,42.5733625797957,31.979453697907164
66.41305373471575,51.98373050590697,209.68649254888726,4553.512310122787,13.98602083677157,31.25972333181434
50.65877608032506,85.45564972507992,247.55274907855434,4816.575574699267,18.57426708237546,55.171914702005054
60.42304212895482,54.53900361591966,598.1818770906632,4712.806379981306,21.372884956884732,34.29489036743407
66.13583228102593,86.16777871328607,131.63029650502952,4112.364543517585,32.06310012046424,36.32978004223872
57.30784781791013,50.53533543576204,183.0236281409399,4210.1296557866,21.77187705438029,23.427912015593368
67.31784517497957,38.23459912189216,414.35688441105015,4704.864537738256,12.628972907279934,28.09850823456155
85.50407624970654,41.86833354859409,268.65608691562676,4841.752438593687,22.809636840863284,24.816371916021538
56.723240391620344,63.504144294413436,403.9052090976405,4013.0861606320295,17.08702570414514,15.765666791922568
60.24775448344207,97.4041351862555,789.4204572411572,4352.417218516461,27.57732106225032,42.07769475809942
57.15844738765406,118.5475303031133,806.2142989017509,5087.169270549195,24.5917847819417,34.15183213876449
52.74244293761181,96.99491775729895,459.68935205521296,3778.300801209255,19.373032828818694,36.43632844230498
30.509702105100178,44.70961743713984,205.04094347827885,4190.807277460853,16.51561354474236,25.84752709264359
82.13551947774997,96.97295270526598,393.0247903488819,4332.308478613443,22.276808465547703,39.713332602081884
61.55367807091386,56.52493498982125,202.91324664862486,4623.706207743401,16.014440098083796,30.885481355024908
62.08870326287409,82.8818742030229,645.4842905248673,4291.149558420214,27.397618101554983,36.19396717417805
95.98486387791787,131.53756405797432,766.4343106960414,4252.735223556449,31.744958331414832,30.037019449205744
51.18099496494191,61.29221069978452,454.49288132964733,4977.69201403437,22.776890899406112,35.93052970258685
37.15667674601323,67.33554451463455,373.2693290021815,4312.905611748007,20.039775734833306,39.04463858450199
36.763167436787036,43.42803386525933,261.049143058631,3545.546057092737,21.405192587918776,43.98857961477371
39.17743009959978,75.34508650864537,276.31626250989723,5636.105460775204,13.057112502171334,79.65670626905236
28.4975262790193,64.38070904473689,1125.209368957831,4553.811238972756,12.879966135881402,93.0933225743343
52.386666296833624,15.523414321638452,292.54396107954494,3612.160732631374,13.681102441276945,25.585081303526124
44.34543855586566,40.45176241678429,337.2385792921145,3870.3910110081547,10.807868105881065,46.10243647555356
41.45378512670624,22.0880441198208,252.21521570496614,3664.1122498304408,11.539060575693,30.794242842998052
53.63987824641853,286.15704944195426,190.44203498055094,5353.947390269585,17.49864862943016,20.454410448166175
34.777934846027605,52.5006436679942,446.9995550026126,4592.480545055973,11.503032743371215,31.7405623941568
50.254190451304964,55.54917910382737,273.37843293207476,4660.0916612235615,21.868195553548404,41.28624060612441
49.59742619223243,107.87031805512432,109.56008845012903,3990.277068666477,12.364463459640202,30.72302190840654
41.26385890127413,53.4747603825601,356.73290464465714,4405.195218016636,20.863394392613415,36.257780835062164
46.537317336748345,106.15819733929382,874.2911396458557,4305.016520069046,33.00803611393318,35.20844586276475
59.69634450216967,29.656523756556513,743.6019891700568,4579.951462825343,16.802304143849,30.105578595246506
22.108156700131108,71.73303106763564,630.2356333749226,4925.044425147198,22.535936105697395,46.93237776121167
59.200888734936385,75.33494964421465,149.47255452343026,4110.929039382456,28.324603913590387,34.73635444884345
74.7619020506412,79.56029212371952,389.1091705540023,3527.865849633868,22.963476866797016,38.13097268563661
48.651721071345015,65.90187749297702,176.0065861648335,3848.87432860146,27.885256906091474,21.439288008576458
65.00816845618446,33.6621107178739,316.54167103543153,5361.018470746849,13.286848524160217,24.67277142499416
39.755781441612264,109.73918999162706,610.9442721690591,4592.474116932673,35.0609905917945,40.06185860129102
64.9846627432864,92.82355956744118,521.4274597040617,4554.906022284787,24.799086059770097,36.658582727604866
85.37456583136861,46.38700251232048,342.140403299584,3400.5367606507825,22.267549499787293,36.098619841019826
54.05889713266361,28.924237479276787,328.0885583639342,3759.475019242571,22.78838122903582,24.594745465393977
71.57177893252549,103.5165988689231,61.19249911578416,2612.5422070214136,56.386855725318505,41.290185660749444
118.03500318043379,78.43291057924905,4.328674930354636,1958.4708308020254,57.9443140612435,29.0931333420924
28.746088729645994,190.34539736085122,56.37984705538703,1874.948345468411,71.33448763226815,49.93792264990774
73.58605310944391,53.51624075943487,10.403952871934752,2250.6342292623326,66.46406420040663,39.711799821775124
62.55578056138941,61.53641224460207,141.59996082970488,1645.8530944041324,75.00925339992918,61.66427053231853
50.28876597590151,173.42232212868066,86.95473018776192,2347.85097668209,53.72624912843348,81.46999649684747
82.32683706260708,143.6430804735837,31.96165274715562,2437.0113164600725,49.94746491640958,46.55948194332416
84.15675167021087,160.34070334366587,68.44595941018103,2130.2519546963576,57.61780105885678,44.050649293532715
83.55889139033954,74.58289746197318,39.90887469190375,1897.8902853236154,65.25091033226991,82.16784066869381
63.1875239101946,54.665474900349565,59.23596711659848,2297.1313060246225,60.80119101482427,37.230904106664774
84.16732900374622,120.39727817960784,27.240891168030384,2318.4770279729655,59.085234862122576,36.816741392208016
53.89008800589167,230.85237958492027,90.23559038110602,2344.370423308857,53.324151805104755,74.0148415003165
43.3036803607339,177.24966328805738,21.599428226659562,2666.5615438875543,61.26144702450782,36.05348708161538
41.94784453788239,80.62586134598524,112.06187274785162,2188.762445826641,33.75122684479634,44.46676465340326
53.60922168241355,156.12007751725366,93.30206431426377,1561.2417525515,86.81286952742053,42.34464141028663
80.50807575506467,73.19235513708759,158.20291398078933,1992.2048077977186,69.5768322100015,60.786982834871196
45.827730788457174,72.9919182836124,924.8411061497997,2001.3299671018892,68.82870006439087,45.01705055412862
83.97328574637228,115.19863435976345,480.08008380626427,3535.9679398037892,50.080317859523724,65.03752428728505
84.5817242795033,112.36088910338967,71.0939998420437,4769.661253857752,45.94914198639964,108.94312037749438
79.57276859864834,107.71107612305329,701.6440764939998,3468.716847129297,39.01609335990654,60.78630538823735
78.84775932662164,103.23948987955657,1292.3004961004917,2156.838654761835,35.37418272979342,73.9392600449572
66.42965237330377,117.84337792404924,154.15500742500973,2663.240988581875,56.69548376197469,85.51940416099069
70.17824401118766,115.89019146555484,749.6574255380265,3125.2614946851495,49.42444568831572,70.5736017646248
69.04611210560425,100.43690627303751,723.2721776468853,3843.063738756356,44.01018809492972,59.59102618503927
75.28744851336042,110.9425783026397,901.1964238260261,2494.8600083446645,46.53238007514218,78.78740425064557
54.82079552907237,112.12302637436625,202.8555599832039,2984.288966296749,49.45569905318753,76.9805673001394
66.58305289046469,126.91613795359959,335.15731075669913,1618.3044220815523,50.23038873158332,42.05116995431804
65.41237126655915,138.56709312955078,416.2033727157239,3109.053166119921,55.07256559904393,63.87418321283503
58.49648926796105,118.13761403954268,270.51288538121355,2670.7071022658915,34.834731073014346,68.49860057532409
75.49917225379501,106.26996629354284,343.725475155303,2660.8074767503244,52.00311816898016,75.33089174893038
83.04470766818062,74.21117101221942,399.92544077070164,2516.238409719585,35.09737263154715,86.11643209647912
63.83378718170943,63.87829257699669,315.8403392453847,2294.032325977477,45.05151518683961,49.54668486909972
104.58769299150225,117.6371408657949,720.3456710503804,3295.9823068217997,40.8312816609647,87.88378127609906
74.89405692032446,108.88575268560145,243.6346380482834,3155.691333353837,46.666236871719676,57.04904915181537
78.98700730948946,151.53588200501932,927.7911758004537,2932.414344398867,43.777573193950815,72.32893469922926
86.53566285813253,126.3160858778321,291.3931228565306,2437.37235473261,52.43365238921863,78.35711757184274
67.7736700562565,80.72930610228582,90.90590180969038,2729.7949318373912,54.16612870708597,83.3721680818221
82.3010762936257,134.70403355745188,729.9725661375957,3001.442207067865,50.09874064155571,66.43448517111423
71.68361828120325,115.27206455358399,383.9287757284998,2693.993549573441,44.89120391299646,58.6237444061712
34.68141310011248,257.2058632969072,536.1996840876861,2366.9777314195085,40.8043579254405,46.159238301613
35.92777994297955,227.23913802086182,193.9499189992021,1393.2278707654018,53.89510829267497,67.90053922250355
43.73815620526572,52.66739427336241,102.73315774006423,2157.200634342704,94.39971493121469,42.21426601815731
61.60903202248704,354.6968910739671,108.9107754165669,2396.787060291704,57.79400170297724,49.257856147112065
102.94205166914438,86.9244598466938,79.7592948277949,1816.4372205851053,46.38761104809453,116.01352903776991
43.9195860181159,97.60805117444485,158.58138407052087,1959.0793824243683,65.91567683945486,72.60136065718136
82.20664818673315,139.3221089354022,100.78395936945154,2109.3831425593307,69.49742316648003,38.25497762439815
60.35710377434973,98.4231798965665,405.1709049956372,1849.8842512684432,52.336671474140005,121.46801439439788
79.36023920102541,72.50207171247234,106.78284732932082,2303.442905178497,55.873033193103474,62.58281472484325
60.55149469010754,133.81611612541943,135.77121934949113,2317.2789785513405,69.57042465386888,64.74874705423404
56.792160152479966,278.8604509073425,191.99172803035006,782.7342543090733,44.200955303990995,44.755082384447135
77.60167932338005,147.5373912457586,282.02751444278323,2009.9640126137572,48.56455259775514,96.17125968238172
81.05456538620138,48.36107065576954,172.59955381939358,1970.0578714297715,63.24044659857518,84.52610089351367
45.288010070707536,59.53142152444191,165.72237187915792,2003.117813776635,52.694568888948076,57.77126730625589
54.04765546889323,184.96095583277258,181.72945597837372,2063.9949856578833,35.997685446643416,83.73887474976748
54.00444402863212,110.1072353176724,85.60123692743034,2112.0008492557977,62.61851326264922,67.7613070580752
62.525838094052666,135.44451652856014,52.143486845627,1868.6236209343183,64.28443276082275,61.97018085537815
61.575171477936664,152.90106255984048,273.9520322881664,2668.421617161348,77.80984491625732,89.09477169866139
47.27460886515362,104.54816908931411,83.14272053614812,2079.276610444049,49.60975105893111,63.37597976238413
54.62207565314819,112.29125085265343,74.96778106499764,2358.3888771174425,48.4691602955784,37.73657325625884
72.754498359189,145.39373235711068,72.3980480218871,2677.6925679950355,69.64204247668108,104.19288303745198
71.91895319792886,122.52644405859216,7.560179141413504,3158.1972692784284,41.07558768912239,53.49554982282551
56.285497090430695,126.66492009633531,134.07390098701526,2612.18569447339,74.56971554416816,61.064592877131254
59.8574603159515,160.31805522545937,255.9002179830493,2207.160493905812,91.05708999604337,61.5701465240573
73.5195889469536,87.13951255673727,20.443014548194583,2133.1814934645863,49.44793970646327,47.792787360833664
62.574229378173015,84.24599992861606,197.45247856471337,2500.3011540306766,49.891944365210584,81.16072171719007
53.93450880497872,133.46512156990664,132.00941458216053,2895.8922709935305,62.475723013485755,59.76578473334186
57.25461503436691,130.21400219716608,283.4423136036699,2344.1635430592487,76.06918205989713,70.2001525967964
51.28136364952949,134.0621321749057,134.85911130897736,2901.2082294851207,58.878824057442884,62.399943386466276
55.698060904725615,82.86601287652927,77.12553649209774,1683.71579252801,37.293935446056054,44.50190513726209
60.454960603565155,63.369815570054456,70.07655314085305,2104.69511145166,65.23499528007942,48.76525024635924
49.94927758947004,158.92048045828543,41.43054385905593,1574.7662351992328,66.7094449441592,62.580174839928695
58.00406166309422,118.05828725179134,94.83632453885933,2600.824347836245,67.37300954394274,40.028122269448616
67.43128099371197,125.84451555761423,372.5133324242728,2389.316730851926,68.14926587693637,77.29701551634238
42.78809886139773,48.17142544046871,33.869618705945676,2320.067508077399,74.34821077625816,36.77822701022067
57.357085254458745,122.29192801442052,111.2193707432976,2307.421707332181,90.47195426336287,47.983131296517726
53.044219075948,117.6269741263629,42.94640936119498,2819.1750061356033,57.01157716108377,35.54991137423903
59.687861058094626,138.79651001236044,74.6239795047764,2364.8877858972237,81.01504922098583,76.1433058541809
70.00956828804188,90.7472274858854,37.145772629866904,1804.461566798765,45.7893419172814,51.07510051355451
55.777096977004405,115.26239843450928,80.34516711690289,2990.963598404267,56.121799920401585,65.39508933252519
61.082730284569706,145.33853651517953,157.25508055116416,2580.1438790681395,59.16091178921601,56.45315771430815
48.354154052023986,53.82684771385496,9.011102161128946,2821.02172962946,57.617761752528054,29.869709029381713
63.15191228825265,89.10935847450641,134.02168729988017,2330.684383117615,45.82635562593225,40.11477300645182
42.150976770098296,138.94856138975484,104.51177492430102,2400.180637304855,64.9346739880671,55.91923805392018
53.04050254146156,120.60840119763672,116.55814907206805,2343.4011268030463,57.21867047971188,64.17158046388197
61.65469170407002,126.56445204210887,45.451362384657216,2491.5539081644115,78.10343074289403,37.10081064368494
87.47552366766087,147.67886541225752,82.04288834862133,1733.8353276117773,68.50187575211935,125.93542430053078
61.06393158061901,126.32840345612301,112.83795005102957,2281.9236946795872,67.57089198008612,69.3816270481784
57.901752988091715,139.6269018061057,58.75649056377691,2868.6793121975834,65.59275166490605,65.65917092205972
62.48458200502806,134.76355211404805,254.69616970400114,2157.119428922103,60.06922339025084,63.6758279515601
62.46505386223647,94.60503843392947,19.83261720540529,3195.5346427906825,51.63523652283897,46.22971509965005
51.551970224278776,119.52756861855579,76.371004147893,2282.4555902291204,63.733706352748825,54.0826287508586
53.407859556024036,112.58553343465684,123.69523382818855,2425.968143764838,69.03273422183345,67.49860321879738
48.41515021343357,135.9040443199603,222.90561944793384,2520.0305503152194,79.93539878645835,46.84033073146644
50.32777113779798,96.89735299174285,88.20027849571805,2002.21966953392,88.4178758003096,66.90521860745186
53.09912736965762,117.80987618812121,81.98410630165672,2925.7610482505956,63.4501977179124,72.60782658257095
40.041402712433424,40.1450476632289,4.4978638108866855,2465.484922716308,34.44335810834976,30.55308366323803
48.28314033735941,99.15163493710625,46.30606636016368,2212.6225050122507,82.88591461358928,42.190115714899086
58.22143634679299,124.93962690071811,164.66367201642103,2652.145244246909,69.50633892154306,69.00307567799216
62.01845301867942,64.70692717715214,21.2884563654448,1900.8600290796205,48.67890750264847,46.66786527849624
55.88624104372602,145.44659309477095,107.19948156757387,2377.618483053243,53.082824525298996,70.72186084776507
71.28400394440582,122.59772277116261,144.00454808557816,2572.0474807429523,77.33560041737994,56.04032434298712
62.41233882815688,88.12351455956822,63.83780767666978,1642.0990291379883,71.55839123832365,45.91862716926856
55.86294169251892,93.66021060362121,123.46148013928058,2028.2948377654259,78.74458112558648,46.0882063763139
70.32462886597007,151.45624828739372,150.78071613208405,2771.3263320364335,55.403729113252496,67.18337347946873
53.7476224229536,103.49476574701609,160.73318815899754,1825.8226758558171,54.496268309505055,40.275802963693934
62.12983520332564,65.47578397634716,31.584325155635735,2170.49774852377,47.191159991383344,44.330200647129644
52.18162222298272,89.6329360732728,186.43998372972004,2032.1740032765879,49.41567767547679,55.44644726213146
53.99715013866859,117.53058218789302,66.58259776637516,2553.3165500121922,57.25161010495243,57.25060140585656
51.54041130974812,102.72090504781218,103.17109528696693,2129.315376056223,65.48101970701008,41.799877053367226
55.23198326155256,147.1930377386867,213.91865346200544,2952.47718885196,66.04882557223178,83.89387591825746
66.49016997895498,130.2044960318802,60.4800171041858,2280.77847638436,76.90236462615626,57.87830529749167
52.890070832993445,112.22452520828088,147.7761112116326,3110.818618428799,45.78006959872968,77.67026484897897
47.83984947790013,125.1685197550801,138.26035683384094,2374.5197363066936,66.42422852972867,67.98638897014688
60.05925784440724,104.70347466297305,31.557020815777456,2480.4764537806254,54.554470592918214,57.20378643543871
55.530460623256204,100.07833000408239,111.52916587822992,1938.6348870764223,54.82296643372526,69.50849538682141
49.799352462760176,123.27940404047297,435.87561682154194,2856.712683087194,62.44546271565544,59.330386896542876
47.473771378961395,86.29101823487746,93.4838515968317,2269.1261045519377,63.73242764632715,51.62314371734924
54.825161064830304,99.54079714838703,57.42965783545023,2052.960246696873,51.524068991307956,52.29213525851504
66.760830502506,140.30107789539085,40.487743523534654,2524.851091703272,63.21907046416105,47.76442600131833
64.28357650000203,104.97501786653504,13.589359013579278,2595.2025948611454,71.3997737022862,52.41954283402553
57.49859708269015,105.36037786065216,77.1085641486402,2790.2431873069304,65.30086443125809,42.15736467742044
61.9428621231531,60.79988991968127,67.90242075679512,2463.194660360446,70.90306762283178,55.68044519200143
49.58494633252781,104.09316937413048,46.07731397588223,2313.944119573213,48.66052045582631,54.95551337879502
57.57845673043992,124.81269887916646,129.77325555711633,2297.8444658729254,57.84543009814141,69.66530443878223
60.701166838968966,110.18254550942449,72.10999752747439,1806.4726850998072,52.07513796615608,66.87660846687545
57.21865737253967,64.13555705050548,61.7364890497565,2912.1085844864183,77.29351690573547,67.86933161242455
54.6266925325525,146.76508769154745,55.14218497877752,2650.2914349145594,56.10610264769934,109.68930793749996
65.65453733417006,155.9659206314557,158.56430155900864,1952.281700414508,58.971479891666746,65.85621439791518
45.171956509765934,144.81149264154993,196.1774809840295,2831.472537978055,69.69747444458272,70.99824841410134
64.36090507956571,153.43517309460162,291.7142324595526,2255.195991928319,76.01190911070844,90.16796427228681
65.63040640780949,153.741812942943,27.814524430845516,1858.031320929153,46.980674821446684,51.227905896456704
60.255237771445856,119.48898156018195,134.8017746808312,2438.5088159763773,64.16108352847608,69.15294595271732
61.81900517816368,156.42641734034908,151.51913049059002,2547.8104171079285,79.4068767141202,85.79951315364734
46.75956891218327,104.09606791052884,60.69376660665691,2849.1002277672383,55.24940911395478,52.26918912514514
62.439594237452205,122.55348353051998,228.1908067584942,2101.934239628857,62.26090369829315,67.5486278488407
56.68639871504563,105.78399191122672,279.8983418162126,3022.9747916107162,48.51586242919365,49.07879951668896
58.705670779741645,99.68515074609806,73.17962104680188,2261.8231301723363,54.56130115779699,43.05934065532127
61.98974954531269,86.49313055455607,10.318249422942248,4534.164889299091,53.08351989552814,29.534558127513908
62.38771609886055,111.43610484439571,57.670108438747775,3857.1850209901713,44.75952085749876,43.31693344417522
59.55993176341258,104.91840717126192,3.9029617234163063,5707.4932623753875,44.39302194183894,45.20671482629126
37.11795501175298,120.49646313514884,4.714793879236313,5447.049576819537,61.92792730543985,31.87112376063557
45.70144825504367,150.51122722844156,17.169751910537435,3738.1200050091215,68.41608159762326,26.17402942137764
64.82354729154684,190.89535803396745,86.27048681393205,4727.586975520843,68.8941208240474,38.71546378411068
49.31062965806309,162.5979379608995,39.97701297210004,4262.061461259801,61.1076520114502,46.185619808585116
50.196595282590394,192.29776473852667,62.59539863067631,3891.6122192392404,66.86340366252617,50.70472393544231
46.010924411387535,67.73761649695194,8.045864860256177,3603.7183904332787,66.20017523941728,42.10321721434423
49.84430871043048,167.0182985458728,100.8011780301587,3474.8661602173775,60.68046604286502,53.96436393780118
51.71275530875816,148.4775178499815,26.96276078328244,4296.498560957491,61.914670627384886,38.06665154963631
63.292641728433146,154.46012967818564,20.6178835411485,4829.281192492741,58.58058089690153,45.49589920543089
60.560523638711125,122.69197166804383,41.33215805083159,3943.8220765258498,58.374127398282944,26.303142902291135
52.70619697691203,160.89093736280495,9.553873228405982,5488.015951027283,58.872291976852125,49.29347557653641
50.493076992652654,106.51397911869626,6.514889122766737,4876.326998140458,58.42877691863394,35.191312853099724
71.87775122012621,56.26848285738412,8.875326942804158,2608.2119325549106,46.20232792827979,61.42576384494884
43.0613682993557,126.23819118532178,45.212270018638,3077.586611852423,55.73697039274098,38.150221716783435
60.22823260330738,111.77584767630816,47.86933632310836,4272.269111098497,51.69311647181484,47.23157768104193
62.04217440823897,170.26382099087775,48.024860632602895,4387.171360343386,70.0287370519878,40.95804383514453
63.09696250901802,198.2203513643895,37.826256720628734,3948.4606212270555,67.00223801276854,48.36097319536816
46.51461617668804,149.0595841662023,33.489812093768045,4583.416870512755,63.41124439007584,40.22474874291652
73.65068707294796,183.25736531372536,9.974346227831925,3217.3515167608984,58.577878655948986,49.56277955639952
58.22042667122146,185.33372244646893,36.619930612441856,3712.4816690794296,62.005155207903464,45.14822707530247
63.14604286921507,161.09554803929242,28.00198970364603,4079.363346843158,63.91663613131982,47.45303037681613
69.4878986867169,185.54134853625735,46.11724193607745,4809.9106981799705,66.27354572916728,39.86858326841053
44.56867240420301,188.8246477384606,64.35569894568694,6291.785051505343,58.47808237661059,35.11596940213974
45.25696406854574,107.68556621644002,32.75877406036231,3593.896314220354,63.9690649539439,35.63376849417464
54.55289473814039,173.46322302470577,38.064328766302815,4038.437667913745,67.15117951700456,58.60346973021573
51.95384977093929,145.66656951814264,7.353565304520217,5178.1176081441,61.166706592950206,27.619323033967444
54.34826378394184,144.06536573534132,15.196534951020775,4125.952785360505,52.250365925275176,31.806652927750346
46.56851310231527,168.348637678357,3.096763753968319,3701.1467359780145,53.38209357636361,31.49736105973023
62.76442575359715,130.1199108844627,29.546209773594683,3473.326591427336,50.195371179080695,52.06589875730491
45.74414721762908,128.08168053899095,19.94458030818719,4361.418983380334,62.17493537179205,37.7782561503193
41.736709092936415,156.09090844134408,31.904020319734826,5251.046473964055,55.64244717437527,38.69785206427067
55.52303769869776,103.47736702908244,3.6970793916719065,6369.026745605488,55.623533133270854,41.07229917205985
61.87523758959329,81.04030111181413,7.182801396982392,5283.71412639775,66.09755646941117,31.03644284054586
76.09412504978907,125.6345419068151,12.342856853580589,5145.345327310604,58.659786876674886,32.5170046392227
43.45585100240244,57.16527649976947,2.6926689706770683,2738.0743509253994,47.79760021452685,54.339351277114545
66.2452944570467,72.12481253501986,3.1310651438817487,4987.966627631175,42.627317363469665,39.45106110292052
46.71201593964144,161.49733659430336,73.3395704008408,3698.4993072367165,62.2766942493259,46.01076622908836
63.11213221177388,140.82993119463384,58.31380118377896,4402.810935548547,59.63484698313969,33.6000286606324
65.31603680307212,110.84570103689173,22.99527530251739,4094.7283073050367,67.46620324797203,33.72144884794944
50.89733323199826,204.6825679603934,25.25404838463139,4366.420674078255,67.43671399045277,54.66629647526396
61.8193498976652,112.12981963237586,11.945450340883976,5264.154588349264,54.82352036251482,37.553729241787714
68.40115666279907,112.34508753671669,4.928107047052016,6065.585575821724,54.01033169458037,37.48705497418988
57.16533892725819,175.39022749116918,79.69317675826655,3120.0948621262787,62.01181871052199,45.97842695162667
50.061930301554526,153.11788186789457,14.956902544158952,4647.571331697308,55.55548335667982,37.468511105500404
46.496451872614834,129.58288039996546,6.345594217696959,3757.950723651443,67.14954345157001,26.41546556348248
41.350278842466224,109.53206583858099,42.25405179160846,4166.0930651966755,72.84190368337133,31.85116600816835
61.76212016298058,189.4126372769688,37.584471695871834,4208.471886079634,66.30392634723492,49.4171311832804
40.58707884303878,154.10911682425453,37.34736754596137,4380.911073375935,67.8999679654323,35.25967854353036
104.34605672964918,176.12060494660122,64.11647038919283,3724.8750444937173,69.81526754624608,38.64704767631553
46.89948892750125,122.23671228627785,17.07069921103239,4490.433285734621,56.86267413394121,41.63220992901033
44.54633963074023,156.77203101678518,5.518239230833959,5297.540933792602,69.37101499343207,36.97339668755029
53.02675244258723,201.18446381020865,27.296028036555814,3735.0794066465232,67.92510858056788,49.35340731239323
52.059345651896784,174.98709831622745,7.920838549963987,6054.706619388894,65.78344429519667,32.81074249912331
54.147538079510376,121.62865366671252,4.472966393714052,6257.048256901335,47.00210362405213,36.128090138054276
51.993033399895644,167.96182402010697,5.787230748303569,4616.910364075725,70.81169677309438,43.42544768689531
48.50652053096877,157.65950697637368,48.30967020231179,4319.720302766039,68.69430546185302,37.96050765316407
65.53203234390362,166.23720883361628,6.089445237776716,6958.519483985136,60.01672517210597,51.64098302358509
49.998044206894036,143.47055657287763,17.627068304701844,4637.678440063441,72.98550381254111,38.366411053871346
41.905824159748185,110.2964425853039,30.100020291335337,3688.249290684392,78.06734263300378,53.388004332500714
56.133183028626185,143.02699955482302,10.25587046382353,6050.800618703124,56.95532549576599,36.41632191830773
45.97912531630974,135.6614192118575,55.06760240202654,4410.244258139639,54.92928355464388,39.091932792891164
62.46344683013737,151.3109560394448,41.76829025799619,4004.0008155718274,63.19162248117055,47.88298293912413
54.67527276412236,167.12672396699102,59.9306274021743,4193.185607455288,61.00413888748602,45.12228705160456
63.502680542426695,117.91463668291239,50.21434839142928,4046.9483533216653,54.670748253994155,46.99672274777327
55.401887896014905,115.1015642018221,2.157084041525704,6025.531098912716,46.19302107263092,37.98453215612018
74.203827812682,37.496096890136265,6.040040178895931,3885.8761855214716,62.14446767248881,75.57783244971678
47.49746034066972,180.11887505598457,51.23466246332595,3707.2982208853846,76.19678960555393,42.16775556351835
70.18244768255816,175.66042391390968,14.505202740567606,6337.820528943141,71.68591453050206,36.863729751516935
50.814801389247144,185.80186083306415,41.851058907488905,5656.59859114449,66.6024217446209,47.39970255563226
55.27339170372051,157.49136419635693,19.928398007152257,4343.220303864182,67.39660345220037,31.851641605706444
77.03910407249693,183.2594214013496,52.13527070923298,4184.57725018793,60.6288500652419,64.30465459218172
68.41949064183439,161.6292263760717,22.426684374702575,5088.906647221473,68.04076857507133,36.809612588052865
63.41570250859514,161.4091541375786,22.669411735581498,4599.3360557566575,58.0092479237047,48.25753211713301
41.7660581192388,134.63394214242518,38.704094654404734,5226.44650530893,60.87679434220223,33.34111084867279
57.71998281984538,134.95874379862855,18.052855007299037,5749.951608419105,67.62521238756698,46.72991927760299
47.734614312543904,237.72266679081247,166.71171086612657,3369.7024915340885,74.75011737769543,63.173180719562794
46.07244604334379,153.74852182499214,21.05275813181398,4927.768507151644,70.89551589053588,36.28759563758939
53.619995617297434,175.8935688455801,107.06703843468786,4113.971191168588,70.556169173647,61.04970027746884
49.99555085021093,133.9754924581921,32.90633582604314,5200.003109374483,66.11991617865957,38.853824332831884
72.17832633112688,211.9313120025086,40.648429271804076,4872.381671977579,64.30657331677693,46.75206404443291
47.50105095543803,147.24014794286165,59.14663272671527,6229.436173309891,68.66947519952102,33.50376887687961
48.244353415984925,144.01694999077554,337.42282850371504,2998.4114596106647,69.97561508867345,34.959586997204056
50.4533010108412,144.1364048959642,29.308580950620843,4275.456454673529,59.64822544881457,38.274826004939094
57.37587546582765,115.17911534397692,89.09764908297313,3915.380194504376,60.295821239676734,49.395512499554755
52.70208142021294,68.07585752996464,1199.5377570040662,1888.2222335708436,27.15566522249199,33.15752759163986
72.12998102003586,55.016289793516776,294.8444893675927,1971.8890922289938,16.280746114175127,36.597155623764635
58.196936615830495,69.516708377609,301.55615466100016,3398.595476925205,19.16926130296187,43.46908142567718
65.1755786207361,66.81956952167484,610.5264631438417,3923.8887690621386,20.33833153036187,33.85136740557438
51.35465282059754,81.72830661041802,405.6830037669374,1986.9946090835049,17.471391819770663,37.35154669122229
34.92341420974681,128.7025775315991,836.265016190888,4613.9716300355385,14.949185722754228,58.27865634211297
76.51703415544927,68.20299246252185,789.0999960282184,2165.617759944971,21.47314494733054,46.7094726918877
45.70229696352003,57.74388434033622,1202.8687461063278,2829.410478707778,18.32043099280195,39.97918170567457
66.68594846758123,58.3481377922896,1199.373882624252,2364.4141886430107,20.978739952175744,29.60213290882959
48.68518546891612,66.40075502404413,417.8971742680757,2833.9043725550887,22.10350208362541,30.925564144963587
50.98998240931138,78.27194600420113,649.0839641974153,2500.97951360521,32.51808529917654,37.04102488521884
79.22536022760403,32.38732495868929,496.8678680359859,2030.694944270657,14.715659229706871,34.719233508289435
36.360213769492375,54.47402145880077,603.3987272284498,1906.7976239366737,15.833796581374132,40.30654779522344
87.32380000950391,106.35603461971772,1210.5686265779907,5414.449408994892,21.685898106291134,43.958507562162865
48.62360525559687,63.77567788225598,590.1911458419238,1783.1732268144253,19.59418491124671,33.23851366900787
37.00588126180952,65.50628499677514,590.598835624105,2307.8873739119936,17.248581558951017,32.826912078920046
104.65884653061565,106.84861108090034,712.0734032198153,3774.135650864541,29.248199915552235,56.65842276121558
57.792268485248954,67.31375893471478,440.984281958637,2031.4775391607993,24.868859006732492,33.12087221727269
57.259022992357,51.9467428625021,407.54555024562154,1779.3320139089724,23.49934754332324,28.351955700755163
74.5151912407604,56.15266077674411,153.1094363365188,2110.0270046152905,23.140810237935344,29.793151076597848
37.895097553242024,66.04189184841954,417.4451157336887,1986.0708506476142,24.858092567981146,20.52288940491821
62.6273273052594,52.89916622265335,609.6882978350369,2595.6479022398507,17.9549325810787,40.47169236323876
54.6576037188718,25.481275606793872,718.7926149642276,5563.723765581797,16.253436005195006,42.51296406891273
38.877452195739885,46.58547161632771,162.06176053375535,3055.9491443255256,9.019019178722619,29.59288349605335
52.01315892561283,75.60145281164444,967.002672273381,2461.9107317504613,34.094678159907794,32.610463954196945
21.808793149087293,60.12664656883876,893.468123602254,3537.795641106793,24.054233621688727,36.374570671343804
36.87830318898876,84.61578859615226,1006.2567153166135,4634.3045099998235,13.251054830920438,55.89439050499338
47.97126218563969,78.20441683261298,428.1763984375749,3384.1175612955185,21.944537820130776,39.371674682680876
53.62721680743341,62.36362396558949,361.27162757249835,2000.7167754093607,13.594181028027814,41.6689357693849
47.87695839539131,66.45150479523622,595.9753956045599,4227.911850128903,19.922644620718987,28.45280218242211
32.88831043091086,39.645599441236236,383.18112493351737,2198.1900313531346,20.034522574717734,41.432846580445045
41.357259506906935,67.23816229965648,701.1931558164133,2203.670254885527,28.469284611030645,33.36207081960079
32.530715979304404,49.05096463663858,268.02061242419717,2393.665297970646,18.61917662810657,34.83571694540671
63.3483480918585,34.08806921079328,484.3897445917386,2321.6991600601805,21.731437354748614,32.30897591699053
47.76788603249385,32.084112217584746,250.71550392874855,2197.6254783499035,17.694170950851426,50.71842135923687
94.3640991634285,39.5221474816098,671.6493368700474,2326.7652427690555,23.95324589731542,41.268571591248175
49.45032232793044,45.195602135184245,328.2472347511839,2058.801562614552,23.64805767084866,29.571227083188575
52.85435331814736,27.043448746546986,207.21102437149767,2342.301669725928,23.201946858972022,36.90122512267713
35.38850040767374,53.47229867543699,367.4190436135018,2253.9502026298896,20.511943024369344,38.163747313104146
81.42094294763854,43.49861768758407,542.0046297723256,1550.4013341191317,16.11696947748111,25.768026848320257
47.08007386567755,57.49152286380137,256.00756772621406,1587.1440989216694,20.403397900934323,36.71546829507147
73.91507515623654,179.0077141432079,955.9402675828504,5018.593556893515,15.91546336289251,60.444445352395825
31.450390837764825,76.37951649040593,632.4497084473012,2233.517150462275,20.806638707697854,36.641782386270734
43.673299242502395,46.9831560779338,403.4213010659448,2190.724949298495,13.599022547748445,38.77361817921779
32.2162008821134,57.642176710831016,494.30919656262836,1985.428597154705,17.388176015124138,36.15525354837533
67.14792265837566,44.71932515627893,321.007991570514,3558.7443113712097,21.955430011815306,32.340553425360405
75.3641522275675,81.37712736051253,333.59444025594604,3724.2402606332143,17.392611207530713,44.131573096982365
44.48008987529845,52.785728664489525,284.8012916886082,1748.4447714463613,18.43906391603879,50.327762886765896
43.032071810560105,74.64265382840044,889.7272845810389,3799.9568114631306,25.74166516277661,38.31420098558713
93.67316388721964,19.764844985529383,596.847872673963,1802.7957647866956,19.280512893759393,33.97625746808449
70.24463230343316,40.0311093852073,815.224141473328,2007.026602241424,14.667024579730871,49.701654767625456
57.517431106043794,84.27824990632956,885.929824806686,1892.4578111109608,21.012650670238138,32.507955580436395
28.53332618010169,68.08556367278462,191.77220648646193,1749.9596810045603,20.582437550909006,30.087192107806793
66.55523695517695,83.89595456000609,870.6800328244811,3812.394752368764,22.278651901111193,55.021570933632795
33.47883793478539,44.07793628494274,254.91206224007425,4007.3538110483555,21.09387365782292,23.826849302689748
56.01886467391541,63.57919260614055,222.00549325714178,1720.5479604105242,23.002424968008597,25.649251611201358
44.9921914203646,46.38211062390562,339.39754863661994,4431.350086442592,19.32822802373273,31.6371099902045
38.07308279514366,80.17343619903598,826.6977289025217,2741.0149048172298,19.514770424523967,35.956438204232995
83.70581260628646,73.63054843942972,288.01946933836416,2156.2380087375996,17.63273900227142,34.989927664946876
41.28693573911897,81.88566595741882,1006.8670561113546,4907.142555998292,20.026660996685145,41.94398358732789
67.83072889929623,40.16925555214307,507.0295474111965,1870.44321001265,24.24671948105552,30.912239441860105
74.71605507494675,43.5393415393442,723.1972289902352,2270.8052074038833,21.62934810915535,39.28024993494081
56.856131821917096,101.53247949016347,809.611673751835,5014.378551337164,18.348097952945167,43.911505472333154
40.77520028332368,59.240184638918784,323.0601642116127,1845.2832899081113,15.00200207035727,38.32203030036918
53.23021178524714,51.166461133872474,303.59353094413586,2233.419254016296,23.253360272553667,32.14957294449453
58.58931556450452,58.327066749099465,1130.5920769767388,3267.937663591505,21.509605475113286,27.655856911533476
93.847772536419,99.51563709630591,310.71559703189286,4760.524692423806,15.3942149882168,50.826241095497195
64.66459014816294,137.44926716830327,847.5105638665858,5054.168482340045,24.7521428908575,57.0619890279354
57.254826300741335,47.11183952173582,922.9109787786218,3591.869063953108,17.53729479418192,40.32223243791329
49.05239469840572,60.367734532051514,702.3778215082523,1908.5004604818569,33.0925316082725,35.909799627720695
47.61352368014951,77.11847214912157,374.3630964957822,1984.4860252160486,18.885392039795576,32.63378991602536
39.62551929321394,132.61511531361748,867.9725034428664,4858.02123236535,14.530638601391496,38.949119195140725
49.18460299960681,77.93746635110152,308.31777622108535,1803.322096009181,19.173388587060877,40.10143732153098
48.10705929723681,49.92481028139932,340.54591313507717,3774.760430398508,14.387517313223675,34.80601517099055
38.718579029485056,92.68965526836521,658.5235348660577,3977.494352828478,23.053363842862513,37.506673408740056
34.561922272611845,118.80604544904773,769.6574630409809,4967.453816146786,25.899983556918762,60.895063483217115
110.89571784560952,44.01532822530397,407.86258736407206,1322.051696385789,30.499403957522254,50.769369712170956
55.6271238106528,61.31018939593324,1007.8082810459624,2378.375944152896,17.876073011887826,38.102239181133974
88.1910585842099,82.21083792352552,499.62604234046177,3974.463389896584,24.309076531993995,48.25802309133499
32.465688609119674,51.75136285135288,376.7640008061834,1837.3844011166445,19.285817577900623,34.64769609888802
84.50092798740279,53.75272512150021,1156.8400703610496,2417.546535524845,19.21343391630922,40.110583429377996
76.6492153644179,80.61655932419715,564.4261947848516,3818.936249788023,15.801942399636719,44.88084734916212
57.92109820781001,81.93894111129693,330.70410012508887,4137.918189994516,46.84036760007412,51.27139736892113
66.1617811399033,89.04639165184159,276.0765557734881,4489.543819294095,40.0518561718436,53.34340444613225
77.6582785566905,113.53462871384488,53.0303921864308,5056.175310588175,40.3069986079279,38.210006332781155
23.93118797959128,82.69479206021477,400.8790125713024,4905.371631085427,42.19614688950732,55.39604121901035
31.03765753661937,49.940595888524804,399.2999758814845,3910.7572126832256,38.858107421257635,43.864580339352955
41.5809196344136,93.68850120872688,230.85351199749363,4585.187486926712,24.585356765259167,42.80315377864888
36.712590318038,46.68657220789108,331.4401134157596,5316.271386859758,24.341357780134764,38.79319282654285
36.026420748784425,72.11474342062657,253.785381431532,3892.3691906804534,29.858221421469384,38.88148086288134
33.32670528236727,96.2076503439543,383.35619847689276,4437.338736327341,55.494078759513215,49.14246484208801
41.35922379885723,63.31518295039191,340.45228733747274,4482.3464319188515,31.8757948215105,40.659481780306784
57.23833436138038,94.665928541133,302.2357064994858,5638.926427642188,38.01234552595861,42.13261972072111
78.68117144480831,119.7295473231208,516.6587666979259,4743.128294822097,35.96037199512565,65.96002925081773
51.70904049805885,76.29903898221436,164.8030610723968,5084.560921773344,39.134081567490405,46.298031853980845
56.08593224416042,96.24320126447485,375.40479656517135,4922.25215948393,40.497603000482854,51.604375887591225
35.28935241804,69.58464155180579,257.52703593628985,4101.592408743904,37.134803259671095,48.37004583889894
40.189719047770375,107.34252019059849,170.42273349543524,4961.977275620329,42.29205183069523,41.2497423515965
41.02106070200884,69.28863480010699,281.36721883933205,4508.800189665119,36.206380911244096,42.94156401709065
75.42405621972725,69.5876510421112,283.10369473231196,3869.2728556564066,43.73762501458775,41.92441816599262
48.57463000663621,76.90775892723303,281.49191081013373,4254.087757354651,28.4147386790336,48.34318917233701
51.51105426366506,70.00196548466482,274.58679597268576,3987.5150149355486,26.81266518730558,37.295296181580305
33.57033263986084,73.71164703242539,106.55336026377246,3627.5354922876622,36.97656993825545,47.657142648135476
42.06801997554613,31.054322936101276,189.72824803201468,4137.099263416906,27.300175140205504,46.07186625656505
64.5805055315731,80.52354138151514,76.07556630175915,4861.92743369196,47.2495516974598,64.17071694072347
67.60810749497,67.02608303027081,269.6191987899905,4510.900522893237,34.21691253514397,41.13281850020293
77.13341309835161,92.79605418927228,549.0247784920583,4859.722393132968,49.71296519640565,43.60123837287988
30.316428483959477,93.89535780280461,476.6824046551623,4564.6675873362365,35.141441181305176,44.866958456036215
72.36787462536441,75.23469198888841,316.70541463858876,5336.904486481044,30.998827781779283,49.81449656395476
52.00323156422327,53.95064197354258,172.0704734915033,3543.978366620788,41.07668329135104,29.530122833375803
39.71698586655968,45.79552677401615,288.2460862252717,4854.713108261236,29.675456373118763,44.19682898313931
29.410777479610733,68.22636881478824,355.01182040909896,3777.039218524362,35.62073700031598,45.31514890211368
86.23623612819874,74.7571228805415,106.99352994397782,4876.547300943131,34.777641238671876,40.220731618409985
38.769947890187765,76.6997417371475,396.3616550638724,5520.052299939918,42.288892529666114,40.5602305753153
33.223220288754106,73.43753316487408,189.36619576999976,3596.7735576763735,38.30920554202766,38.48095787371184
51.54454552734453,85.63940245557303,389.2660722845676,4438.64472121954,56.55885323709961,35.04182660196319
35.93415609304749,107.74411977326669,1325.9205356345315,4474.675149830783,27.625181094335154,57.90378999875913
45.808366765565026,79.25428911128301,328.2167203972116,4135.5417980331,42.44147575719511,39.03421099136101
42.03928609706776,64.5318021298189,323.6619355510888,4136.1061607141655,37.47041024710303,39.36392523132072
46.92456181510971,81.34297789361412,164.4807068315726,3924.639593665338,42.319299737981886,42.937902696934586
38.56399857058441,41.94711379051002,157.26088626596226,3934.7506568703484,30.15456771426678,47.801419503333676
39.04622333104016,90.99227695898409,90.13330536344625,4678.56900487063,31.979303209408897,46.38537189550121
38.685299582763214,88.52370949432327,195.45475589688598,5116.48378176627,37.697306734926535,45.1821327354528
47.5665019112642,38.72587849341248,145.81889144323975,4282.904578007252,26.74327150879928,43.11474773587842
59.778202921251655,49.5082069814124,126.79739174776364,4948.856410549042,37.17104861241638,36.05539747955745
65.86472730163179,100.81937599763627,405.54045286237306,5173.565002707872,42.89396445959657,47.725267896049544
54.41843996115249,89.09421300391385,168.76348690354595,4876.881107397976,34.17066510485241,55.84948536339633
63.74027896653416,71.01634353688074,462.37209338474105,3983.5910778535663,28.67548928555571,38.01956339129518
60.6956304137964,60.560008248047524,205.12901619522953,2787.9224004735447,39.27795772568639,42.853521296206665
51.5987986997629,96.31747489275615,114.8890489125473,4690.408060284791,31.96146419005148,39.8852672830458
49.631691356508846,26.0717560547739,320.23838222307745,3899.838943835124,15.961765922234335,43.353574157784756
47.54348660672511,78.35138426111689,562.3168558077512,3801.5658319624827,39.16177972801783,37.74158095426613
56.63205530622392,45.96433914785506,85.73597544734828,4350.464939264905,34.28365490174302,38.927779125725515
63.038445493393866,53.548901578643125,158.40663077035296,4056.8531831149066,34.657281208166715,48.75076223654141
62.47698686225147,74.43870371485767,347.8788962467488,4381.262180234894,36.83864167559704,45.96713776852276
49.68108205185483,65.21691004931836,158.71478055071833,4932.317427266329,35.162628664527475,45.62812992489758
44.6237444901581,31.917894950428686,133.10471059201672,4164.676940560819,17.77983334569585,39.53001653323682
42.0951357456063,64.03221105326635,351.32790668840903,3965.5985628516664,29.38644743365932,81.52728850544756
54.949119523780865,63.39175530252254,101.92660161429333,4631.977346781079,40.931914486497746,51.53538573864667
36.339610194231334,89.12595369267412,185.5171070947684,4690.495678902788,34.43009944006826,55.28444566619493
58.56065988373592,67.17563536461516,186.70706512344407,4205.756424534425,29.32514083638386,42.27369165548802
77.04728820369888,45.63590421932635,622.6171096247945,4851.245579437725,19.216822426241745,40.18250004317471
26.967262526989625,84.34187241448657,182.77393603206912,3729.951798445686,41.35600266685535,42.00689732083484
104.49433550954242,95.73503284580593,177.6513060858121,4553.969485174924,41.55552483036625,40.96361453325108
39.48978254949734,64.67117689652744,165.5234029003872,3800.5922708620483,35.347413102241624,48.12970224212302
64.16387631620692,90.29484868433474,115.96231172307603,5397.17437144666,34.21543387728468,63.698662943768454
45.75542011495429,99.25840296213846,121.4989105500772,4792.777986924863,30.692628646173986,48.240850910229085
40.877422884256745,81.11219657453972,434.89805842995855,4464.258089819184,37.599214317689494,35.117261279292485
30.64491375640141,100.70334604511191,391.8741213328576,4976.872129381538,41.06878856950169,63.27792954387283
34.82903808391571,88.34861906433655,232.69290820269526,4390.7967713483995,44.092464779182095,49.3149786658397
34.88914008595391,59.33780358403547,132.65561835569173,4425.135622857448,43.765479142433904,52.45658626866688
54.793785446283636,80.02004821579908,183.43108381606353,4372.386154999823,41.75049522701539,49.207929612735214
35.49323470261807,70.04909049902358,473.9300432020804,4875.18438673974,37.593779561075486,53.10689510187208
92.88155232387214,133.1523490671265,1157.2845898354785,4603.935215943674,31.29845672562322,66.91164823275547
36.97241471830803,55.932070071852145,229.80532811319017,4015.030491154902,35.682709557710794,47.703787192639055
42.53064089055212,75.94205028763213,129.2595001692478,4905.229368917275,41.085563998218305,53.28757213555694
52.24359366635197,54.622958884942236,179.58527642674298,3348.906096046961,34.02111022166703,39.36656957710761
35.98544175305637,67.08574033217278,503.9094363138794,4334.595772037676,38.325401842298504,35.64022079498387
64.99260375460801,78.87345200862639,880.656362564507,4256.610709162934,38.90092341375023,32.996539208556484
54.069340683199584,118.0440154517654,1191.409200609774,4485.626523910171,31.149816984833304,55.029497045709626
53.14912911821294,108.56419043814668,582.0026364406856,3987.045075559888,53.08118583728737,56.61211579296351
40.347335978095806,63.00143569026318,326.1892871685706,4769.967185275345,30.629326701075712,53.72446185061679
35.60207670760915,76.90269886694715,338.3167507277324,4676.403425178092,38.39848010275299,26.567428665205995
39.80348409804127,65.2914624157917,331.6097420619092,4030.3414993437036,37.230446427229495,55.50218666046705
36.149334754730596,120.7347385818529,257.9825279922725,4685.674176677152,30.012116662708404,40.76691060386265
76.38607493534931,30.605267756016993,426.29102921102094,3643.928120002398,20.98672337362609,39.73746668047604
65.29442018879232,88.29896921582068,208.56605830943664,4586.973522844184,57.35869802886765,40.36725901741573
63.00242574593469,85.25560205888375,158.65634143451783,3739.052193789567,40.186016320749275,43.01479704476347
32.89241223813376,81.88294375493473,190.7211258513613,4813.681360887597,43.30185045521295,63.29390202561624
49.731334593728754,85.76624098101604,309.96964716784964,4290.395170911132,40.54821484416229,53.554356006536636
58.19956772421154,70.06224420629275,261.56681961215213,5080.969386771851,42.5781418588452,47.91710650964957
72.67022975509616,63.88630349134315,354.64104622520796,3030.6044905751287,34.231285826029286,37.45674254729727
55.68409959684027,77.2707794716605,677.573864496952,3599.7841033276127,35.9745272530243,30.779279060545903
54.08192363660545,120.09458574368911,192.49533836478804,5156.06427860232,42.98897008387106,57.19243435092642
60.92188938698162,55.90687641051526,133.75392223682096,4272.3016612195825,30.84520988651249,45.41189233722113
52.4381016622687,111.54396718094611,1097.223186637165,3739.7369960362885,43.94401234939225,40.303433095471085
35.22156910785467,58.735488586717736,494.2760561895724,4077.020045332806,49.534637079280316,48.02086135945212
73.94182467132735,148.30545940383806,50.82722546836929,4145.963345441225,41.674001007979555,33.81795175308891
56.84144168738206,81.02934893856633,189.08053485924665,3859.0483728682866,27.792551279453505,56.53985297862603
53.448222069220265,91.3640717814043,401.55965151972384,4264.659347041889,33.78813409234952,37.92691383226793
48.7484931384884,51.063425594220355,36.19257966424307,3528.787783675211,39.20010552719997,47.10925896403733
53.62974437076532,148.17408245757468,540.3110043396562,4186.514676769585,31.54411533485623,60.11262920810252
93.9365334458448,79.81629319468578,227.46387899422862,4202.579693119855,46.257395254050586,49.419461741819575
57.16567371922899,58.28454808118184,90.66450571376755,4482.842674569675,42.540362352850906,61.10878495223425
66.91585365457694,181.40274592707857,1483.7284480612366,5072.526453144532,45.679035653260165,62.03130560542542
88.90972051582014,58.4032185994652,257.93735767087054,3953.173190756266,30.388116659722236,43.29382849277183
70.51173222413713,66.82367151542275,848.9840220098646,3866.1233141447597,32.55713890385822,43.11014124643206
19.050469538641696,40.05001426712589,115.6099028253412,4717.988060599831,34.934707955361695,35.50624992391389
78.50927215668611,64.17311229891418,306.0266870225799,4539.456104776224,34.28278585720901,34.02469998382925
60.06314211699827,75.16266182659682,138.0105867699926,4110.568605255371,18.49665962358559,39.70397097485059
42.680403421794814,53.01933964117816,135.3930437657113,4354.13841340671,39.42937510862808,59.17560656984639
34.79846034025985,78.7895674877895,956.8315874883854,3123.4927561069285,52.98170883873328,48.51992127473982
67.50529343317672,90.14725284086819,182.1147441203274,3096.5128097710985,46.19020546362866,22.385941349966398
14.214091070619446,46.88969121027941,349.90124472662734,4192.549947164086,39.46137755884119,39.574270920714866
38.03932584163268,112.573093288945,384.36798955935865,5947.53467963587,40.261982132442455,38.85562728745615
37.47176635092129,66.12607553044309,271.79940955386473,4629.832798178239,32.88526681741831,35.245526436617446
25.99042043150525,96.78184699786935,137.46066803056186,3050.3809669971324,58.968599164569,29.15308247489243
64.30666444826396,16.064863331721696,192.77654648968246,945.8835587540885,83.11764544732048,40.57189795440462
36.627923543001046,30.519162101897525,72.92370863977966,2059.9094470359355,48.17735537891565,27.482592551868567
25.20726042798247,44.9773457305682,21.946452919451623,1820.4616390146869,40.086162575771304,18.634341923102465
40.1024590397528,10.517236970290783,144.61811206200952,1615.905552845256,82.30449498039934,20.505490828455823
86.66492577562045,191.22557740432657,187.25157758459483,1334.2583878603002,40.634095428693534,17.5289555052976
29.2409721901031,15.441479654435964,27.027983770580587,3893.2822250115746,41.14487280773263,19.579401385014304
30.98892639751478,23.560792675840496,80.91278926986311,1576.7232618706266,51.38765540301983,29.472343175130803
18.5187480355321,11.103023654711514,110.42038970727246,2212.5650370824837,42.767309907006336,23.779379776000784
41.71495485097772,153.6678579451909,8.880926246143973,3225.394735201981,32.87426131648902,14.030713055602437
18.989525434354153,14.945425852005107,15.655945535243616,3637.664415611243,85.78671932152344,12.541149603614734
25.1982046769176,228.94200313839923,21.594819920642777,3224.3687495502554,50.090076087989075,10.81517759510749
53.616781514984154,30.746823495359145,104.71938620282523,903.5833750299788,51.39444164145615,29.97701284798563
22.335762677103318,66.31156485495633,31.643909644033144,3083.318351809127,47.41153648071871,11.99046437158134
25.528990564008467,12.290322320564755,71.1028637505713,2535.346848929774,38.16129906362098,27.807439416194107
52.05104151307485,14.243385644354937,158.56580870211374,794.3915631854379,63.371997154284614,72.34307070069549
48.925252245851574,17.13656841783814,109.67463341260098,1048.3259339995204,49.6319601333176,41.61187521439387
25.74617155087884,35.17462511430108,21.09546582652606,3823.994019776067,32.63489868746719,12.594340352166729
27.20686089395764,13.366566740070427,171.5407815219159,987.9134287340454,39.645309732202456,17.4783515927297
21.255685374876514,16.458840767272267,56.04617795251355,2070.718790408813,47.12448500550937,20.557873926378413
64.72087151701638,41.26918986318846,260.68287755795257,853.1104599368042,50.00736254003051,27.821346150129564
25.420927350399378,16.735758592632145,10.55490880227796,2610.2992137161295,29.523038545228616,16.644677773809466
34.0020258757898,22.192512206219178,157.79169381384935,971.6374411495552,62.023557196320716,26.397160065183098
22.51276405382167,16.822844032199786,122.31157153081007,1293.8209055926375,39.60279045064813,24.111734357251912
60.91847040184218,112.64186184994188,666.3298606558023,1049.3960224835482,78.6931138695195,48.68439816880915
35.26333539829826,5.735284681880909,159.924273343825,999.0422230605525,68.66869950552791,10.510506832486818
21.463767412336605,23.328045795417726,102.3515647155822,2704.057393927603,56.1869456569062,12.961054607285568
64.96424580465718,39.93419241045339,148.29862550943068,818.0717934530416,68.31441139623323,37.49321228951731
25.360740578530784,27.853653565341183,22.934706632708227,4576.421495784031,42.74464835659238,12.923531759123406
60.220486621602156,65.30156818742019,114.21413852734047,961.2073224929086,60.035438640129655,39.9036380726773
35.2665764790709,58.677633969929815,89.52801910387791,1308.3705564776278,38.958133904924956,28.093106459900763
70.69300768831944,11.435507959388644,275.29045645090474,841.547578737411,53.7649966797389,23.01162338474471
49.33496291508666,11.575227505952503,157.3269573929715,991.8156733279626,48.88839135541396,38.03788425185992
21.82175766870437,19.150399892965748,44.572843966644236,2298.9057666341964,61.25217463176508,18.300661037743406
45.58194343792607,21.136800195140516,105.48610816033286,826.7446642277891,71.4249341855481,23.684649367358922
24.649309831365038,15.29049374999096,43.482344481517785,3201.363514946056,40.681460228586154,18.29785823313621
23.50944705845208,16.574143777863082,18.018574526114197,3087.422704225235,40.1622120329577,15.649907029234376
38.252384968078175,17.016774303012056,185.99756746258805,1664.9729957889217,50.83556067926766,30.042798181635778
22.931372729245478,26.777453844688218,95.42671583236239,2832.7590546455135,42.67657194439164,18.182543291227926
68.60408588588109,24.664886678011598,111.38468630322767,948.7135248266643,54.09543683316333,49.56573596100666
31.146683703790785,110.4575018807322,22.92583069469711,3367.163649092331,25.07192299631948,16.894147401277976
64.24966872863278,13.095960255488233,103.25716584303417,954.9656039651829,54.59904851198522,46.729819009395136
31.563923463710868,138.8510895374891,3.452773553960843,3601.3308065204383,34.35691511851878,12.707648104892362
27.836087690891034,72.1747862682961,5.9616117819221675,4439.48616699623,55.40125810212625,16.176964837506848
39.667877726906745,172.22363664410346,30.97214743159602,3848.929685840252,35.46708829333393,21.961033113939095
41.09163517947876,7.7755023729652475,129.5942186125956,817.180158338389,66.55420017148599,22.532814112392536
22.778415851992403,31.95731233459586,15.49123118939482,4370.341205534713,45.31887805470393,14.685584669134194
73.65036255748699,49.274324079040625,131.30198765503073,1059.99271897176,75.74267601634533,36.0674998906473
16.327560264822363,111.94168119689823,146.3229118430599,1898.978552954959,74.87677301600554,15.62785370363671
30.16335692572519,21.054007491325628,165.4737529045413,1031.4729180151226,51.61528473722417,13.519604645197179
49.84061400495276,15.7182265887783,55.36567673355228,1607.9711896087229,27.585467955065937,32.55115272779602
29.333844166467017,28.13768460358491,127.22066821611817,2311.7767748440083,42.85124842167366,14.400139916960626
73.34630710232138,232.4007615214521,119.25363292265831,3107.6534860636916,72.0240010751849,34.82519453228495
20.021284602685892,50.72310688578543,12.695720938555649,4050.1031430400267,58.457638986289325,10.002444095741978
22.70261047104415,21.28954298583846,47.55415022816604,2142.307644999003,38.97697400764048,14.424093613521169
27.024352923051676,16.74041730835142,16.50695914425819,3658.0914465390315,46.89538393542218,15.514341983093265
55.6956372959728,183.4940805237787,93.87195161320241,2866.4386962401113,57.99355396549135,24.355778738876452
49.92429291495391,211.36254351891802,54.206330893816094,3466.735837963275,81.1157738541533,44.50313197278931
45.848049088258385,163.66656301549463,99.11688759917797,4087.709824798618,71.64069470089173,39.4794979349559
21.03811114052872,127.35894236401315,77.29248550112818,3299.534958720252,84.65129382070303,31.273903397509148
33.4868651917154,87.63452102737153,84.89679201335952,2710.445531590929,70.15942499092161,26.318440437356458
51.583541975460534,87.60854316461398,65.73378952052315,3216.2832298287444,53.391510156421276,31.477289488911232
40.071912515319895,187.08080360068618,44.18537258381806,3587.2137708074474,84.75434852893069,40.2304672615155
45.73408834590849,150.64857778414068,265.5440805597243,3555.0361612161023,109.7180005075151,33.86403096596948
41.31995834558778,95.49121870197466,44.45558251345846,4682.689903436016,63.63968741689988,49.60036415549777
41.74075931187166,175.93762430768066,143.80980425113992,4249.0659618638765,82.59247716035176,63.70757554654835
51.03062652615261,234.72336229989742,170.6108569354769,4450.027744357364,71.1421069582402,41.49542748102505
50.466218396654014,115.45211110929763,151.8098682014554,3745.3914781552703,47.93385689583772,32.56032686082161
44.414250899756624,186.68617594015956,101.39219117257144,4105.872803256745,61.12064379653526,42.629688117514995
47.72191965591341,119.92129844462139,60.71804121934716,3925.1731687398465,48.28494476062848,47.11352292075998
52.71061808526463,139.6775627327064,80.16051596508512,4267.881004435321,66.8216220970077,31.708324634514295
46.6314539690305,232.12940721299177,144.52501935674036,4099.963554729634,104.71591485405143,39.79772879205427
43.693272020419315,123.89121651986399,77.21066613461117,3135.226553732514,83.90315115651096,37.86347053749312
42.52386827195787,102.65133662705509,67.80153340077713,3316.332595253375,58.44552368122595,29.77028568647839
52.8330781444364,144.55561474011603,138.1238948115115,3794.608216659126,70.13134704913719,43.62927608878272
46.19286851192164,108.44342902275928,59.37405688481146,3949.1016996232315,56.7569487575863,44.977246316409
59.02807912300288,126.8797247022446,50.166659899649744,4302.246876417417,53.9799400036021,33.68051873221004
49.20709278104077,196.19378239473934,111.51644924805665,3758.246744698985,67.39774503391355,48.55757373583903
44.444497658742876,125.08112401995115,185.40842836508276,4239.433248443192,59.516583439460746,29.600690303798896
37.557190758869055,124.9097511278511,42.32609629531989,4428.25308228115,85.68167639914688,29.647281891217286
52.99286071692178,198.51276487317142,61.594248397076235,3925.666884124789,77.97486288034347,50.27788851101868
50.47409994861029,104.46351463869726,81.08222646091792,4457.22451036107,94.3253843756562,27.941352010760113
49.01583453923644,68.66515670988453,63.72985792189486,3854.9616091441844,52.31237503215248,36.46349563663428
55.63425880848266,125.7297060324592,84.91424146355496,3585.8171180491004,54.077822981951726,37.164810206855215
50.58198180794398,110.01332216426951,160.42380668210762,3047.0054492435374,42.23974564197547,34.6479855539275
43.38270448710749,115.1132751049819,291.2106266737176,3027.320628373689,103.25942516146023,44.59359013020088
36.71883702988278,188.21852056473733,124.14497097434173,3814.1369178310892,68.0619662435694,50.485861185389396
45.07449089427882,212.49471163520016,149.81739601467388,3780.061958742518,61.274730657982786,45.513702086564955
38.39097365573395,123.07544242398902,46.37412064538802,2967.8548254981656,81.30320796403946,46.367494085357436
34.83425388022594,101.32724104643336,78.86518770633633,3464.1130413531505,98.03124972527104,49.38185830881348
49.76177766763242,105.37053574662922,68.07554927326625,3341.6115973538745,46.40426152646222,40.54977892682199
45.88533380842892,125.63527501696227,103.31927382347199,3859.6546582036835,54.374273340789806,37.15930196980714
48.9591322925278,177.0436623462113,134.28620607080322,4232.413900809031,71.13164651216194,45.51434321537423
56.643911991631754,213.57816348790797,143.74274669525337,4425.456864003112,85.6489722674576,40.326271507594086
22.415529141237077,86.83499809346226,204.06661380268764,3751.103124676175,75.7637466975983,35.894960540680486
52.083241140067344,122.89299527453994,47.91197086777008,3924.0839204587505,70.46905923216589,43.38940095470413
43.57658394549657,187.3038844893405,196.75233842302174,4007.038233674377,63.51355223412193,30.889849029701306
39.954760772657615,207.47003762930515,119.06291449029496,4163.075244241262,68.79631845256075,54.32394148516915
41.90564298921164,208.15456848243963,78.36271325940766,4359.875769599717,78.465385342478,52.088407234053896
41.93951978628461,146.51121404938124,30.722318475879757,3785.46424941953,67.75102956207073,40.852870091487716
44.16641484572006,91.74559851545995,56.017408773508485,4085.3527588956986,71.11727778144002,33.55424109651724
43.25419547192193,170.5354886325676,62.364935619134464,3865.077907591309,63.77429995066484,44.28145308770889
37.85703189853205,196.7223535379507,87.7175860700309,4147.804905077697,87.25973284137942,36.94731375786348
34.55567374088141,123.22568004757652,47.46372780183934,3519.5965350776564,54.09116215744519,39.74050106311499
43.598773601818124,170.6009973743109,220.42663954738276,4493.683468656481,54.99673064270357,39.00601133138609
47.071972249601075,109.71388511415628,70.16828979947265,3399.764226829473,31.155453714424052,40.38647144122519
37.37534168164275,192.65124281470747,130.88922780416374,3987.166289627032,79.71489592465024,51.95756343015454
46.62581766693016,153.72373954539577,94.77111768482135,3462.262514833408,88.4893702180268,38.16361955468736
49.56151390925339,133.9910777275585,142.46540739911134,3811.7541056078467,60.84501337349833,48.38980141267737
41.38051242529856,91.12959937078085,39.85695944526885,3338.2610328857572,69.80290564721798,19.74702050624785
49.99228081125365,116.883914117295,144.29276292300804,4346.857296951058,65.5469488227767,37.66448667928599
53.76728710999372,110.78828715823128,53.66122487018748,4140.346304499297,51.52183792286805,50.17214883533605
47.81424426845564,184.14055463622452,178.36788593576222,4849.940042623757,71.50550281147738,37.18524405307606
36.4487126881997,155.15662801792087,69.08637400280317,3184.381876328688,73.09895236445479,43.36804422441217
40.59910896091521,163.12800354384962,77.73607920389364,3866.0541001457314,59.60116496219826,51.82608777413361
33.4230419322325,129.76669532581457,39.90794813006696,3989.718301730363,57.60867224193523,36.00424380427164
45.0057172846373,144.32877156961018,32.35598722978707,3992.1852851005788,46.66478816115895,40.69117551551106
50.76762730418269,185.8472799418315,184.16275677236982,4213.635779526915,65.30540699744543,51.99230520291357
46.23806092140062,161.12499005918193,90.54640405462878,3332.4595822940937,82.09683013704823,36.999450848221656
47.59461667402074,143.691406068886,61.2475646781048,4878.246444291388,65.95839060408161,43.407225567993265
42.98875834687483,69.36562870745504,337.04925363074614,3937.540626868027,35.96983618891184,50.02381122510471
36.16105912170857,168.39899977540082,268.7626768061133,4047.832855699927,58.06810535124334,43.187630594740085
38.74863209517981,57.01212820071223,46.94466448002213,3352.766067548634,39.72594720491681,46.743405956627726
48.401056479851356,79.4708962406099,42.996046092653955,3665.5562615532563,30.525244295785626,49.36424635808928
54.5847043241245,154.70089576837825,122.46846789483868,3752.1400687184578,69.78438518596774,34.18077374109895
49.1705266835998,174.59073746725238,221.3337730456862,3853.6165865947487,81.43050605613435,51.035410639440585
55.64832964030337,139.65568010262558,66.64875550800443,4386.163937546282,66.72727185703792,38.06871925010121
38.47825227102616,126.11231768915007,83.09874006490031,3484.9065594556514,71.73776173476219,46.0267971630269
43.31995693719469,216.93053597410898,75.15584366483515,3896.018362399995,73.10856819166847,47.2085227546885
38.5713822305736,109.4353104530729,105.61158654039143,3671.425628420698,67.47009768559298,39.045232553656476
28.01517081482069,97.2952569014902,34.61672393785224,3615.546573284705,43.0972794467243,42.85373348421928
49.62467161591972,233.02787448341743,57.22468867854435,3611.041113976268,73.97767912530784,66.83525169009177
39.476609825592426,114.2896698174745,105.7108386556987,3328.6554294841017,46.80931275499606,48.931328027882074
39.581913020945855,129.67817176028305,92.16236417502324,4674.1223628004245,51.17688173516195,35.414200897730176
55.028145333952814,108.26218299643456,61.302231717169455,4797.026362780768,75.64534051929989,40.45247183284747
48.78499115461291,124.35086717686957,70.43904207012675,4261.469206086096,60.47053157860292,42.76379929995868
47.65287346100389,205.8937603962324,215.34337968046162,4434.263239423627,71.26115260443981,38.758617446008095
47.52919072068818,116.3206336807352,124.72550351268839,3380.8668645049534,92.08311285786094,35.45235234340268
48.36344135712908,136.78604248314656,80.26806365424103,3533.740291258129,70.7883637157704,35.245918569357286
33.82754139538534,179.70371391730464,50.54723595839716,3225.5915244037005,78.54775733389339,46.16640259466499
56.217064535227486,100.02122839425839,90.693794314695,3809.786054365031,39.55976232634153,38.00448876458922
40.23821712880041,147.57709674068568,147.50244123974335,3178.44578293394,68.70125515186044,43.32798840829173
28.603572752223535,101.64348843115039,62.584057376426124,2457.803651711719,75.36423712669068,26.77697223962108
53.43371788902781,101.40420256422571,19.448691308636434,4021.13756827323,61.613822332214745,62.46041945335564
40.658001284983726,156.17570963890384,108.33198829830427,4384.282688895111,71.29615018220973,33.67665877867085
45.39163972961079,123.02610892069274,98.64359091443063,3778.6698356552906,42.93153891106748,43.80482536060661
45.64725227413654,91.43696131682691,90.02974386946543,3045.773696127266,63.88099274066449,30.91093711112859
44.046174375830965,138.8118026111044,45.036166618590684,3715.3103648495203,64.42118591113658,40.928786848378934
40.119622316617864,172.99396183916625,47.195052171369184,3571.273280060378,78.27783428261033,44.745361022001944
44.72347575703552,149.53987448866624,99.32326676708769,3669.4910548467456,59.38217784407916,58.29311676072867
35.46693854561818,77.22778462721885,63.23765655173403,1885.737133429885,19.732718397315807,98.91209612268904
39.59494893098938,115.31533814456523,17.478004625306177,3244.892904685258,8.508688310011165,48.57145015139469
33.952389159056004,22.2033233246087,76.65335427497793,1490.0952586533608,49.11832239310167,72.8903404732292
29.430730577885893,45.48966934095817,124.97433483271617,1443.621024326218,65.79568681952742,48.152761397809854
43.10185372203011,26.520544235495755,45.7165228340463,4070.919711028244,44.58884557701503,72.09443655334087
53.97593887844298,105.81043173420426,42.00873570250885,1938.5822414392267,65.06559164369047,61.4660464575202
52.33754145453918,8.350710498857163,75.49794083349883,1977.8394494993624,73.44418642639579,73.74610173700725
61.05660638010819,118.0765895140624,90.47779696964031,2322.788638764473,34.81011712588823,90.42740712373104
36.955157234763035,71.31032393133697,113.83875195462193,2612.3948335538553,37.99321068670999,73.79996418029553
33.48438793855867,20.331116054611698,56.68154822397164,2961.0996206120144,30.33018727650428,76.19099324381021
66.73273159710212,78.65274711076437,9.98607319443709,1971.604890121022,32.953400612815564,65.97113233555176
29.742611734756405,34.180425749369014,938.2848994268159,2652.5311967232606,39.04177534022274,93.12480458171476
30.236644699636475,89.81434088757219,52.85011001369783,2408.270967541867,44.87996528977691,73.85267604743588
19.804293478254976,49.91668227865428,142.86103264718568,2179.667916915982,47.03382541681151,28.924466442230838
46.72460337984814,21.7696586047177,64.62059486487014,1764.4300940729413,48.10558777623609,87.61991615985988
52.15750293044266,66.82660390902217,61.55979208787738,1713.2040403506737,53.002067416288526,56.25223460429635
33.775312180838455,93.99448037978036,254.1304299377956,1336.6792027377742,22.074978324163162,68.21637498431211
88.79232011530623,174.4318236680597,34.18700623699195,2162.864514416811,60.44009943113138,46.717129359710086
29.838129284802285,109.17475246706955,148.75885025746288,2386.1435832334046,57.57834182137444,63.744384978536495
46.9995315220318,87.59450552812606,50.60209337728931,2170.542345566809,44.58153378404816,36.74565742500065
69.34667924379708,166.70054432732246,11.856564249166915,2118.874815023055,51.85380045847518,49.44365412736337
71.25552216202233,49.2574919563673,103.26833025432038,1982.0609021877885,67.53457767903629,33.29827614501452
69.3131411189238,137.50473772243078,161.91707507889086,2049.4128772472595,37.33670291315523,49.780605954808834
41.611426936907044,113.88545440240563,93.87820922935303,2085.938769547632,57.656285068918436,49.893325107388044
56.18560297549992,128.2042093611925,217.0127579614104,2448.372842757005,49.967082340155784,47.05553376726907
41.37760551676709,72.84475053858083,124.31598341576294,1669.0455980251343,57.28470583677276,65.95050808793467
56.59421666475541,37.160768143789,106.22593082718592,2127.5359013846733,76.18306943618906,40.28387873096275
57.28780036591685,74.39722937077742,260.3680972524306,2878.1979820463985,38.727938114843916,49.58285259707124
46.18604034245361,146.07050748412314,845.9922528783918,2697.1475073853617,44.58338819163953,77.0156953585957
70.84886224270453,98.99658977897903,667.4963975271158,2471.341433178079,45.26074002136724,72.26258315173396
75.74869403309472,98.27694784301694,462.9125735861799,3361.339223134682,51.78513352750141,59.92914624309719
104.07063842206946,117.5156420115941,386.49233347421,2320.9558237922615,36.12447062658627,49.18844300836926
71.83588173314793,100.71668977637455,562.0987634276771,3060.9993004013068,40.02346948271074,74.34640340141759
59.53448622070405,148.4638751586712,213.88594987970475,2337.773362059116,40.57521146875665,60.93412912593557
70.76254727283434,77.56007160899148,992.3368792043485,2400.6992757271796,40.558335257133365,52.55148840830351
63.84340802349976,119.16908721729072,193.47180821468345,2325.3862881678,38.47282646263707,39.5373855075301
69.59104379285496,86.933283613823,629.9119197138515,2532.1042985637,51.182749095178515,61.27191439178581
85.60217411208183,91.394936338025,100.91626495473203,2814.99709117185,39.381975707322816,48.08578333091455
103.03025724079353,80.86953399475591,96.05437719729125,2596.687838062436,52.96592507599772,55.40401636409572
75.24346053994813,69.79217056329428,718.0286753785203,2150.3473401611536,40.58042797373531,60.69156841786262
85.4415976944079,78.76154605708416,634.237171344094,1910.8650060134107,55.48077829802456,50.615836338682115
87.9150301791646,78.06614903973181,284.2557050405319,2604.486431754209,36.93339304149635,98.25192804569951
78.69148151816226,80.2091727077486,393.89783553514616,2499.730477323999,50.67293715627923,62.58755823382358
69.97668907974631,97.10733761431787,634.2585960557782,2749.24036934815,40.53959544892782,66.64021599877582
69.39362480986375,65.20855554068791,685.9200512607142,2201.140233612418,48.41632279366364,68.91019668526786
55.03987263176699,108.86789532235235,154.3811025674722,2287.8883805222426,56.1641277758137,92.86143641763361
112.38974526992561,93.56754175664278,254.01683793873474,2218.477108659161,72.78482332401138,36.69126271353315
70.36754259152029,79.62799014151868,152.35555561372206,2379.6378961846526,53.19146837097948,60.526884152894986
28.734718778086734,109.26463862401934,286.4516579540126,2442.2381441558714,50.771071132338264,22.656750741183355
30.4106721580856,39.338194228292856,482.6530474004442,1507.7188842640862,40.95244045627103,3.7612608164575696
46.90970489540597,83.4194067565138,1138.228016173437,3490.392975528482,16.94205166951368,48.89502289966998
10.922313425824573,58.90986580003549,414.43005328822045,3957.014998788686,37.55981876710789,47.208052786506855
15.89890634013298,207.9738800625385,1358.383870664911,2206.1917785907913,47.820230652627934,10.811441708881457
69.58917279820228,105.63459642923084,514.681287633872,3758.062857490905,46.95586849768354,22.22838755496968
77.35166098122473,282.589461242167,522.8924449926955,4670.610655758377,21.72301814988245,48.590576201263616
81.38811298164725,32.21695354736667,726.7892746612958,6357.123064138734,30.64613100283237,54.65159936715334
48.88609473802096,6.836714708972978,373.7749154502168,6586.058383929205,27.394282645715457,63.58785695716428
37.072350973678454,92.51274141409232,1081.8198718304195,3588.564191318661,34.598490038761874,40.29144661785385
43.83214089374385,60.4192617151162,652.5925727930055,2692.5760739133693,22.35539881429029,13.868408652708698
16.712432861479382,92.14471520817523,222.37087271840224,3890.4599376761807,25.792756344900678,13.605695514956693
71.01613049299472,48.168759551172656,854.1722393735423,5988.574224241687,65.02170070221294,61.783093003416155
54.419971542505394,43.9789384913326,940.0728720107331,3635.117400196049,36.40824352937038,50.4469578324744
44.33994295944906,151.5171265464966,848.3648736846692,3894.0806727800473,29.721212438790637,31.45618679420021
61.61183598035427,35.858546869775076,653.5924037246737,2196.0764654911386,49.0189114044763,58.86579262733343
48.52846656603174,59.931806766235276,974.9642683012374,2476.4468529706037,20.03271190018715,29.286763564444627
55.014473181733905,40.51056339444053,96.30928147464613,4160.3431821363965,34.815613632761334,10.025011198838257
16.147860507755006,63.220028573614265,669.8901417347608,3055.2248334656697,48.310167968740785,10.287650128617454
46.585163883462315,173.80813898654208,856.2880575718449,4974.2493056883,40.5718530656635,95.57609815019785
14.970288617286448,88.04515722806032,182.12871700136037,2602.021403681144,23.740983211193438,12.693413134725537
9.463103347618556,57.24799237600525,201.41832234558004,2146.167629668628,57.6025782776109,10.5693360618166
41.14468688119181,67.39508660785833,996.3528748318791,3125.895790286859,23.063835413103313,15.088509676220367
16.359400323736395,65.12878786994021,322.2258364764624,2413.0909286112683,50.34091868262988,13.206498407000481
44.84166089620055,149.02717602900492,378.98224495137947,3009.7459267783806,37.194765491929076,87.64099662001364
25.5712120866584,56.94226336185155,257.83939190570715,3769.7303276961616,44.999794893110405,21.356235672140542
27.287078855361315,243.42040033520564,829.2777735568291,2624.6493133443914,49.74553561007147,27.69392072575316
34.04607520845601,15.717198717481896,788.5426437774863,1932.025230575236,22.77848025363501,38.039732873103475
44.72248002357267,130.31517694140757,506.49104551296284,2387.9440589747696,24.551757969318512,31.563259817874787
43.09972167935073,122.27006970437559,162.50960983930966,2081.9028074097128,51.798091846378455,40.221194243705526
50.75033558966099,162.09301232253506,385.5723512255736,2936.7090336730944,46.30643290475562,21.276337077745723
71.97225197378953,404.79616987632204,1028.8456339568484,4158.615709958619,49.94273720256163,49.76189253556987
30.556210335843147,61.83407904762639,221.5324757009024,3593.034480097145,24.890171170516464,33.84637288937779
85.21991541597114,119.80719524851744,112.17949597096685,2212.755239292156,46.2071253647202,46.798753023546105
46.47768068748688,108.91412217164918,131.07218061556503,1591.9069336989294,46.42299637805659,51.27965974238672
60.97859761173934,75.81810376531581,498.7557635227756,2241.4862960394153,50.988853281823104,44.3720779020407
39.066998871933656,121.32938205488665,61.41997126541133,2017.8877389493496,66.69276825847506,51.09942300799153
37.77285519211117,113.53416075867088,40.063769798569226,2062.0617698378187,57.981775656971806,63.034134623514966
58.82802795473633,114.65483956099965,253.3061646597562,2050.475552195393,65.88331228589549,82.87436960514935
58.56195824054022,115.96353766084096,152.8604703340896,1740.1856496549701,64.0768466984551,70.03248583242478
55.2560929906943,105.69305960617113,435.96586696840353,1967.19416979779,52.49383162452001,59.31977259225287
50.972131936775014,112.44154928087043,183.508582850829,2033.5464951282004,64.53204272965043,62.3226596685135
31.82928377414747,138.6901861040457,53.99989157924506,2062.95459418961,78.90169743551456,67.78436631809942
54.039568823420204,104.47603324391035,210.51024077951325,2406.505951018505,53.459995144697146,50.587656169291776
56.310732556896966,97.97594672602102,99.28744857190618,1678.710752625443,63.534479498395456,73.38140022901028
60.02231643926958,92.5640072616383,103.88494562091955,2093.4320629897047,43.00163713294154,67.35973510040331
62.71659599183242,84.28838526692671,926.4522320970214,1911.7147492208585,62.82757090120355,53.357576522178185
61.63087953472115,112.35068439947139,86.88652752881252,1944.4211807033103,48.24363265887986,58.21590364946405
80.43428457309204,139.6429469337142,101.54587726945348,1934.0265031474605,71.52873333925572,48.68506894348174
63.04360559989885,150.15229089110477,70.00853747989146,1925.6218851588176,52.18041066712262,72.21765970230226
58.10918789014383,137.78829785290665,66.46117298960475,2099.1950757347645,96.69531298637494,52.36736928162106
64.20541308499871,130.35126560773742,477.2904522360243,1927.2882799269398,65.92959535790241,74.16399888709653
59.68445962868262,70.4004493969951,228.38870216121455,1311.3807990706775,65.31524441294323,69.39483670507838
61.115051077446935,88.48410562718598,38.70909818698056,1880.5254495163479,41.2082556256581,41.247794829102304
49.517222146991344,161.91608901100318,45.08482743341392,2218.4682090322963,66.87199797210262,79.85282931831071
38.95250598974411,115.48294103357439,271.2628034415696,2181.4496450895936,56.141821792725125,63.90729834482187
45.616819553994205,91.2399577001044,188.34179060108903,2462.590310916949,44.903909403394906,107.21180461148447
81.93023130203773,138.6774621430716,35.88342195402036,1859.5943375558688,85.7630475483665,55.96521097855107
58.78292638278604,125.38010959853212,66.74756086967001,2196.421224879186,60.73347812781904,69.73838081187058
49.66833203562721,110.44585190363559,154.07188173463507,1661.175508148154,61.39038885062003,69.3064777379265
59.02657870886509,116.56889551757308,336.5803047243602,2181.781228686668,58.12509459279974,62.58995696792606
30.801651534621314,126.31321325542181,60.82166248924745,2339.5661387430214,66.57010888794008,68.58681682045001
35.02402229527252,79.01266254058947,426.922905189435,1978.2198869261829,52.34157169954083,84.42520093743516
33.79253981094477,67.24312486667363,1438.3839425693366,2620.3852498430692,45.084481570118726,93.6983645371692
45.50000116641864,127.32061552163044,192.57820735824748,2143.2910006989314,53.50407291919396,73.61487836377327
39.349952772575634,132.8515265866685,50.4097973063486,2459.6314560695196,60.46954689066506,64.85328306802637
58.74011693566402,98.5142008705931,101.36995719661218,2076.2743499136527,53.34224178626285,70.74518542319855
79.80257441511151,117.1337706665614,285.4232489037953,2052.824000359061,67.9984055309102,60.130068239393594
51.30912146888102,95.2929197900726,179.4122747626148,2253.2554269397397,73.05187328526499,63.55344055481504
44.541225778800325,117.55771551946997,178.2652972276445,2091.164009774066,55.866867688647346,62.27648281385686
48.38411442342665,123.55943880184743,379.4225502167524,2150.9782891395903,59.0782661277843,56.39106863961794
54.921386267618644,135.9438456976305,155.37475070583295,1806.5876912087672,73.18145998283728,72.95598215953356
98.25886495733639,135.10278430069943,214.19958061110663,2595.388653288793,44.00126161934454,46.471938331242555
29.352328725113217,253.46752547240877,550.8971833361077,2413.584430493922,52.35173786602312,70.92411524001952
33.60176365450699,86.5842829811959,158.90571783840537,2116.473556624918,56.800397512885596,45.23656783101109
61.814702609818326,74.41047706620803,350.8861022211328,2592.888023069984,53.872773524509476,51.593614937886144
80.75601991264821,49.09563887545083,449.7774636059352,1939.3657327416306,44.90760126152558,38.41831987344649
80.6783293625515,126.8347414493609,29.25278476773038,2271.602277513872,66.34692971572701,74.13192995119537
37.460650883646046,86.83073275681309,147.17430628341828,2158.22893153471,71.87179025986148,68.02926995489761
58.56210491064262,66.73411729101113,133.22080018995308,2508.2059431018884,59.37428856134301,40.92293001007558
85.44692212278494,123.8449100991679,187.53573849856946,2218.296911786288,62.54705509841028,67.49957561151712
60.43579628133942,83.02592969362365,111.01595680874973,2334.648701016209,50.320497255056345,55.58494955982763
65.95619710637659,120.79786840928068,70.88934106632153,2317.8003330492306,52.96340749757145,69.76580772497074
43.23588684502693,124.31380076077376,89.05384707322733,2143.332125174106,67.96363279656812,46.683555683047956
67.45808357999077,109.77227892613085,306.7437799214987,2077.90093562832,72.83658447644095,64.00073618559888
93.94964337036143,82.29757926954314,84.57430953638101,1993.8601222361804,53.3379789181315,66.36126894299123
77.64838573254822,121.31114412802155,659.7226763144058,2257.137229476355,52.17591909686601,49.67296834710408
50.99101919304424,110.11413457532072,215.09189166863462,1973.60923213121,60.50953157284208,63.0161156763023
66.2676179039227,106.47950365272692,182.6421341089844,1984.7832118757765,66.48539875163242,45.23627933419475
83.23396436915384,38.731095593182395,51.293785593830634,2067.221397785108,63.69073500940784,55.94711648640176
131.73034500688175,114.2530735347322,131.88043571289742,2822.262020406579,60.13554117133001,56.371349530921734
50.02478589059932,112.40302803988025,106.76480032792335,2037.6049305304346,49.34110422150534,77.94316756074934
68.41008952734576,8.892597293777694,210.68859597847504,2597.834858863445,60.20890110292499,91.5039216167776
53.94747922585901,116.34576535708027,113.33594201683137,2617.1946896620525,58.15859638837724,70.36653313087902
56.01958662887149,99.13828425057281,118.15791590894631,1983.356661838738,54.776879286073274,66.99661442577954
86.72959063762588,52.22185664067927,769.8798332949368,3146.497398594293,33.26765313864161,54.284489269128805
42.37978565464588,63.090595932375706,357.8796826495309,2846.905869450108,36.44161479434047,43.2788111999278
82.6585829356037,37.79000191581751,380.0276909911006,2312.3706705628897,49.96836058643106,39.39495618916426
56.095472926457965,62.47582829793362,598.7636814922985,2864.696058757459,44.4740139489481,44.00399189277703
60.67403444561056,29.53559948374523,256.05925495388317,1887.2385275377997,51.37661404947333,38.20711790520003
38.29062645967493,81.67571393442027,298.954523584939,1833.0474261991062,35.8472298378876,70.05035059364597
77.10430811161571,125.38326557157065,1217.897145270017,3067.615792731737,33.84160409101304,64.18760547434573
65.88267354786947,93.21549546952382,1081.654452545626,3162.6436852746465,34.79562768450233,52.707077829773276
46.12182668733825,57.70413831541939,1164.3601164542051,3061.986292350475,24.419735400704973,47.16438905494211
55.94507162087632,75.0597367640635,499.62466091304873,2908.488148711043,22.946124425497203,34.055284229647064
49.82342122073598,32.82449860801373,421.31718421878827,1450.2325158958602,45.741622270734254,53.93318343695929
83.0022499287802,70.63282348238381,194.72899545828972,2058.335761223419,52.268962352668694,40.41476007507424
67.42750884217935,51.0029366019256,325.52937365052753,2900.461458754019,37.14736451295637,49.48622608480375
71.43151139790764,45.289606743672636,299.42997300949736,2624.799630819244,38.8983088267537,46.43348950005561
75.48453548901941,144.71539406706108,546.3498664764982,2893.6115912402706,40.671570811104004,55.282890346555604
47.833206423425985,93.6619613913856,513.0302896051243,2473.065030701866,27.064325065747347,55.550916022487385
53.10830880039897,40.72218131427894,181.70733560674068,2317.9147325073636,37.24336887161551,48.325060636245425
74.79642029956506,71.42213848758101,326.96409524352,2713.9349809637492,39.599746160492415,48.05000616890554
63.354793073788095,55.23441546503056,467.0824287495942,2883.405248793873,28.408858675240413,39.13297316898401
40.95416102114238,52.30138148376296,375.11642509524535,1198.402151282629,70.53212104247751,41.46515179535158
88.16989609868642,135.63659303784578,1422.2277930587522,2876.2514162934335,38.810186735917036,74.75814138531287
46.321991514974506,31.414986987686103,141.01771369564207,1582.4030261247865,48.28935635709969,62.633227580925485
75.02772891055358,38.41716995066561,502.81032857464925,2362.239894846381,40.44697318830145,57.81625007734193
61.59128696789981,73.65888009815323,874.8039584013876,2818.156954843578,25.94982309984266,38.40471165935771
56.45309553796422,82.18967514406025,1068.097489471652,2465.4818819469615,23.305094704786455,58.03818484382098
58.31222230917787,46.7950914410301,1031.419319799262,2891.7632489120197,23.144414428813374,49.920922981465736
53.41306362886686,136.99309037147503,525.6351758305689,2791.9809669661945,32.98158775717717,76.24170551447182
85.04063112579671,125.72439891280061,879.42081915254,2819.3300126188988,24.346376049426393,40.47289608532098
70.90792883366665,74.01143708681367,522.498710535281,3202.3208081062735,37.96188014870093,51.62820083561242
67.36400356228451,85.3363337240722,242.6953413515356,2983.6753100143987,48.982651491410024,58.77363704113517
53.56288440790318,72.50399168275734,1252.762682347155,2241.6627695914635,32.095605252475856,45.058184181424274
66.34364380173876,46.93746788176617,418.78730438771186,2780.482340379822,33.81047512712998,34.56957247503844
81.79420759312936,64.3006944427748,766.9959268238274,3689.469381292957,32.17198588679836,33.81964955437665
68.47076465909474,69.3524243241918,413.5900725754278,2676.3631408695596,33.77394870727398,41.3311622308326
70.56408515987752,71.09363006399033,409.7038776126058,2714.5594648665365,36.014394137549296,54.34406141233838
54.798901904208506,26.379265808465703,231.9665324791718,3067.052501369652,35.418555992053484,33.605073229626925
72.00488872159198,62.43583282261496,1040.7913181188133,3110.1158835315555,28.59922428600873,54.2172322472319
100.55059665780533,46.099814841345136,571.0227975188624,1570.5532078072727,38.39622386069176,28.194006695972178
61.55954876771645,62.55776984480123,449.8923552321668,2780.22083280931,45.157842404067864,50.18167949069811
67.96900108249243,64.02552278932684,1053.0952323006925,2331.40006636294,22.0053619846529,56.88609763867734
62.396574782652536,61.88757778247564,417.81609350814244,2278.5180835394854,34.25413810302858,55.33389734543208
67.75226747527631,67.71224332582476,938.5765089333767,3107.7654096684837,34.227337373630235,51.554680621181625
69.29498186546633,56.716661786932264,825.6655324830891,2950.0040812941666,26.69689818675703,48.51889743367037
42.39991257718859,42.54653080053905,289.6689408026797,1520.7019334511806,65.98833993767644,55.423270470587866
46.48849870107877,100.78422421982597,478.31327376444017,1747.7516202524855,41.36283765828287,46.54396243773974
43.59157570645337,71.70887414445373,870.0747315137087,2512.0389326946174,30.547225320969353,64.35327394159319
68.15977658701017,52.493675114974955,899.3196698302247,2132.8668901173637,24.41601228324026,38.39903669496109
65.52675649371251,112.26466140627964,1397.6829248293654,2655.6218424542685,26.773239514887095,83.4448702657824
66.57714186591643,78.38994196335986,608.6389248381618,3344.6455933221064,51.37984102872387,68.12785123174224
59.82732321465576,101.59337646066291,233.55863848283988,1812.0058029061063,39.02344802455654,44.74444276842627
67.0306890168957,74.2714052113375,615.3932422737554,3034.415978204811,28.825817649215768,52.055566299833814
42.38788949266485,76.38296329344428,1058.9884269576878,3030.0944622144743,32.82574151169875,44.41397412471021
56.56598747172347,61.4985190240849,614.9635698046121,2634.294228846051,32.26019995190739,39.37293355146099
73.35377134087561,71.31864437935674,978.8163317058029,2318.158575013801,27.506338615639145,52.65882390484913
71.5415121970326,42.43771678453647,268.8373287783502,2834.9163020956935,36.56084197223858,51.68332811507235
53.458612295378785,102.48796119731837,358.9139487547113,2737.079074624973,45.19391089506065,46.32802593752828
71.90387676064077,21.516086747223348,421.7627281032338,1558.7718254115564,39.15874745598973,56.81449410738287
55.114831747367475,27.5709303293988,292.72100145280353,1966.9640285658488,41.74593617344745,38.78687535549153
65.50617070515223,78.59028822721424,879.0252811975083,2590.739311195721,31.611988129249404,46.979314277005926
78.22240823817268,44.10604851870075,301.4598553055156,2351.3358780240483,36.418363995294925,53.12994131428509
74.9203487279872,123.4087582599316,515.2555252790819,1452.4778157699486,40.518119981004055,50.83507875367785
50.71426697781146,72.73580374240164,596.9676935911612,2942.560844298937,37.752670713957535,42.9899424487154
54.295187362119,67.95785143035475,494.5280327027546,2567.544426962791,32.18995956152207,40.14311800078128
65.3681317813601,52.089341328357904,732.9024360280439,2573.775791560339,21.874385592081357,51.4903462258006
68.86345200662433,82.78777096303861,325.26931833093533,2919.867584619332,31.04494829002224,40.123077368275545
67.2164958038291,90.50654509270689,866.5300303374931,3678.1928401628784,38.019692671649096,44.669174797314895
36.51617709775917,88.83433030170238,1149.9498966635572,3431.0066906989464,27.803246937057,49.7886890957036
50.65039782894799,56.28150642230637,464.69179347844886,3037.473776658331,35.02286318058764,62.59159383059191
58.75149152296641,129.97228013507913,568.1049522685825,3114.58081121675,30.74657617691393,59.59748505358076
61.967210008854686,128.12182363951715,711.7774991197297,2409.323634055431,27.399251868363343,54.3732635415523
66.44383055018689,79.90426124139233,393.94574771581006,2414.038662379556,25.93221063233415,46.74664776309848
56.20219326604438,106.3684936649889,1270.8211685830634,2497.587132844608,36.93712605995421,63.69290856880466
60.16688927273658,74.82282221268802,348.7344189825641,3868.033811360195,34.907266295426474,46.511702112786544
67.46191654148608,63.40008840608458,881.9731021045743,2776.8505747986082,25.295757446515726,44.56858350961345
66.1824842881339,43.28838383532663,618.9795832349494,2215.874701455784,33.73661459837955,48.51663399161154
61.70423818483513,65.06433835860531,582.0869002319355,2792.7935772240853,40.24066940834988,48.51421855293384
47.64887003020581,68.0696311446257,784.6533404600711,3273.5437363209535,31.75132999840033,43.88622465887894
58.17415055661442,50.71329109631913,643.7771017453179,2845.2023830608323,27.901119548516967,39.330021749515524
82.85307103078986,80.1827006880944,654.7589836960321,2623.0695897675796,40.61438830459804,44.71493364981919
78.59731037984713,73.64815924373461,755.7455613231698,2373.1426408711764,43.26354839904134,60.76960117509811
61.27519454189319,71.16796956880592,598.6430091949923,1971.3393576928772,38.72906778785733,47.84954608231084
67.341023720281,52.69643868524943,1357.8508486768646,2573.9492678898996,32.6199898809652,47.22888360377103
52.38312480304528,64.8224083550033,683.7883335035851,2585.9417514593,26.809768074998807,42.99984594792029
67.09287292934759,70.44182101250499,753.0667781420872,2836.54158434817,40.22224169567178,51.11031803606001
58.60746666432045,71.68978883147484,350.27626452314394,2824.1152920379805,38.1659640786684,41.68502278954828
66.77430644936845,87.64429337043846,554.4643795414806,2445.4633698054745,41.934892270916436,52.475594895002125
66.52888201610685,57.7789691211435,360.8464987424147,1408.7291992853893,48.86650138700739,75.71793451826649
38.78139996537163,34.20003479318733,645.3989250132004,959.8951502691019,27.18990118504015,34.99460784726619
61.659533442382106,131.50418255162938,767.7187655075971,2777.9006599534755,30.566228394290853,63.859951191096094
71.38475937299793,48.54504039872032,493.4896104930742,2218.788520526863,45.34793626959615,68.82466715213928
46.64275634225002,31.403103227901337,127.55840233406066,2386.1809015972153,33.29224422783293,46.09499486607563
59.19646489788069,56.709978966000975,707.7878531602078,3019.9224697020245,24.267862546956437,53.27921909250748
65.76543310813412,61.23187667139383,600.1415693389977,3305.183602409194,37.48921524152698,50.04779465711085
89.05718610013405,92.8910922939497,1289.978456989692,2876.4403277946585,30.381025237368835,60.06252344382288
49.11784465566623,52.74825134781938,587.1844900894619,1938.0104949547047,35.785901945605914,53.93204899032045
80.23027439778534,74.18168635827325,855.8532456892522,2431.1464843497047,32.72432436658896,43.28951326821258
66.71503748046126,75.76228188926356,674.2217782706779,2056.8651426328947,33.7530940183084,42.273971817501774
76.28200765251847,54.71488307356691,876.3170136714635,2365.6748482116664,26.363499315591437,52.389333039610925
79.39601401608962,96.28275335652829,263.97633515515923,2644.414819404455,44.98053833804659,56.75038604265469
60.632061958768276,34.16550665765033,237.4613921926661,3207.41444562116,64.75672539056639,87.08390773643332
42.26210875392111,32.56285221469424,15.247694116020849,3599.792150856371,37.87332475806256,13.641934600330542
61.10003696243661,127.92895043528327,17.96637296297993,5684.376683347541,67.01901750388228,26.106059626115833
46.174643935841715,95.71198291661389,4.788786227107702,5019.519273961298,60.48009671578097,24.418431501186518
40.64486758229519,9.732624881349548,23.901605646748074,3901.561995615844,48.35268386640078,12.545427531178023
45.68894679294323,77.92587883335557,6.337074743747538,5520.871668068599,51.7153780055202,27.126550464437692
38.092916471068484,25.85986971868853,28.08280540044404,4084.2565948965707,45.691505199277145,13.204603015319112
43.25885130466767,16.8307615195499,8.40987009912979,4437.164312054135,38.82418174410232,20.388272939292904
36.70680206695864,83.07623733570043,16.603628998195795,3935.6568980247735,42.601665133062696,11.505521921994088
57.29276966205444,190.66420292514277,30.1508993202757,5477.530418023995,61.6723763823369,28.200260644038703
66.71699944917306,73.49166825117342,0.7679233506968377,6014.912161711101,42.505721774749304,35.30062690021488
48.53014604482467,171.28143092224678,10.569430113198184,5493.574292559531,62.224284443556506,21.757391841588138
34.272916817987245,17.84210637868509,15.320038632643117,4409.871930958158,42.345508836264386,16.973310832081204
42.09814719822756,36.31719962502738,17.951516549315233,3678.6225543101195,60.74804900599432,16.16282443689002
53.53151694907895,103.57254123831672,8.142327522634684,5450.736494340415,59.7586769371614,25.505284124353
34.3529518365314,107.14802722299609,8.35242374499037,4614.131507190424,43.038376155960464,9.974178167209496
58.27046932341832,91.45968954287288,7.13930064835199,5588.6088758834785,48.20790890241283,28.427078431029997
49.680701291425244,54.870788205788365,16.401538792944002,4141.812845191885,39.606042797395304,14.418116227492808
55.859105844877256,138.13277522597375,9.356890522511161,7067.440615812791,56.672255098938706,41.036193518142234
33.804731403421954,74.34049124451379,35.3987877339036,4075.2686624083317,35.66471506499309,14.011086419954777
61.02931990606884,133.5768049167063,2.575734804799968,5418.067823448793,53.77869110938869,27.17157863378919
42.390228100608965,43.7651611850134,14.119412269562563,2955.541125955546,36.61667304629972,17.406044705644618
37.502382937248726,172.50721322997788,8.878959139953656,5499.755813113323,53.36558736945641,17.769104417476463
48.7022243210706,143.13074371054253,7.571726566558122,4755.883087460247,89.0280560654486,28.80777330864625
42.459307848823514,117.87644403304726,22.341294655952943,5443.734508354643,48.52535503349924,14.206060191899859
45.304856504156305,83.18283797730494,3.0223418673129516,5358.294722854839,55.92752514990443,22.79330317748711
34.813223444016415,72.53618279319592,13.953889895076713,4561.202551597374,51.90900048784098,10.884271161813556
35.66855413979247,84.44692264624433,17.907822365808784,3304.4437626273348,41.545114764703015,11.254021472516017
47.874293371948404,107.15678035313805,13.941922376640862,4695.041440706913,42.67812009132126,23.879822460978563
49.159714266947894,92.17348691863127,2.8731686327699197,4520.564760379593,32.04519345820051,17.746963434668512
41.88707315397602,111.99272137039463,13.653085771289103,4812.092536289703,52.13940975363519,17.490039546177186
88.05802753323614,32.683050064873456,2.5466409755268264,4369.615215971955,45.201288433603665,20.050110937140673
56.48047341501562,95.34921688005679,1.7477966903167519,5986.291155743291,53.63541899896385,30.36983140580045
41.75508561266199,105.68062986222769,24.30401495830909,4517.684617329368,44.825412074653244,21.220138594938287
58.10193477803518,124.05046937567722,2.6204237092352427,7055.930240319458,46.18039931538411,37.589162074828046
43.79681741490646,71.9698233128615,8.962497865273766,5941.136663984738,47.88023318175296,23.959573241218134
64.78091196750829,71.02042929523238,5.896615180744551,5572.963552704852,37.35339806407872,33.423877578216626
49.9959600418891,177.1106756160156,33.61167259417088,5103.219628852521,59.65643697695127,28.942818282419065
52.00505439898914,36.49737874231451,11.556765286330211,4292.525254965223,43.61471637069276,23.112936912617478
57.13187665431044,165.38003488646268,16.355331126263348,6006.7028299932035,62.017780823332934,35.696929427417835
65.04972389968559,56.06081429275144,3.8917008522251524,5768.765056221191,41.693559661649026,34.42887582101245
59.574401824407,142.98314316109793,16.979891704967986,5391.209994744177,61.39888941060961,28.637119852491217
37.9361134871388,50.65445566539228,11.654989439954221,4321.629269163185,72.09299409433476,17.65296156373357
35.72076663097794,64.09081841388988,12.686021026748104,4701.28265241501,49.0876095702358,10.699945855751372
48.97907121267203,27.185965852786374,10.486246435555456,3772.0146540834917,35.27780164355452,17.355703031097423
40.727178887597006,31.786202546298895,17.57072898133214,4185.372376687717,55.03454861918044,15.718554383300136
59.54621443471404,139.2234135507728,7.379271343372443,6103.509992933019,59.847221534112144,35.846691125478856
52.99644054035109,121.30754929034326,16.21732821579112,5705.3557444429725,55.05063855732939,27.53611675797358
51.81268934625366,75.9707618875123,4.391105836586216,5112.4985756726,47.68878135662437,25.593250933592337
66.74021833676376,152.39048355229798,8.918333874403885,6299.088424775075,50.41444538981802,38.940467360872944
64.67164415552023,124.77443549744181,3.5653515555451873,6102.854198635941,44.77453097239207,48.09093373752214
44.34628935191331,90.99730259309703,3.3769600959192747,4464.39188657517,59.72384807037454,24.424088225430395
40.914524130224315,92.20190683824167,31.959681456175144,5184.004945836263,50.961215951469825,23.393245878244098
32.73030212908808,102.7662933186545,12.41229281019303,4063.913713725881,37.892058644879235,11.345956712941263
63.16850976888189,111.13317110709596,514.3507623615977,3000.7264993147814,60.02923153718367,67.98100967184835
92.00628615685298,133.00548925259528,142.53099433373342,3256.1056205859427,55.68509184701154,100.15849306374979
84.16929772591806,119.36742959838412,137.42512982338994,2698.799438572661,65.51012671916865,58.931452299981004
64.49416808626384,112.22382568257913,457.9869292334666,2342.4173185022096,57.55952178504691,73.54289496099926
91.88055405231088,83.59983765784489,237.44447810642768,2927.087318898917,44.122534429966585,50.43414180833467
55.71942112564527,116.65161643624492,340.3687591643193,2490.7518754544617,56.60251811615219,83.95814826966459
57.718283505958986,96.41899045082685,333.01513147953165,2663.280299978448,53.29837809011331,50.40608587311126
131.9481053127085,93.95339613636986,371.3700798557845,2305.897531034748,50.87817768494937,63.82249365415065
62.93530047169794,96.53407801029252,185.87660804452804,2954.78512931608,56.262293809714784,62.695380596166636
67.81427101860409,103.59305295177828,251.957751271867,2633.1302089081382,59.300446319975585,61.09267198508214
53.498577655822984,106.42588423159637,188.0024534146237,2594.1011391940256,64.29840744645105,85.72276777276313
83.46265239356826,131.724510396566,60.63183749013336,3269.1106877633138,57.06374905781162,109.07689215051963
92.1927428720079,107.64443973104585,232.1603891280622,2583.43803617739,48.043287354208616,64.4316000171018
52.56342349130989,125.61765804405299,506.7607831920911,2897.528468136811,52.32191158700596,68.44932922577169
59.91270287609761,129.5119961867328,253.91111672086052,3268.0935163356226,62.51587462668339,81.75934605167218
84.94817518467642,109.5604012590164,393.433387759482,2280.4718007521833,60.33206542499374,60.52680157693771
70.13971124815458,123.27729084956773,131.77015304424856,2553.6960239758373,62.18350710294442,71.05461189811305
53.07071575571603,103.57539307035658,287.98151161556416,2939.1724689607227,63.346946437530214,61.10427660650168
72.7241695207488,118.887162888206,217.04667156336475,2711.9933851749315,55.72219614913271,125.09081334877601
81.34172986959582,140.691432664797,412.11825868312224,2504.670292970124,52.691811116429946,81.55629227645024
39.91911951245666,126.57031556153628,262.9203807509003,2326.503779562342,57.175738162536334,64.9193677587299
68.88480179843074,148.93742674333515,576.7180142498934,2118.2019338751825,58.764210353795306,89.42054660560068
66.32888977648733,118.09586766449058,373.03958884593317,2478.9044804531486,49.14023046870213,63.418894487457756
81.4077225807072,130.0396433757792,305.83874620129825,2599.5177102859684,53.156087989925645,77.34986079601417
30.753485972669203,99.93830690318083,429.72375301769443,2720.008016254146,47.464321755989516,75.52806663100094
56.15001652533033,141.73376889842345,143.20837348205677,2357.17008437265,73.21606627125173,93.80824757088176
54.08951499465506,54.604915571614214,1133.9987707702496,2179.5600699484917,52.064811865612604,51.57367161338643
66.85179439235823,112.91086198692355,273.20976262222786,2182.545515485611,59.50860893745926,82.27143035083509
49.872289029093665,125.10638728233677,236.44438941454138,2736.023245396952,57.86779350713788,83.36363515814853
56.77697883244751,77.46765427609492,327.98784862228445,2817.773539124284,55.63374437837513,48.73692453767531
63.69560606321108,112.18645582703866,85.09400600041225,2469.9252829637735,46.5912213894717,70.34077459725188
56.79492941508891,123.8516139021611,85.4602092862251,2933.128101495693,61.97628585857495,70.13060513783003
66.96230520344245,108.74158507716635,377.44319320698406,2591.060459803557,62.21613999186379,80.28709884148324
70.90954216277062,81.09800715961023,402.84349535434353,2629.728400656938,47.188283413162935,75.73584843252675
56.110926140610225,142.7386070699265,112.72570975414466,2869.1520213385284,46.888647237099,105.0559893366266
58.71988133699347,107.76751961396306,605.6527024934653,2535.48206646246,59.53127955623886,61.7506017076329
62.2569648971631,112.88219365518944,156.16384749103725,2725.9942819558305,50.38527048682719,59.47018325108408
65.638754802323,102.38843810374658,103.85008863119461,2815.844290173261,58.119120408411206,63.25161568513774
39.37289735624805,146.01837751899032,262.7826675038533,3123.220796557887,50.63625230964397,112.10357209708152
62.602537034937114,93.35751207049036,640.358488374553,2399.9348050701947,41.29656806191295,53.56744481191103
72.59016246277743,99.03392385005773,478.3647041427159,2221.3380973322232,65.04917745236395,65.5435813727458
43.35205541309146,115.62637100969228,161.0965705249491,2996.7038089033335,60.45220144426329,58.73570088661113
73.7858729471812,86.22567652185896,86.2076338017392,2425.48555455974,61.330716974888595,45.65852463225984
69.3590873660406,122.56130363191245,845.2283638290983,2781.173808975582,54.93281540178996,69.49755984296544
65.46479448202939,116.74510702646798,228.00416524538494,2542.3827468718864,68.94484724311981,62.77974140370832
67.34425661595341,117.8889764857653,459.79045295451704,2466.8391166552387,58.54564441151477,92.60172951048835
60.91446495497725,104.9696598536466,61.230361416363344,2764.118039076766,51.15448742591738,52.87733398565921
99.15963942677374,135.088709183702,228.72781937618126,3143.4356101860167,65.56788738555592,82.42337706449358
52.57782828399767,123.39625881533226,195.99510308043105,2604.1066705403814,62.62266977724197,60.66808367630321
50.15051199802401,132.33638896859415,144.02096240987387,2549.067147871063,62.4985630330853,66.61727220616773
51.84946140886862,114.45782473165713,211.4887606617963,2801.2889966100697,55.17741560160723,70.11632468442949
78.86800749344378,108.69206817022992,493.73362697626936,2791.7266199618844,58.80914444868247,70.7500718322269
67.31891673891997,54.98632091916259,681.1350382267775,2146.058641802424,37.109939661178764,43.92141076621608
104.72138868615858,151.63127293819295,357.7709017819685,2751.983238820008,59.55011599068196,87.33964170098565
34.04406499508385,117.6381050332743,470.1608986872616,3377.74959412957,55.92329423243691,109.40289165171083
87.6179329858644,93.88281155366914,498.484916790127,2557.774675416657,53.77869145455473,39.57087818290778
56.52050685267457,98.64407628161618,162.3638522951114,2500.2842763559534,47.33200937057712,67.27423086322213
55.33353708750809,123.89779525874391,123.15885976369655,2907.243601847328,47.82336222630869,53.49520350916957
113.07774939708067,152.7833677307071,310.3928243516954,2102.4860464787475,52.21366878070107,94.58693551059451
57.49332356351666,150.59682687283873,146.20473505728353,2755.336267579529,49.43840028119083,66.1986392636823
73.11997233090828,72.13173622729578,519.4782322019364,2996.0048316749935,45.74756489964237,41.33902627279076
44.65293027102675,151.41698160962594,651.6168369818827,2766.5586831071123,55.134955316684994,65.00277064748943
61.3140124674655,139.18926847000418,179.41615942833747,3088.8671546301985,45.45895702052642,87.68391816939001
62.00951696218334,111.05251768526824,258.6226452595054,2726.549516506671,64.77120286939127,70.40324278388317
66.64869697954134,87.23665280780357,422.4723112347914,2901.5679088437514,62.2822162356386,73.23253549314283
55.000754364625635,88.54806830475135,643.606098103664,3204.8180025475813,56.46249692744181,45.00732449155653
71.1563855333944,123.78767292448293,102.56466249189427,2813.679015383702,52.483391341992196,80.79944197824946
80.44102630103836,99.90418895380867,126.25123102891116,2888.8407216753367,58.35448061943235,79.18183832092562
89.35711264386134,125.50782432946689,148.33563441599614,3575.0867435880828,50.40596596933392,63.4010101539666
88.31966275024153,102.79417725510343,153.8574774305692,2426.7017799575797,53.14389213206212,69.09672432824688
59.11230242800108,111.29678882031753,256.50528056626945,2511.4915272389767,48.408537724384104,79.91525186652981
75.35899763602274,149.57577628680824,427.9015826209138,2506.76156803245,48.08913458672275,85.55096480634607
82.46340044230806,71.10193036260198,567.9304173858135,2234.3015256804283,59.56340144835371,65.56655640526768
102.235256583421,126.45220665947238,348.35391213469234,2710.4765215242855,59.610590289794516,67.33698744528245
82.89883319371681,110.73249083244126,325.325780439332,2452.521423375052,60.13260364598137,75.38013036212058
71.49352478244607,109.81950607066915,229.98926460678874,2344.5028224535317,65.90979244361851,61.45949594484124
95.591767443182,121.99016968300734,217.9052504160962,2576.706674704643,53.20995734858853,62.33512423446831
80.992116103825,137.63125095695327,58.09385902418363,2450.7595081077266,60.80918017708719,91.22330648031463
80.21907814766834,115.12628223388823,360.0309114311256,2956.533591684201,48.18386292936933,63.517173125178
71.48082010247327,121.48232261845783,236.64131720894443,2599.130393185606,42.04375365835175,88.40621285608078
67.48928272789824,111.56969723317785,196.20867175304005,2915.6690909917497,50.38523922352784,98.47380205024567
38.947395566842424,71.92276537913617,191.56122429367858,2153.126524131422,49.211056580975296,63.59196463394311
54.407732037980075,73.27059391518253,281.1572249761307,2545.775822716429,53.70013444053029,76.38083768390013
53.60751850567415,105.01429457659543,520.4724966356501,2799.5050005840176,46.21104689019813,58.2208921136751
80.71867543325817,98.34619138412185,128.09070026235545,2564.495911869532,56.71132021025781,71.18664078717903
69.99660323730346,116.08435759086761,247.9438394049238,2671.863313675953,61.70416318094669,74.47521654565048
109.96512412957946,133.94938509161238,121.72927801165315,2761.7225042757746,51.082344114329814,92.04992618262102
70.54946592380898,114.60519345916671,247.62099046163638,2593.8168505830226,56.41714016338322,93.46489712845438
17.72138856124347,40.935421034771245,149.26627451510905,2475.6300280780147,22.67011625108591,33.006787841005874
38.130017876379696,30.463105314075214,122.06508884524916,2522.515309404749,17.20495576381212,27.942495219716744
40.4539875258777,39.73414131161037,82.11351008079225,1902.2218019097838,14.792526457779811,23.04057079174146
20.02709100756369,23.512508391012453,152.7861860586137,6817.875061173336,35.20788653086499,26.931282187384042
33.20075502645967,22.969690293078617,291.75421592388415,2757.3448512929062,13.188199401638457,27.27836017668738
38.266375048212026,24.293821220063975,154.4346578431092,2930.3370747685212,22.51270986005618,19.103851283189428
41.93958391480654,76.08035348512051,119.74257759304795,4816.968887232524,16.350068828893004,24.20152016288664
42.041629809046825,40.45430887573314,452.6173935066298,2427.0561884905314,19.23392302740698,26.521042116735824
49.88015545209204,68.28523757700684,58.93171672004122,2582.8763107344566,11.946508943733573,31.788400330059247
37.401076492953216,64.3502446724649,359.63370439841947,2610.466657647536,18.761032818351282,25.01799558055126
27.725260156262976,35.97349802944822,140.82086086339186,1833.194416112584,15.90584044459458,40.74890814146964
37.462820588802884,52.74333078967134,134.5570956103218,3821.466184094322,6.61476944845747,23.447308014033133
16.49598968279268,113.5430115194131,538.0258482899541,4379.523630855359,38.63548815276794,27.14171742980561
52.254266136582416,57.52640358531122,59.50744056407671,2356.754996748847,11.31044503329682,30.365841704573384
42.49290697426876,26.799177461573976,68.85853587450218,2417.1054971616236,21.639916079526234,27.846715951335916
34.56685793122149,38.48620698024352,164.30125736959647,3047.5209405626138,7.259239496994776,25.66564433606385
31.606697118425096,24.884904981088834,83.94241144148494,5408.151783491229,10.415680804494787,21.229849620232258
42.48944175164674,61.31583535657777,244.31305359395216,2189.2113421668573,11.732478107824747,29.44699241658536
45.48955770191311,52.31825504425685,169.7621012632301,2697.2238978315045,20.047505114339245,32.42843437959489
35.38566694362428,29.85781882908329,315.80269859510986,2126.576889220808,15.900191028517789,27.6268444017715
64.68093842058222,44.37949906128483,216.03628799528073,2368.533519855958,22.350985429776234,27.436361389308818
28.654459559912393,31.550713537787097,41.66303862382064,2482.866722191493,31.40508884479827,25.23491092851358
17.006764490068438,46.22788741127831,82.8320607576671,3310.0508161687803,24.902272934294054,18.020091466548998
34.28414297762141,46.71584411207263,108.43754243153447,2603.2070745881842,8.449996386739913,28.791218549340883
33.53205944359459,65.96376547025118,111.2325992316102,2012.9086670870115,15.392986233947632,20.149998063363267
43.61811489039771,42.32648981892931,83.5906322507069,2426.1655144903216,16.701322748450693,19.605719928805446
38.36317834330995,55.514999328012856,116.34961521754668,3027.5827113826335,11.124327823372102,32.19952950917396
33.23449540640984,96.58377042752502,390.7717568828667,2552.1347606499685,21.237667427608567,19.12684396517394
33.76807549881811,53.048372333211475,465.54257119997555,4590.011947176585,21.834242093866635,21.41761903011902
19.970802850677686,98.80373844782136,25.764759802879375,3126.7998609111078,13.961375899778801,31.367822141049782
23.047770819331944,69.67748198482526,362.9318891083077,1953.9299688205906,14.222270132677592,25.595129933596795
33.1542011378676,75.82707209128873,117.76798151693605,2310.7419168550095,11.337708847029916,29.0700803790186
22.17804436150637,39.868895470174365,780.7006032683857,5631.041645621385,15.820504162488989,25.368082262440637
29.340729023470946,45.47170811739437,66.63597532895318,4130.469124898714,11.384407351823686,28.139428908353207
36.99616524211677,51.72350114352488,66.8044928944281,1911.6694474563649,14.67135908163381,20.725076391716193
34.357455268095876,45.757929699857115,87.7883955235209,3598.8080686179437,26.574250418735943,30.404132722761997
33.46378246283199,47.83198576020956,45.58015137678639,2212.3729483747525,12.484269182131072,24.207258174657934
33.77170056624415,23.518171435311295,128.06977962919862,2823.501123769252,12.160172047896262,32.0731616550815
24.468282594573203,77.2222052343493,215.6269064084686,2170.297572526166,13.544880127459114,33.55017196871401
31.708814737709705,30.66915467386462,339.01202049479343,4116.188785937122,17.32400403908566,27.46289949878117
45.738264826971744,52.187292630803356,291.74153838440577,3093.549212654224,12.736738717267587,26.578992431558888
38.74256131728466,49.62419009947489,214.24394588733142,2536.200444256046,13.012807176349956,22.273698017429755
30.145302443543002,56.539280535287546,197.42379704969076,5153.923614672838,15.244642178350917,26.23032155225341
51.686514831214474,77.47986794686943,96.30330277031348,2625.491327989455,17.93508492951989,25.540926023939154
63.52016928282164,35.158222740374185,253.79617465179027,2996.6736056553923,12.001427792707798,23.69644692499638
32.125519725907516,57.316620833619325,106.47333926042789,2963.586195678221,17.006130495730858,24.62982496276978
36.59540471970883,64.91514078658943,96.83437816150064,2267.4050379294827,17.325023467005877,26.760125647341965
21.865032834997027,69.74574601200692,98.7194976775007,4918.000357222629,7.115138378478902,20.902876340133883
48.79833460462112,58.99871752614653,122.26122101652251,2059.6654086708277,13.701018411489361,23.581272336412827
53.609460087702814,32.92044615150428,101.51153665279911,2289.209804583632,13.126524363982067,27.776687642462058
38.20069664517197,86.6989682642125,406.4296482376912,2756.1878611635284,18.2420730910471,25.33798675003034
43.771826055381226,43.87443666027375,75.6935596424914,2087.8828051556925,13.152302119822124,24.03072844564328
54.34217736894233,48.438065032104205,117.13583255484498,2742.9907752873023,22.680237105957396,34.77330099767856
31.738807712923244,102.57609027002698,122.19367290823264,2204.70910648861,16.327279383544393,23.754477073840327
49.90340368934042,62.1025316398178,130.14141618230735,2440.4548499528323,20.492429828122432,27.41125925820503
36.001587798673484,67.83554378480635,122.6661822994946,2554.8734453317024,12.143779216620803,21.766053134683325
37.49469713753323,27.7480701154328,225.3250983120763,2448.484833474884,21.027451235340607,25.700693662420747
45.31959015184767,55.94949391141477,83.79560166522968,1992.9455613081595,21.633522131570558,34.436147735788474
39.09616323838958,40.067904345398574,254.71094852030706,2638.111573807285,15.783107297314016,27.477655805515344
58.555586390339265,38.1643946766482,214.87534110787638,2980.7827016880487,16.2945146778662,31.88057730375349
30.82554375591158,43.574583251639766,67.51305121701311,2322.8708071045903,14.180078830628494,27.365480180076418
33.28990929451076,72.38768309863264,102.28546720259038,1899.6135365064697,11.464496132705039,29.063050603517375
44.920895496342645,47.38119058673509,127.86493056037158,2312.297573396836,12.542871076675,19.9436127986331
44.0875362140228,23.157261591791467,116.48522423035013,1872.7560088407765,11.407836897006376,37.39398990023049
16.17317848998669,87.57801883145865,46.22049530273645,2757.012459637865,30.761138385244443,23.271594590361005
26.616072408903793,41.23779516121482,110.75863149427342,2313.4087546554565,13.80188801965134,30.421716239852184
44.03972984293577,56.67099331926116,142.97491104716136,2724.090210511547,7.418519896141699,26.10857627188082
25.02304311603409,100.73382710992652,604.1866487946528,2263.3450670721368,23.393247528101348,29.66615097619023
29.628558039196193,124.17381800858152,128.97858861910004,3160.7132708824847,16.408849090243407,29.780392481613035
27.511824100926617,38.61475466612312,279.01582789085046,5046.357980109457,24.19724738910864,29.670584286101096
39.15210222034725,47.78046750923738,220.94953909899615,5876.546027749067,13.980798702318722,21.872095404924835
28.901084815184728,13.918994402232538,135.16737463546042,2176.908454746201,16.99929087698883,27.886102130888737
51.7897945773134,68.57130665817746,248.65362586229554,2401.101523323353,19.28902492445545,37.3184894654931
48.144407878727826,47.98930473615827,110.43632767974485,2506.38442896856,14.130072191923373,25.184210829626487
31.380768781188134,42.198664611950974,168.147615169068,1931.6491750230034,18.218884360045223,23.552955481579467
31.196206138282175,52.40899706163315,91.45555901746084,2421.6245055916197,19.075243971371393,25.7853635690623
13.441017980492283,32.0765948636881,116.68439756739622,3094.949337782762,24.362936557008716,18.383069397063114
79.36651050390492,129.57943194055105,1163.9283115440899,1474.39212695306,51.875431600462306,88.84709176284461
57.8589088753553,75.86580233931785,174.6592449642646,1169.1050287345618,31.273412206748027,81.0013840303442
38.276057060921225,73.84637000359483,254.30988252448327,698.3856782175419,33.48388813961662,96.90551708124957
28.80846202649753,26.738088431033994,379.5677005684723,2739.5445013025314,19.356204594611977,36.352817662881264
75.46570011248949,212.41289707460925,272.3147332577197,1544.1792347801083,22.43663262702038,108.33318425976238
41.666334333683295,84.25373032106299,535.3267222174032,1548.7980748041211,26.72171859053331,24.45610832812116
79.74411437928785,105.36608005900449,76.47206009097164,1182.6670368728217,56.693490932033285,81.29333672448841
16.87306498017111,40.34590565519682,788.8343464413133,1203.6636962437174,27.528727135956274,51.303297819642495
78.51912444454493,62.62477545889653,550.6062786310745,1102.235543631241,38.955507375498115,68.70049306976715
66.38716792314504,99.90989256318511,469.43905966245984,987.7396816577257,40.056219439503735,84.85402115280962
35.23181817987891,112.90576386275494,312.4861514317312,1830.042064677359,36.021234105754495,31.12028859415018
35.59893638153312,93.36973646754626,260.9025301302674,1013.1826851641135,75.26867197422251,33.37858042111486
49.94696538343456,139.55187328780167,119.37579203842888,1728.6961561126734,60.09659660754578,29.912623042543974
38.308181490646646,54.570486974987936,66.03142748001089,777.6483912003049,45.798565823808005,62.74609751858466
64.92393519987772,54.380881990977265,272.9072419567815,1458.1495221992302,42.179596615198825,67.89150544174817
81.336521501476,239.43841882099682,382.3338447001775,1177.7294813500637,50.46696459268516,104.92616133344923
60.675252463438945,67.549461245931,484.12602106490573,883.7496586858524,61.950390746506606,56.03819346039256
83.42295954218643,120.76402612963119,447.92117460411725,930.7245698876125,58.12337167991848,68.3670758189513
51.94583274554134,54.74276927583679,139.36865614317566,1239.6026762040453,57.531855125011425,26.80185168109756
66.79505777284857,45.06019275226055,156.19825229132627,956.4364047515819,42.298504167219576,101.18255360605522
23.717351177309062,28.29895276435535,405.12209963080323,2077.997557046191,32.20121991141787,40.01230718020455
69.13919802112405,54.37011128454645,137.2463492359979,1171.8373552787575,35.12324828107825,122.56886882260177
93.2475119336609,163.9098565628101,232.21117369725155,2011.0085605115785,45.58532272916908,107.77935914845685
56.61283434933636,130.1542950560025,208.33046267112874,861.8134219356396,32.50677409396192,138.50564813252345
42.91810925339031,205.1540845400116,703.018340663455,1300.1956278754853,76.94634225592893,33.27580873840649
60.129695635868664,83.78780858762221,261.4441862691955,883.8760401704441,40.16681731046345,67.8341016365562
71.84271317033334,130.6518930354922,662.477440904505,3155.489752783709,17.012098201131213,139.4082407597682
37.22241891952294,147.2929303495304,597.79043998191,1693.432175263723,47.4502961901924,33.93196820727257
22.1993734501151,17.618013949726766,462.71184503890805,2442.4514528173313,25.166126411739505,157.10639509166998
49.357691373306714,154.5907235804235,441.59722668054377,1099.6082875914708,74.37910672677893,58.345948488881454
62.10423011835218,44.34137891149145,697.9348186332154,865.2808051527514,54.586046953892364,45.376602955377585
51.624877641276036,130.5907647100796,132.89684398605647,1071.979271859784,62.21385952348044,41.801535903813765
35.5637089060121,42.381161324666394,126.04983860389251,1064.7314344483125,48.44059871796161,44.847536990563164
61.617635482563266,98.6456145777054,355.59468856694514,1067.92825361628,33.311293357921,99.95023688609643
33.49253367560101,58.94234451118027,178.12997207476423,1235.2535910665342,41.50884657836399,36.750527127254294
52.04371999814735,126.61888819543118,209.27943969609134,1383.6532584466324,51.51478526722478,86.24615583615066
50.546486677126225,53.057089635419096,173.5985130224073,2524.801385870471,73.71728416552656,68.7223195839879
59.988402968109504,82.0075006012,576.7487062601662,2402.70047263826,51.32926098612194,48.22023286949636
64.15729165621478,77.43913495617409,229.32460841322035,2507.5743293142755,51.39425200273465,59.09914231223948
51.95876400718334,79.02352817380049,183.00190727496425,2283.146815548028,45.9705304864462,61.446015714469404
76.07444440007582,101.93191824733998,459.9474464068236,2450.427621991883,70.86345813263755,50.92607296161205
69.70973134182208,74.55432996797265,412.4191680316941,1836.181120762567,56.5314921503671,81.27488048860769
71.00354619491682,113.89654625756467,485.8658515225668,2083.3942671767677,67.12141513618324,66.61041628466356
42.41139624647382,75.47402895976815,156.54503804845555,2038.9971396048732,67.34896961491818,34.42430965397236
77.08173945969435,96.16199810331597,259.80970802097136,2061.553957096126,44.4852032505465,70.6096866481997
68.37814654096009,107.13533474079843,193.37004328792108,2228.980695217512,61.49130351882641,78.90986429791951
59.16449141202806,130.6038605227184,191.4583044015985,1986.717027357593,79.9854367412749,68.60159479777825
31.729282535896182,108.42376883050295,318.2106228325261,1918.6831898653838,60.66434210495314,40.38844481515308
60.56565117747795,77.79549684945343,659.4938002931145,1856.0849847159834,52.87874365654521,46.675339742350715
68.61689397983481,120.62163370125019,163.2274961873318,1738.7805716613632,75.92951113368548,65.7233499341083
87.58671544331618,110.21443700725747,486.9047594703915,2883.4167824541555,61.16404622218096,70.06815207636618
57.9846534809934,88.28247461719425,177.55638821134997,2249.083521537788,59.945293450030945,53.843239613593546
50.970595050839506,113.21714385889997,71.16909568716736,2189.078182836258,58.639619624476545,47.45624269563277
54.13790204023096,85.4739894327531,214.3905380015471,2032.9635864651452,57.58572085738439,72.46384731352205
69.19927209738199,95.83919425775592,54.60425728678429,1971.2449666508035,62.95288575618167,48.67197628468311
61.942676294834115,94.12452890368031,219.6672378122237,1992.2986915848903,57.49628947532074,56.16398922459588
59.316275490346406,73.44132079359923,654.4797610856647,2619.3161530131792,38.54194160046581,73.0441073261723
94.15043676074993,81.61914464576601,364.0821250757941,2364.9403449752626,42.93142409257139,58.49340552344214
74.0301462875229,125.98846280103785,764.7948869392325,2680.626123448764,58.79614389638459,45.672133934995045
33.87578166248102,125.29058796548851,66.69982284506672,2012.5652852318349,64.02702710755794,56.98488857645877
63.47297346937862,117.61085140066537,547.0964155392819,1680.2640073153484,52.697277428717584,52.28364530160553
78.76940392290298,55.5545687581695,283.7058103332582,1992.2046419273356,49.87997942802408,42.22984853167763
62.53615818065022,127.9305046666605,91.25215195528725,2088.1905702945883,85.04499566025453,42.04515321049923
71.29301270531909,78.99025771177864,839.7176535151143,2552.361639540391,74.53564005500155,81.40746652883824
57.132248346768456,77.14133757501317,95.6407905225702,2712.669154459521,51.09200170512839,45.81504812245943
56.499456607090366,75.14706076085695,69.09266701375726,2099.7781449607473,77.79152267975694,55.20399857590749
83.9902212557322,77.93900198414988,250.67053375051754,2231.0112293723773,57.60069629590889,49.35358570091959
59.691117693495414,86.50348540510723,286.40745076590065,2724.760399205762,67.26441308754423,54.65425655950875
45.27834018205269,96.07252999895545,99.06942222475021,2169.951558747503,55.001888688629215,66.95256474348587
68.78036421662229,68.84178109360411,429.8046966926544,1867.6499321127528,63.70526680798968,52.980317086514894
37.98448035874358,95.5769260659954,196.0229078202313,2141.751903437568,61.20171382640764,46.746769731425886
55.63184582593151,101.59855750092191,228.3873160574645,2391.1179388045166,71.57114608801591,75.44383372564177
54.2217699768086,76.14075410282472,509.5732767080424,2280.570742211227,67.53800423494049,73.74915457495997
73.54717986172955,114.1108670790524,287.5826188564777,2521.8847799972827,47.62703970224369,86.98243912829432
69.8390237722151,99.38076789210297,187.08069984326207,2332.0529516814636,49.15725931911209,59.209747168233804
51.519275598623786,90.681425955623,143.53162318063858,2343.82329663248,64.83823495687957,71.66584851849507
35.67703981097813,104.60415070558238,698.3473350460985,1811.2845800361704,83.96579125206569,52.985007434113385
62.616385975761304,85.69022905304426,129.6504080399222,2113.996743312088,77.72082901103342,75.24000968821085
54.99597954199659,121.18937128370962,126.54625877850013,2439.499597804188,63.00306963240617,56.93754245084216
76.92723305644269,93.56302376922855,291.3052159411836,2344.02014322989,54.080086489458544,48.256106737355594
68.03194020686752,90.78290479074121,269.99550793059075,2201.8649079917286,76.61915423753331,60.96601401547272
74.40540431128426,60.322056940744766,110.0363471106195,2182.001961777627,45.019293441223475,50.64717123393809
78.94775302083647,86.63348277082272,162.5448743806448,2152.409762370675,71.6841871283128,57.057247580404784
75.36585444965311,88.37264268403217,192.7978092126578,2448.9278383637793,46.8593687214193,66.91099516597345
58.6718143432185,76.81223608780275,300.9976926890647,2644.1181652532323,51.825630978959346,65.82526337789147
67.37170640540094,75.10121148564852,100.8908959086815,2410.6078541820584,44.41477845643586,49.48507448635098
94.04182705726845,131.96831886758073,463.3766457518772,2874.404103870972,49.31428231219278,53.32220586310713
77.28145518595736,100.60120179897302,102.56483905032867,2437.7765316243003,66.24549414757507,43.9637320109922
39.4197589425591,100.73306045559269,379.5522521651495,1708.903710451133,65.25224862810978,51.373626268248394
91.82774335954946,79.02257593398453,528.9370960867399,1636.4437207513474,59.1330470135325,48.47640546174161
60.59554824036339,86.53900709610814,631.9515521055316,2680.9306989484357,48.759394786808684,56.827495966888186
43.44327873180214,81.70014667957956,660.1056195188501,1592.571335439954,59.72622952422006,50.750679674349776
49.78765729414856,82.98238125112675,183.37720944115588,1624.340233315072,55.396997743625576,64.15096823086795
61.91426647822043,114.80203952297558,39.04109570809618,2159.8839617289245,64.58207231288125,33.80020496769529
38.13727079562995,96.43466879967082,151.28404743310224,1957.5060547403723,71.42871309957201,58.43877971348575
77.15087342561591,88.66036198576722,69.53949068697148,2302.2082015188025,64.54016998246422,54.4149162239894
59.32481440527627,93.99024635892988,58.062356913978235,1966.913830294853,66.7919957361508,44.10824974864217
63.21432298895823,107.83926586874202,83.18050311674745,1692.4751709068912,65.65244351020357,48.75965722611035
69.6030399454137,83.50311111877502,168.69684506134394,2666.6997214640514,47.86876479673333,46.48044475148399
46.81535499513758,113.38359571719037,95.90007705470867,2432.086015509385,76.18950406751176,54.68678712575918
50.561964940775994,80.98615933478324,317.1558781667729,2256.7276085357626,59.35028176208284,42.2898424962229
53.93122211878277,97.13484039172008,106.3551884333407,1886.2641346411792,52.43828790557282,39.73430426718467
73.82586648276921,87.00628380514284,670.9678079828541,3185.3617877078914,60.98417381985245,79.12243631589773
56.27571234016679,60.21551127776106,253.918515671001,1847.8435703282846,63.482132658170684,77.06342476718034
73.87769615282204,117.50672803294393,170.77616389616279,1883.4295429154874,54.0101526776599,80.71172554105418
72.82275824889821,265.2204731054841,421.5858694685627,1566.8166903879874,36.74925791881306,76.9293331344132
74.59914186156827,106.44894487033473,236.03371580788772,2248.1378176159274,57.46850182458343,43.74174509642371
78.4870639579334,119.08771947747665,218.00227812564552,2191.809754437747,56.83792788573408,56.789871450625206
55.7174064908919,36.67365234582096,321.7590738860966,2385.7110090978485,30.537106440744758,27.827079051934835
31.551534952223687,46.252888219257095,472.4986984443818,2426.4419858906467,21.96484130434935,36.57721057894939
53.33545900783504,48.91451264194713,799.950128404361,2713.3619988416394,17.144230488728358,33.89583510706217
65.01963441030627,34.02309874509587,345.56559430085497,2291.674160430122,24.62348262231808,38.154593111539356
66.5816317347257,56.72016803818947,588.9297416369218,2050.1334603809046,21.569176575529315,31.194980434464938
35.11030847353945,51.33020809370835,409.90790305254706,2348.190633674982,25.612438202790766,40.92197030166567
35.780003001144216,40.95348462949967,450.89528614982925,2696.039750647068,17.725411558185506,31.261352985030783
56.06025038132547,51.60657001226272,396.16598775552677,2607.918373690456,20.257735855187867,43.61527788600195
52.39487431159351,101.44920412439518,885.799935187776,3094.2213356372094,30.45043249433863,56.91935778690833
53.14430247242392,74.12143597799721,293.1453044983885,3024.9626698464967,23.545705004850824,36.62972796458615
59.905940774466785,59.67893004120224,283.3270340598522,2880.6320791805642,33.88342413535776,36.94822971740462
62.6129891230992,47.68075270714929,465.250781290946,2351.829374931108,31.800566961792384,45.69457639343315
54.04512482065437,59.93053060953567,349.5709359034456,2463.529031405656,26.948907573343725,49.25383964551742
52.46448688285085,90.18154701188408,836.6408725637467,2775.710878799791,28.986932591011048,56.72475455347346
49.250392082178216,42.60385671067009,297.9687220534859,2231.1293737727974,23.820975273699446,34.21234641174653
58.628905453568755,57.90631859614057,315.7813465919395,2733.1044041782866,21.71776652512414,44.92411841671593
66.10326627428086,59.17786577861436,566.6496193231372,2919.531817140947,23.474894279285426,41.28093563087679
46.931553311432836,54.76672836111467,657.2549158932526,2974.0899424189492,25.2163636666072,38.819483236335955
48.17494468820226,23.153342093532334,247.04696607865077,1690.2579043865103,27.32748316439014,28.638153649198443
47.25387364347746,57.15950222514879,346.20795921491674,2353.605005008942,25.479252382539705,39.448841480730096
63.2388008282378,48.032331585018426,609.2623699317076,3081.880818738574,24.078803393452162,40.68138836148471
57.484251069106456,45.337445081163196,441.3289650973174,2572.3085840343592,17.00975775411005,48.73298073588411
49.30042220568138,45.100272554189885,235.78503208525004,2017.1193898402146,21.100687664920162,39.37206430224835
57.91468432547042,35.92002373325244,275.55543347523087,2094.2942502142796,30.03121541302027,39.39370895352096
53.35410686269992,43.543220271126124,672.8943190295138,2698.98070783614,16.915661249241847,46.266880973649094
46.906524262068004,71.67140859750232,1052.0535123494078,2367.2739970370344,25.712370213541718,38.63658888030166
47.52784171373833,53.070551941210944,252.04379395374525,2620.2001475483767,14.126694177299994,36.786976078473785
45.90422876159822,35.429477368097714,480.6390243004288,2026.5254973268045,26.043312513750216,40.03754410894064
46.099626052906984,44.13137284164615,365.5816839237376,2588.2096187032225,31.00916380325098,26.309528175620226
47.225061488234765,25.933448351517136,227.08293072353354,2100.953023830476,23.774240504614205,27.575501408599735
61.24337774625772,55.17314975063341,510.1629781035367,2892.0986582931055,23.951987032972887,44.0384955005839
65.09558719220466,56.56805399537725,335.38032995816803,2028.4039603869792,24.84070364258508,33.583164906629825
29.620831080716968,20.63057827972615,195.942211324756,1633.5026022910097,19.048445472012748,29.114360262383283
52.370451304836436,64.26490130085072,993.8306848650567,2815.972893293021,20.822416277476503,42.309485076341055
74.51679251734603,54.36681157890972,485.8065483008747,3308.4620728035266,23.26579437990016,48.73950928381284
56.98883321255228,71.4488072877701,408.851093315606,2939.5747420025973,33.96330892843477,36.716453299740344
51.977022780155856,56.908125728965516,220.3996456896811,1673.4348210522862,31.02591164296412,46.12084523547656
43.00523636987138,96.34760095266807,804.5352879751983,3004.8390942362557,31.26783890174874,56.32017322800317
62.76459438581113,48.7060155309341,398.9442513688546,1790.6094164667945,21.678787976126962,40.65391827581141
60.21115337377209,26.559136241675844,241.94691175574738,1594.9229619950793,16.095424475370336,42.758004767453514
55.41572664872796,33.60049232674371,467.98090278806677,2182.516528626605,29.293955631147814,34.34587642364194
68.56938506311651,48.46567124585848,402.66224717912036,1876.071476739712,32.58921768058844,40.564322286867295
55.891585198040765,63.40608574644242,596.6065534453063,2449.352226829654,28.69397635209547,48.43366236764248
47.776422275230985,36.00758724983334,403.70185844638246,2166.038450202077,32.413675326563386,31.655323299053475
56.873412127423876,54.77511090279761,907.9031707360842,3011.420978953711,20.12770653827302,39.26944430964183
68.32066118347821,29.843327934633784,335.33952480060105,2522.8597874933957,21.60408591206555,38.72635661380256
44.41419653602829,58.20638703243583,51.524877508654356,4022.479940198419,45.628865829886706,21.497096337262
52.227761296868586,99.10270374933017,128.05749379286195,4377.909373630427,52.25946660856286,29.150677581804953
37.67015929649549,126.77488182626207,45.52487799245983,3347.636821360212,56.54011108077447,30.021131714495517
53.56896694257993,63.993858580338504,24.469533829937273,4193.084036366068,46.03195687980893,30.388735047664007
42.55293577855547,143.6619338198986,36.33074172295908,4100.970338122414,55.69085996643163,38.725071654267474
56.697363355747555,145.48562330208844,15.478317470398917,5124.446830381441,60.16818018742763,30.374570281233897
41.289683681968214,71.65235939247397,34.02869023861399,3953.338347647176,46.27321801331893,35.312021304053836
49.71356643055419,145.87823685081986,39.23064327113481,5123.590479730843,42.42245984217767,21.661650590426483
39.98768974690905,182.25038727772557,102.91438250870934,4020.765093520429,43.79759204223927,21.716751023349467
47.45135047114468,89.50851047984479,19.01439238948856,5422.574719112013,45.6753195176128,21.737424989479422
59.49898178765824,70.01206947100165,50.23312829902422,4088.7696805922083,50.18894416582607,31.140981934117534
53.56103916040967,109.49392652283805,16.881518347652545,4726.351299993982,62.944601784475665,34.82014389430297
68.08873005221824,107.56634009109057,68.83134547050199,4674.653715999543,57.02994389192243,41.10175095739487
62.00162626521431,142.19641358783574,42.52191104766172,4372.219066158552,70.21860360393559,28.871796271772084
33.135176859842865,52.86240212239045,11.726493216029503,4599.173189472975,36.51219351263282,14.559655675214763
36.707233973414304,204.35959102523162,69.75643725196004,3271.0999328634757,37.43914837648064,26.961612560428527
53.42646652016617,62.15408756764744,54.841021623251436,4690.905234866148,58.46358766561303,26.760286406618285
55.97491248061359,141.46939394537208,40.676608598309706,5921.693868712536,68.08359860995658,27.016617269536574
64.4269102294855,133.9776169562803,57.349416026971795,4424.5760029443045,56.48715498191652,34.13537957463923
35.52254536886133,48.87676141965175,67.07491673735643,4710.338967786773,39.50041477685551,19.105073105074055
51.090980147562874,47.62634974447765,31.6444861337948,3564.8893390412645,51.78379671767901,22.91867978879516
51.96178784132415,95.30251499658732,18.261843489119492,5218.304398171333,62.830030204172964,17.708055428056742
36.05988287753665,95.30154060434444,149.8035216907826,3667.9269636030003,53.35637891579582,21.914982544559784
51.216959727161864,81.22523348002895,55.776904235517186,4288.904085510949,64.3977290274901,27.739456762262137
57.2775945127162,143.25316727425883,34.38336589073221,4186.567071037247,76.37367970446051,38.254774852433236
47.694268764774854,60.45780744529816,70.31962303835716,4474.392711137413,46.5772654579116,35.69754778244062
36.965339968227376,57.031475675710126,12.249056740886072,4763.366935157523,36.817014934973095,20.062267993565627
69.72671962039742,147.6647024272406,10.191898807315516,4983.851981712817,70.35264134714384,41.54476603480503
48.978917152349226,94.682525508725,37.30595343394262,5130.586992492344,50.45424388386078,35.75756978734797
45.49345398231398,71.35800849163473,37.977985247251254,4486.491102645466,57.113289377843614,27.125067840089386
36.75950361215176,23.270712832753624,85.99866348240283,4085.911119004162,36.553606039587706,15.009241652217941
46.46881888351953,126.05633464248892,15.216688746178168,4550.292985514981,56.7393222580612,27.093187938249912
57.045898644422344,56.04661693312516,39.86899200044768,3978.2928553878255,54.760570530584246,27.727418084043368
43.71158227773075,81.18452537704277,16.39233345726585,4833.8320507212875,46.567745452787236,23.14350866374742
37.006615736137086,27.008697215520556,49.76285544511802,4326.72481686344,46.77756530021088,16.081127044893538
47.65951939752635,69.60421139123855,41.76624784389762,4705.401959663146,48.27309511244693,28.370152985766698
46.57782826053959,71.01717488123266,58.9453226204469,4603.942244495227,33.09708556992289,28.380214038472896
55.46471074655385,154.70959231565627,31.636997685446765,4707.954819242634,67.65481658330364,21.160559528806058
42.68475665625995,139.73976570781994,29.48756967442135,4760.943995481364,57.5302276205447,33.32896830545412
50.81864588593845,66.280105401139,31.795178852824797,2014.3457191407508,58.97380543664845,26.959718609909565
53.12425873835539,107.4251870631885,29.67846146350397,4107.787981275523,47.85447877405585,48.90903791315692
41.982051096698875,103.90134566806721,103.14735536176704,3940.9668351934747,55.26849387580936,23.644893599880334
54.09481908568824,98.86509477055648,51.800486018561315,4303.24750894227,53.286531040160014,31.735694082702903
39.24538804283422,84.03006917208769,19.308327302285413,5213.369090702188,48.116164253956924,20.231768035183997
53.765201752567826,124.50127094882346,48.366196744648576,4851.943019908037,60.0944688210788,27.85308413973536
24.619994813620977,52.04800499063446,17.33177355852979,3003.7523635775424,23.464013472730056,17.36528958338108
32.493128223249165,44.60919610626538,20.962633286515864,4814.803244094725,40.19448871338332,22.608146349508605
51.40590329698479,115.08335019426237,94.87023281118559,4290.942896550074,67.88711861743688,24.640866101342855
59.241702905786234,98.90840635310467,26.980938728521963,4284.992686041097,50.082705732116175,33.02182783998085
47.307998238543504,162.46691680403916,24.194769188137474,5139.101527577059,53.74063883873689,30.89752596091312
30.1820273109378,32.41107431287037,82.25746648363612,3300.2098161990984,25.48484410836548,22.01514261237425
44.20085625099463,40.432033580777784,19.981382422845456,3858.710931099074,46.96823113022027,20.843758122301562
50.43563095640308,89.62769569518517,18.15728874343119,3890.9636531176775,54.889318244242766,24.544310007892243
56.7427974780489,147.35371242600996,24.349358816005623,5778.185423685448,66.30301498328922,35.52523416158811
41.04195756082788,69.5258848853233,113.82616448979891,3842.312619223411,44.781256043920855,20.882026799055772
37.710334244768106,43.13979240732645,65.46452644511217,3496.0060454905397,34.69703923044258,19.505846966537725
58.48776410369132,99.85001630265396,12.89399629878785,5063.095283629126,59.49739854793698,30.275707891071274
37.652455600365776,106.68055753195223,21.70358680363126,4500.158735514011,24.920529770243455,21.147140424738456
49.849100138523426,97.32467818705092,25.139985958866887,4760.124689006926,45.81684093625357,22.87051891751036
29.330639739481022,117.04529438585541,61.7468751793104,5123.619472562954,46.25826493658527,23.47518065760952
40.139739313966146,49.70074775783136,56.50919656511638,3631.0044556833477,37.97667749158576,24.13660509839123
49.83943340057235,94.74570813545287,46.678430933504174,4647.660794620458,54.46454019917886,33.91205794232078
62.198238821557474,123.16123705120008,46.542081964002634,3960.9199552058617,49.902784060305954,32.23259167140083
46.37453503749322,98.99574977959938,21.76766293832221,4372.287689595972,57.336240618774085,26.72197160281165
52.27419483553932,62.357279419147275,94.66979138404102,3236.4928243186996,50.8552041587714,25.958814872678698
41.755431973677666,42.61518411599667,9.036731559481797,5609.016018690958,30.5020152982927,20.290681962333835
67.95804426302531,46.517797619498936,448.42815008917313,1911.0657666880443,48.645943031040716,33.8697767481254
34.22272128861516,54.9772249136817,404.60249941842386,1784.3928265369052,29.375311695025083,52.641390388724275
41.93895566480816,109.74567457900253,160.97546260923977,2348.4341618123726,36.42545823947855,40.57626481585596
25.412609390212108,31.50988663283123,360.8880087922927,1834.9260539228344,29.54923593327852,41.59619942260846
50.91074393027909,39.189007364575595,582.7565209240732,1580.3595895827598,34.93589893914383,48.57765615604378
43.973679118475715,50.95978388638107,211.88520156016898,2540.6362179266,39.24238242868557,59.345303360248
52.60641440228274,72.5028960584653,656.8202689066541,2058.181011820855,49.82160493452345,61.9155355012672
40.78902400033785,60.24701115436732,541.1611593028185,2014.541184229939,35.675803058537056,42.28605312217978
36.866692582211954,96.57789145328472,837.8915958599628,2148.5364929725893,45.07750257549702,58.99471331692002
30.158801101189393,66.45020014655105,866.95796271661,1630.0690984500657,55.7063109800882,52.16646506254036
55.199731144920385,87.113804617882,252.12474682376404,2172.2727611620558,32.26123395909056,57.82317300853998
64.52992350647435,70.2011601517589,890.8423613516933,2217.1523014829427,20.693374489693866,49.44575333837605
51.09069096515514,81.2916302038582,362.547326753972,2313.199053460629,34.90906041931204,39.65182934951662
33.01864847687782,64.73360582952536,204.5582210154772,2151.69240836312,53.73539559687657,55.107591081789884
31.80573397418138,81.6204183275252,462.151553728005,2187.404558713735,47.56158662027492,38.61212388324599
43.49735026527799,59.65081310678292,471.19025586387136,1875.6702650633,30.98474533318565,44.22906796246288
43.84419507282978,76.97571975268116,1040.294611717178,2096.676985216776,24.847637538986802,48.698661675687106
53.407147582108166,76.60799654741457,822.8682669462286,2027.1511093236093,31.809090575506858,51.81205841268929
32.67847329224274,56.99896143934225,385.1227931554599,2210.5420485883365,30.16142325878773,46.06768047097076
61.505309588788116,89.22331193369932,686.0463091484875,2643.9482239972967,34.301118738321605,41.49444644888034
26.49067893987121,61.41559401823933,437.93252206232887,2547.170154035243,41.922158386717825,46.12035653309273
27.741300225208462,51.775497083622824,751.4131712652024,2612.656658532339,34.108605414166085,43.75516498115122
39.4410220085892,123.79657872034925,1033.6211597418862,2169.3854149378917,28.646821631373264,76.64411309542535
46.39827410035977,63.661326885015875,609.8029076077746,2009.6925065272196,31.66494162315767,36.05972197833773
71.62776345622264,75.44010064309109,226.82066033516182,2662.8996427178718,37.92647653735209,47.682992318459135
34.71282771677874,55.72417487506573,689.3952679346805,2110.948868523104,24.082706975100304,42.6398089696035
38.43802918036643,51.35152225292383,704.6067682084126,2073.70101668807,27.864413078077888,60.85365381236464
29.43841407725711,68.20902151884998,677.6435539644928,2270.477872935845,32.52867415103461,45.6893952681428
36.27037185500991,65.7262248035866,249.66035582943553,2338.47813227111,38.89042528008173,46.16188005281724
46.402724613015096,71.75901554128802,232.3278436616471,2245.4537123204655,49.409184866838885,40.029584724835715
68.93472393388322,36.04281081238599,434.2186406265826,1544.7995987805102,35.85946058358235,59.78895473493856
52.71444451854249,84.84347448241132,468.5183093504974,2356.6195520314104,50.252474756922865,44.7677370687157
25.186821595779755,31.984095509311764,407.7949222643956,1574.0948551124766,31.1842450184747,37.20335415493185
39.23655622510105,79.36309194493575,885.1258045419011,2186.7187163946874,45.41543676306665,42.11975511544473
60.223585303029964,64.09919077522954,874.9931531829759,2308.329809410955,33.164694763735135,51.24772735521891
69.10824877029494,66.92004031738654,528.5369630045487,2305.179970100965,27.60145398952094,39.67374470409353
44.86850717766558,52.63950108537933,1847.6367891284467,2461.0013784015237,54.62952112428344,54.59756834942339
35.70680651803082,68.11174053669039,748.8951176907048,2614.03192198978,20.192392370403233,52.91385906466222
34.97790315353846,70.52022313302243,510.601503491619,3095.0223198354633,38.91698946934513,38.76065599116416
41.88024372613799,84.0829733676622,716.1700125644848,2411.2314130614286,38.52418048060266,60.3792015215362
61.26322978881399,92.3298289161489,714.356343721244,2243.1838600101228,31.85818319312542,55.39442631741653
118.76577236769722,84.47693740644614,185.56528222895813,2479.7018629883687,43.02077916700161,47.976711807187044
62.80070044794983,117.73486167186172,456.6102992709008,2363.253436933663,45.1918250595574,48.93413366703014
23.706383035672857,45.83353373704326,281.38956059835505,2216.8213217404864,33.4276043251325,38.066398948379195
38.00764770880037,68.27862364286538,626.7192720321668,2420.9918098898443,35.07302737423273,43.461999306150595
54.65936918825401,130.37254704863048,587.5368066164109,1993.2651530145235,48.825449141517325,57.41339546020424
29.177401477725738,42.95844894655063,674.2906528124554,2600.3571360607802,40.24224597003658,49.547616408075946
67.16670918309906,121.41478469003435,1567.9302966439195,2461.1320153367906,44.07517052225998,54.75214871163564
66.85184148812571,106.55114773917715,1206.5778686715655,2299.5120352196245,32.72293475032632,45.0542604770806
36.49736211944449,76.97317188972734,403.97504037960346,2160.6062794577424,40.77210107767216,56.371686637197115
32.53959016291749,64.77502607301226,546.4403471236144,2284.237828693461,38.85745342845425,40.41438100309239
38.59159704810815,51.33135094923511,751.5019712435726,1769.2424597339373,21.64589761668325,54.17081867017147
33.40441505095785,38.67255131528489,501.432119285946,2186.518669423878,40.130687317271594,37.576896732956165
42.86105382008198,57.91268953835786,329.466504062308,2200.8094820253846,36.00783798276588,60.364717831082125
86.58475483470983,90.7352819412603,969.1181319182747,1979.5120521049457,26.999165250607074,45.84102268292118
48.315650049180604,56.96608344710381,767.9755627089404,2113.833307685477,31.968015767019537,47.57207825693749
24.677408439764463,43.28625049851389,822.4336859341834,2561.89255998741,32.202066709924345,51.4169439679401
48.06401216692903,23.91478044975065,362.9869007772068,1780.6451897571906,23.868865467050345,44.66809029835805
38.14344487074449,46.56724259914895,270.31212059845683,1743.2213140979115,27.584536702438243,57.174664790725664
44.687477560187794,83.71455602458033,580.4652269580536,2115.5863095962814,24.306476692889586,50.92770444162206
75.5714824018256,58.393042255682424,554.0698907509479,2033.9211923696935,32.284227482377844,38.95393221045042
68.6114380345865,39.228558109954946,723.2742676405111,1793.9993199692672,34.961763999808305,48.666695842534985
51.12990025990495,63.15229691819305,217.91774293352336,2062.9666833366355,43.01059898074625,64.365196671287
55.62047350956851,70.58553605130845,282.7148584785049,2121.3653395082697,38.34050410622976,48.57520411858802
46.735223401617475,125.06754423399447,321.6445944636847,2717.6851017685067,63.82786550146443,47.56126224134992
57.19210961787657,115.3591960224347,1222.3531239119663,2495.2698827853455,34.45256564626603,66.66355448772373
40.1329364089426,70.9569124950363,553.0667363666065,1883.9095591522635,37.29225250058209,48.65894285899742
55.84986421266224,59.83191526850931,384.73211866051685,1948.1696473313957,30.08757924218638,54.1525814472317
25.656431596547094,136.0426547414417,554.468834153113,2833.2129899287993,48.7287766012339,55.098158125490755
27.24460993562503,48.93652269910795,475.9832952989088,1503.1620299795977,28.37446662166163,38.474332461493404
46.448226150103956,41.20705233980862,503.9812710226906,2111.1000036801756,40.4864619837336,43.78206484546538
41.46231208494272,50.11875022833375,603.5681641463847,1685.7387114388741,28.795842395154946,37.711659966187185
41.78193038353102,57.497232058418476,346.2505258368208,1846.468499435686,42.05634726334763,40.50304303283788
45.1291957345262,99.55758434195089,368.0522375701221,2533.152689446699,30.944471520960214,75.44296737381852
32.78023484765748,55.67554913663065,590.5334479364199,1573.7737089570883,36.841579889591635,40.507817626342984
35.69420460704911,114.66996553269357,754.3001353538161,2516.3714907614794,43.35242846947925,61.77589066928642
40.85405299259845,33.82002945534611,198.63195899584792,1373.8816149735308,29.749713958174603,49.96001990701162
38.68085588275123,69.71383084729841,684.1065145046657,2051.714086566393,59.9830308654663,48.10827928890769
69.31420369171595,98.4649637170166,454.55070105309386,4068.0225565824408,29.145132323376227,55.083742547778954
41.20827942100677,79.57664143091026,468.7802430657909,2377.8349321923506,37.943967673649595,54.66894126988248
34.5443141736892,67.87509400415664,429.59357037625455,2325.8286294754707,36.443724450227435,44.680140011776686
55.60178608583186,63.34618548654685,770.2880543335259,2241.747193054239,57.83991551907127,50.01777912839812
46.72042021256234,74.5691421709273,512.1397492248473,2488.728799935894,29.700471052655928,67.7394348492732
72.56564373679728,78.03733327839252,970.058084791609,2867.870284917557,28.128096599548858,60.46236632461198
31.8016536800089,43.1844786282642,510.9528437057674,2403.674404631941,36.77778924463468,47.761710552543065
39.208917785059406,93.50294080911144,460.13267279181275,1887.3228316862799,44.99868081530291,64.30765509396512
43.0368461779941,86.33623751558322,312.4151833538974,2044.5827481734293,52.798884708692015,52.50786491759128
35.11426260388612,76.76779417374962,631.8427771667585,1756.0820752336533,31.482250640295167,38.2321689839035
45.65572090205255,50.12343645646666,369.65400328901984,1585.5253249921175,37.90535548315717,40.23607937991739
47.10928748032615,85.6841051911685,586.7730397354949,2740.651101784333,45.23595238373012,50.741655260031514
55.796523689507175,42.4826935956073,498.2418892143042,2450.0120050044598,37.478827847553816,47.00982002565718
36.58389805042226,94.45306151290185,478.1169964967419,2497.626183091663,48.33541981544808,44.148102884113406
29.89224510522807,58.289753558497736,404.1289999528333,2134.2447259232044,40.03618058767624,51.96200107598267
29.018595474698664,58.644546395986346,457.07000706660165,2183.7039188830386,28.66481118843614,55.1555255239739
35.86957017846015,49.451089979759004,370.31415765640094,2191.488817340068,33.853978510179395,45.68469643403584
31.21466703115574,43.320354060800284,334.79235863049337,6043.710391715128,14.90305907260921,29.11470074627586
25.828395167167212,42.021722914954196,219.2375886416798,5566.515331997634,19.302906012506135,21.798764551420618
79.61787987479664,31.400952116514524,557.1048625827492,4881.6566921782905,30.80258671404469,16.773318544963463
33.11820063797092,58.95419052294115,191.5674550529082,3658.7068115916636,26.72126330950663,54.475196680142304
16.719329102683282,67.08875677279903,72.28756035549952,5550.71316460745,14.698064608234002,20.32237368153713
45.94616655657248,127.90960863534484,400.2526614101762,5216.935112746701,45.62488728309165,25.04530639698217
25.093401299443972,58.514035479777164,219.79762664787336,9395.827373827575,31.283122634198005,17.29274902776052
84.03297261946834,86.16815184597017,491.1332704398566,6699.250756851672,19.409559684872917,21.828374437351755
20.53445816610368,79.38735160985028,460.10022902245623,4210.630939305562,67.51722590475558,20.922342952577207
19.76744125493759,53.08788187438309,44.550058035046675,7392.037107411594,29.844443955576363,24.954971684703917
39.46606946022729,48.300220340961,116.94087227367368,6647.1792591694975,16.77555739445301,19.417421869709045
23.561585293887966,76.09504553473644,141.20426892513308,5698.253630979013,9.621568622801998,19.391025453220262
70.66811231595204,51.601095125531934,320.0718308093857,8422.241538597998,31.984805799541302,14.238542884622854
27.484627605258986,52.902114443417005,260.3221993364747,5864.906379972486,9.478246875670347,40.27574833706615
24.861134452238055,115.12522773029195,670.6413338650611,7176.918836564288,6.322591835770998,25.72373550181282
24.695576518391157,26.57387208647578,91.40695295029607,5680.349169934928,15.34538220884072,17.916343600292848
10.874361281889495,33.88633661470618,81.19332077594888,6177.641982461255,27.038424418154143,16.753815874860628
20.90543382266465,38.33478758520083,82.11053672807125,7718.9059406460765,13.002788452929579,21.305186457015616
74.89117107526705,130.5223267533946,502.7671797789054,2839.9000312462554,11.295572152604233,29.25507712505783
62.95903112024727,87.25039147737932,418.4317552343545,5643.838986812062,21.373623055441122,32.98985813652762
36.022142203821275,78.41126319999634,460.31579539661226,5796.933774542218,16.106649554311094,27.086102861217636
24.210368085277956,67.55963592038422,912.9883899704121,6346.903437649491,88.85420351197604,49.34437224842288
22.10462549433047,143.03749180874385,400.654899463177,5338.435794263718,44.15177885361932,25.64884463031205
33.15984141096322,56.781465181570766,179.39463614545605,9611.847870243564,8.183752345895094,13.240364132886475
24.49163938682108,31.381092107810666,63.34785620202171,5360.485623533261,8.117072443835967,21.74955753719179
57.315010092633166,108.33511311891468,572.8160773991958,6009.457667356581,18.423638505003254,26.5193746288584
15.298649340995617,40.71677030788502,47.675328178288986,6087.868387561277,18.400135748704916,20.568895297871975
40.329277848603176,97.65891408610793,208.85522280875827,7073.926271038192,10.375714655656328,26.367972214553454
38.54096455030545,59.61954308579802,702.7170334386076,4609.300432333477,13.506847836714451,19.525580481335577
19.424795566056208,107.0119400964043,67.32918080524793,5747.640618204019,16.082995435485675,23.078789520603983
40.74430141067822,70.66722458802917,914.8299827836893,9017.747587238453,26.712153158190333,36.15178128597906
42.85032926967396,26.50457746115574,298.1276930908296,6540.906887389067,12.127823507117597,39.06928395329572
20.914649719508358,143.41558195157626,568.1148487296653,4473.39675663016,53.89324524824873,22.50042256635172
64.45011920924914,32.43696215505854,158.79830994043334,4964.532682144265,12.205845741304962,17.980809751378054
51.17526638905662,163.28468093625355,1157.7619807715832,4577.208653734369,51.711227650875124,35.28790115279944
52.36954084487091,50.09757550326187,151.16011400807213,4941.764825247052,13.279045308626705,25.700963709680927
40.104860038397895,46.39832700001786,240.8531634058752,5275.875216875352,11.257480926855697,22.246565416690817
30.88575101622914,31.593410909308126,151.15125733205997,4463.526606153002,11.254805501088274,20.467402924051992
53.54193173531426,73.61928942680017,90.32547243056482,5012.326151436526,4.834493690897583,28.146823192111466
23.517767294744235,36.012838046414046,335.9345536636026,4849.128455795864,46.56646827972309,17.08499585038149
16.81246003098724,87.99234273343995,84.9660063955122,4720.067581372775,27.37042641701479,15.301009371353501
9.160257125562005,14.86348171630555,80.29902056086956,5351.773189267487,10.083816043019468,16.893234559555648
25.477765070076096,21.179122864420272,132.1747591112701,4204.047981453165,7.220898705838552,32.33663011667084
29.67834757982918,22.67197314031915,295.5375564697951,4042.985814384869,7.330817689111902,17.059900182343505
54.263225672931824,99.70725565635105,640.4737664296827,6628.31942406168,20.875686875257465,24.060673234213077
34.33458052819557,58.27626021861749,451.7800567064548,7187.617590414347,15.028325195916077,25.42915798314909
24.780020281048706,107.46448667973561,66.00181709715969,4682.458872552092,16.571077538616716,24.967441383006317
22.29286960802453,45.723519887401565,132.4687917064075,6190.840633710841,16.258365230810284,23.96704625299811
27.897287302017148,40.93880215817642,156.5654979859752,5806.573205460543,15.887921596065537,34.849928593582405
35.926267459185226,42.93801795388563,229.07184072105917,5046.760601775491,22.999463962617227,26.964517479724925
15.543766666168674,31.251214180562705,104.6342752229918,5345.948773688472,9.917243142621313,15.733163080692178
11.408350649830549,20.427311289309408,91.73677773721536,8719.941265645217,13.940225008199642,16.50980125045946
14.798477555120305,22.393570325622576,268.1055531102279,8293.199668095562,39.56942747169251,18.12201029827558
50.034594822737475,85.79132133407933,335.99482820565066,5171.451405735345,55.389767323121355,12.976694544378834
26.08701225533497,152.37896818087765,443.8322117584987,5993.534939606938,23.451143045696778,37.81521347960907
34.947239874853125,139.45789442670872,338.6821473373468,3227.830384773571,57.389584107120584,34.088721508033416
31.34742955931728,36.35680672483641,87.17730921646925,4066.957306559759,13.663743515086248,22.185136608513513
76.88218236864684,57.74586045611866,192.16234173117343,5411.940879439565,21.22497843596676,29.486081619842633
30.048711379303093,95.22647886268393,444.65520965245923,4883.371901716636,56.42622924004802,26.444320348972404
48.25306115263351,95.93359734924113,362.42033387402444,5374.533849724405,16.505842869598162,45.37274117632366
43.61454025216608,35.70132076336888,109.706568378745,5367.7354249437985,8.206707681230226,26.427473647909856
41.1062898344823,34.93604575297243,100.92911871389654,2644.7018399934614,12.755761710130601,27.72410785746049
32.16427905789865,158.42045933472951,88.55286657853327,6034.112527766494,28.64614691023032,20.023579644492507
18.360168531385913,36.11441175664607,387.1495077054356,7895.780610703004,45.185092224377385,19.221775081432902
34.93566326094461,139.2342264021104,231.91971113082965,5142.835193877934,28.54167655825379,25.50380826801964
27.82536793299833,15.403225705901416,178.85816354178388,7347.517992687912,18.37204182425355,16.083396811244363
23.912464457571446,131.58387740029787,85.78094956568167,5782.436846076019,10.468178338555647,23.522593991135672
14.994795532877873,101.05883369871538,204.26535607740786,6660.819964907206,18.983153950134117,32.553039575112045
12.665348836776701,131.82649535937128,174.23365859766133,5879.641755495651,6.972969687027961,14.907234763322016
59.51071930502643,47.75992545845898,218.5782558939186,5423.540374264265,23.354175081451388,35.37315383365217
70.13084405525444,161.77787944803654,903.5091340357128,7999.964092892093,37.52509961577749,51.006900604873294
17.691698063896983,62.027126180092004,89.99134402435482,5548.579983367548,8.843209115415052,32.79905075998945
40.278921116758355,52.48081807641102,221.80303816334822,7045.325483614081,21.42544374992552,38.701889695687484
33.580281139138265,42.348746353746314,121.67050074463964,4178.812082397803,10.709415280221052,29.29932510148705
53.09615857996772,44.33963877633447,110.90973243010191,5652.69574669778,19.304449540627783,29.69215977284745
22.875029568942708,30.584637124674956,86.70447526717811,5346.2173932227215,13.225917162615588,23.272555495728433
22.962762914016505,149.72681956153457,709.5527502428665,4896.184811428835,54.39967775283676,16.608016695358817
40.98032495036638,29.661085821848065,84.8383193705971,6100.331561645697,9.924698405394857,19.145865095234655
46.87602536069363,62.6521390280444,470.36076198962024,5684.419618652361,11.90455038740754,20.3920891219345
65.7421011555843,57.7313359158843,457.7308818134776,4533.519429584287,13.308881849089463,30.18829320851454
84.17132407290629,13.239207644888069,66.9362418893305,7287.112398011321,14.918722846122376,24.07012851606801
34.85641435120079,144.32167719611368,393.2418017748082,8017.687046274105,7.38465437554745,29.42861757738527
42.367048296585196,70.54684507131081,259.4965216567609,5240.28674881615,29.99916041432344,29.206073210566746
87.61685630599155,46.45330010284865,1140.1070547537315,7058.62288905976,14.449927790756416,89.33638565578103
26.884099957625537,39.64444708591621,269.66592187404615,6872.972765591085,17.244330394738153,28.482514247588654
24.43726821217839,47.77969219118522,40.78334035786386,5113.326727484933,49.3597641763212,21.944177539229283
17.24891045347621,86.20410727117076,129.5473243718415,5382.145377223051,21.376114388949993,20.00702269101908
47.515180271562755,56.28975084880451,327.1884553341946,7305.769971826946,10.752965576929402,25.548598145567695
31.206349158334692,56.751624369271426,165.73541841957763,5425.26901769805,13.54875956112081,26.199718480919437
35.46422083287426,169.37707693666778,325.88699132191437,5780.755865332776,35.2777873320488,21.124730415077074
54.11195652217009,71.61082638255851,116.10688997232438,4540.051279103977,20.19352449081291,36.68707720428702
57.88216642524721,35.43061766780125,495.86192399999163,4200.586938899289,10.441591393803037,10.711625941545268
51.10084363460359,72.49717284877921,282.5744788823677,5066.519222709135,9.65970261366798,16.48284115800882
45.00468518394325,48.927442711218916,209.2607507918624,6885.140368364037,23.3942675691576,25.851713351506863
73.90833516222374,132.1270210383451,618.5838701709814,3972.9763114947878,33.523689442635316,31.3267890605317
16.83177625483687,173.30799175945927,210.86819351796925,5236.696860748082,28.430368543679766,18.975385331231355
32.13415108653925,20.346830060975957,58.2200199909589,5651.4194441739455,13.153296299279521,27.924210231280362
32.50519986961288,128.67124910744067,955.518016847367,6101.619786597026,52.01509656583775,32.50715688298939
31.322688458661702,8.39394545838864,180.7256502364205,5893.839491289284,9.728082700833157,22.64674752919684
26.222450134150698,150.48676672394197,312.0184925507459,4623.157127528827,15.112662683023743,25.60709704088975
50.634420606203676,71.94475957967514,206.77639981312024,4690.3494472618395,17.830419306093816,19.433798425205588
57.3531070200798,28.556439828373776,196.26911377750508,4353.697549717301,19.29854336834609,32.59396370624282
28.2843812274204,227.13382464888707,488.99099599999414,4095.3321318017524,28.705561647886018,44.873260130278084
32.667997672676016,38.68885306108438,149.85349442409347,5614.284393853228,19.360101063216355,20.12648214176836
12.939597153919577,50.1324755629357,173.32749792169858,6305.368255104624,15.172092048934617,21.709429721104687
35.650491889027066,53.1475994312014,71.13490863009932,5567.522894894957,28.301990096657857,24.5373867921311
37.201674708825124,44.1831109248252,203.18256659663172,6372.911783997451,7.921822718766828,28.039325051539908
47.183785078462606,62.48031901692489,733.9662153032178,7945.7348438671315,17.696990865569358,26.01689005194788
30.7314425435438,40.97066786979604,170.15165315154263,5870.786441780228,8.928818278436175,36.05219811246538
52.08210877255448,100.28773991525108,371.4718816849216,4346.541913237333,50.8942254461046,18.804791213927473
26.6801202227804,39.58181225721694,185.049435622903,6665.27748067941,12.148371875719038,25.340077502544712
52.37438306500104,49.41747217717535,54.23642181478152,4720.659931598996,18.24783468093827,36.722516346414054
30.00588501669228,80.9374437624035,189.47821073662107,5192.300429228254,14.42215488715452,33.370186901868415
28.559327548385042,36.35906816636879,51.98914079193768,5749.291546437727,23.98789823624154,18.109241883081534
34.75254124573364,51.63457369767517,601.9543488136069,4224.080664814526,39.977726966536395,39.51195983263333
45.58599371299162,42.620658388321694,51.6879552085158,3419.230533244485,6.909879675942725,32.38909254716941
25.05264484741111,136.59027204383614,665.6922387682887,4381.122374631554,28.026963025227683,26.742554951916603
31.099293960280807,17.737109582112087,58.80285870328243,7107.19872386389,11.375353523122198,21.363415027844745
36.695810863066654,30.13193673287942,54.501046231699846,5368.238693032039,18.02823146942803,24.984091578955542
24.47148661538919,62.28366495481518,606.3243129216329,6220.704759063453,18.05683637020143,23.384038944043528
38.18960050943035,56.96084103525858,175.83674093110312,3950.083299186953,21.445039356900057,23.378952609158922
41.6976435565693,95.1474314949161,497.179571138704,5148.015747557397,71.66053937442686,60.61411792334714
39.81327289203467,74.59298819393798,397.13196654540695,4370.974023258554,13.393748492545562,22.175325752669853
17.002495062375225,24.918289813312995,391.3352729884254,6691.157042986302,21.187076896049202,13.523606265624586
21.408479701325284,30.29541046684074,302.1361394316375,7578.224627856135,14.691012587375921,13.783442492653226
36.76973069304482,25.980644383305965,131.95197310891265,7525.859992106794,13.661384574480529,29.892307509820956
23.55002112283931,32.51082736645822,103.31224431179152,9162.98166996675,14.690395083992035,20.05002976595222
27.77844576811934,57.59980531859692,242.82565214628087,7691.992035527358,10.148123243550287,21.70679136973846
32.1080967368667,37.54141171098823,124.16266499707882,6588.513702186691,17.307873522866206,30.54099342858816
15.220999584357026,25.969926887965848,229.10720422533103,5478.293782218447,22.523960922801272,17.801446459931874
33.712197386078856,46.66663753989096,186.13896106229137,6741.005859867526,30.502639742965812,17.874342435462754
23.349498049283685,41.855838607466396,70.52814235095802,5173.414780605189,12.969263903383819,22.06093331461719
20.203101128066585,87.52668402628073,242.27307156518782,7176.8280618382805,17.661215348742417,19.348225335329825
16.821999240904347,13.41927270864753,226.22409093770895,5464.738142894204,12.488492504314465,23.373883336037622
39.3628917913859,8.906352012910734,117.91429776635842,5602.133404094015,40.71312927173993,11.56617181296077
55.564767550468986,46.15507872787567,347.0273666996734,7287.744985457557,29.986565020400466,17.228243229351502
40.95109065920104,40.40986723211763,350.00552235982383,7757.07663229049,17.86879154948063,15.67332840343874
34.72936220683062,106.43801297496853,334.6636257659354,6422.579824656266,24.072389477049892,27.862806259220953
81.7984055964493,45.314145499668456,158.62108737383548,5070.44781381991,19.281876369213023,43.391333711638225
67.15937805065825,97.4435197291325,543.7080017600066,4793.590153099647,44.34891934208549,39.444544260145435
23.460710393494917,31.44373435651316,136.40606638331474,4863.961377404872,21.776175082378817,25.023418563116802
31.581467076118624,70.11754725169303,82.47335915283657,6805.784401213652,16.656605568857838,29.021701433954675
43.74848724794525,44.63322494458174,77.5120691592179,4889.634267008758,14.941943437173391,36.76976476401231
36.86256059754934,63.25787519905247,65.05760014465731,7163.485293508711,22.906521993669575,29.46344737748836
83.55408142042646,35.55152441811239,94.82873600803657,5235.061863156523,15.686827086583929,19.685457155928518
41.64826326144323,53.63185509046849,314.2999839241948,4857.301382767926,15.844103242686723,26.05620333841934
28.393440275661867,53.676943970558085,178.18307336340877,5565.94301539246,21.06952125215718,30.456387316852528
32.45898301531969,165.98016566843097,187.931789143137,5048.917470003378,33.867977863572285,23.910474228403146
20.215935891103182,36.21262508416345,243.61204709445997,10169.15244692736,24.394060856748343,10.723728933023928
51.735924937357886,4.721595722580481,105.560870390883,5429.373543490534,30.594422045025727,14.176804971017457
5.100282530270418,21.791035880856835,283.6098997695626,6074.42222077278,14.49057963233794,6.325686633357023
38.56061401945852,79.69587005102282,339.12627415435156,5458.398730182831,27.275009043182187,22.43585038837737
34.498498030019704,138.95292175469774,151.96031793486537,3965.3886406894953,23.590813338353914,20.9601184635329
12.713909516392526,65.3092217839484,103.5545185754735,6214.670647177765,21.893320323479124,20.069312408260913
27.647740216412465,46.929417442355174,239.34640432360976,5342.503055959523,19.57208963681265,36.78291356973123
45.55172274125238,34.00245962169047,335.98697531635855,8062.67337462679,16.385331694653676,18.45443748359421
67.0059554456511,36.99915946570274,367.1326879169882,6454.927324164559,23.024409999026208,34.96311905577867
47.667434572932066,142.74688178472897,763.3835713546923,6690.2477749787595,25.731249266112698,36.5378031181513
44.849701707095456,162.60638536371007,133.919715622306,6849.382669839928,38.8597912485389,17.83458389830545
18.84659451970537,23.45905684622737,61.587173698787396,6068.982472909719,14.708413879503508,25.457565661737494
48.718262025763536,107.22616700231842,867.123262778929,6933.301726253653,25.964528973561507,22.407809605895523
37.54190151304686,47.90335836043232,336.15498530023655,9994.650395323513,18.519820342330473,17.69581743374067
18.928801483676843,113.59994072172886,589.9507167065702,6723.511701502967,25.88235122329477,25.947743784764086
9.861907687515144,71.51832778941848,485.7014593433005,7589.498444079913,16.325931799665522,22.542282072908645
20.614065203391824,63.04281883371085,181.27968816356696,5123.804750428314,24.146200141461854,13.66954713028705
23.194631341286218,63.989977220262936,269.8668732784448,7119.212594742319,36.76218051736207,34.81597451389979
20.36848175923545,35.270290898214995,69.29053301447611,5162.039412260928,11.714796311279287,31.329811435005947
32.41174919690184,116.68074931775499,164.28145730531048,6556.333387758388,39.63341145191716,16.404525995450275
44.159490687864526,21.45178934196704,105.05479352584473,5817.516381813202,3.735024438382871,33.11322504742268
50.060804337203024,29.872021274741993,257.7109212282686,5425.290650217068,15.95606301122947,25.412190050387093
43.837201678429814,218.5786220776667,1299.2659549760729,4056.7906435432583,71.33130366726655,33.11404125888973
71.51707123331065,26.119604032628708,241.1550010479576,4552.997579260442,8.035842630866709,39.182669459054075
12.879023814889859,152.2189868200161,109.53953680408804,4678.635539931753,20.93494735621013,19.323225359720464
84.6465743344995,37.876308802662464,170.9317197752093,5765.673459886186,13.069375864477994,20.907116529296424
21.584924388012006,69.50183191829385,246.87107339355137,7127.398346600538,19.131693617210708,31.496026383971046
40.18931813996656,48.8785726166602,597.8528804234364,5019.246515928262,18.600180384297563,24.976485601694037
15.927259565235078,36.17033227518901,66.98337858126199,5020.448342109921,18.69123073096298,16.20180940843881
67.94919773128481,42.664488391884774,416.93994697974756,11452.898030169,14.287373389629348,21.39319010016912
36.998461183260865,174.22995273688636,587.9929801634244,5416.762371128112,64.14735256137507,23.56365715743833
48.0900752934087,200.47860819249246,117.56860731892911,4636.07889710097,51.51717220581479,18.707751116146504
87.31375258355635,64.90533649889169,187.7791114640783,3483.49648209467,15.676840043794714,35.926833542033485
26.848007619990135,267.0278650063921,64.00457502460755,9163.633495533915,20.122690473500654,25.77555850763524
48.57070078196746,22.12967012106741,450.05695326160816,4474.35263138828,13.327496022584066,26.5854278389266
39.60162073498874,63.73749319910586,131.8357321140905,5926.7541971018745,14.426297216034772,19.32960017240141
56.39669125278314,135.02778570209554,1066.692681805347,4595.245871370787,59.994061011459756,43.928033540457925
54.33548219665916,65.02417342141801,215.1866511878063,6100.738195582417,11.438910486485488,23.924110089624786
82.01663094461256,180.55788337787342,180.7121835786638,3014.6390672594043,18.012670884139286,24.536497875862217
10.660580191091752,118.10601618110456,285.0656874844622,5538.495820408645,45.10833337385817,24.00344987176027
17.695523976979864,82.78810161570142,745.0999890215777,3519.5809010113544,44.05583301356579,13.95558231115317
64.21733684295975,48.56079973356899,275.4409414504419,5179.097309722997,7.603113256712602,25.17835097097463
36.62321972061441,82.6994015647306,485.5621019814266,4579.772910821583,50.74475446822467,25.63351698293921
26.99601179635836,3.6577099658479733,161.13812819287278,4937.878833303885,19.670767888583498,14.19307449408317
25.60000792346408,61.52194815879175,445.46266006653804,5420.940435162254,17.075786401421958,30.515623608047267
39.62579922798725,112.92739345971452,269.6223440648449,3880.0706473015625,8.418222470557668,36.56239836133784
35.97494142050221,156.0228923470726,461.8733505603158,5664.863596130396,43.24780465052805,39.525791035119894
22.560810069404617,61.676697980836806,495.92561546552815,8074.222726914334,13.53453014667079,24.384675976935945
47.00996469428527,82.14274313672401,484.656473822716,4844.530693255003,36.2611562071542,16.541851416771006
25.201660406340537,78.73089660445541,448.15663483610444,7572.433837045859,16.88926880305223,22.28498425106956
46.323652089069334,52.82369384567178,65.22320060347822,6160.156996264432,21.364771623927904,29.812221166051668
29.483783001078237,51.71268289424496,81.04513194783149,5378.169124501414,20.568473247358366,20.420767515401145
76.09073444941916,33.705294708022606,90.95236262446382,4276.402220666544,10.12065177487846,31.58309058864337
87.10147246750685,33.81050675580402,582.0550906344267,4481.674722569285,21.166033690428463,32.9578266817376
64.06471902559787,75.07245793391505,299.2036058018583,4447.722699233148,13.771164046242506,31.905180778575925
66.81871411139043,53.482551326835264,136.4287789372985,2915.819942637114,20.803410963133285,19.256378482316173
22.505022524180898,68.33716858470368,534.4189767472725,8560.929234787716,13.454419235298184,15.952422868436006
19.311710805770527,48.60562379863412,79.14942591738699,4320.347753057335,11.065844882716549,23.18237482048628
15.467754051448697,71.32685903746832,125.4155028948315,6614.0635159081,14.19804254332237,20.21285926482671
41.8574066466945,77.96962507382074,60.5417796705451,4491.662088323565,21.354726705243102,14.203354895144098
19.240913742019433,11.948472032952594,123.63699460055723,6179.370433326034,6.429091061679435,20.12523685207936
42.80890502543409,32.306542906047795,102.80952369138129,4005.923221171765,12.162856296315404,35.99779496365866
34.70042507855193,156.04228826697826,1686.5477288581615,4547.204099339861,72.86077280720043,36.500468916338484
37.698494908786145,36.285505293476255,270.3172151772384,5036.522094401626,14.961830148395114,26.805211908701487
24.10087286045527,140.83669181994475,83.8521446876666,7528.523303439206,30.26396439705072,27.677908318784002
36.44769775435803,10.043388438326184,172.89997388216764,11253.478533358992,11.582120325690223,17.518734791799226
48.0959040477705,80.14868431225354,102.93916621855013,6437.106771685591,7.8635315481238175,22.965184122611426
22.98774831146421,5.661934608536367,67.43724067557214,5560.30460519581,17.38526593794279,18.245423861828588
25.588915954017516,14.54149099612618,57.28242501957749,4484.768176764091,8.454300066397858,16.139571082483002
41.03101264592344,72.99023686602948,161.98806993873598,6155.932981559791,9.947510937711074,25.839564907727784
31.900227560039234,114.38427330771849,975.3288664337097,5504.802951464016,38.272152869025625,23.760573602263417
31.693079141992456,45.73623884345377,47.897218984803914,6269.327742391581,19.293963591559258,29.44999499787128
17.220424866146228,56.76220552779739,89.07960056634901,4899.877643112312,13.450650735014161,21.297521318315187
16.200588018989464,51.01368363465732,179.90873955005856,6446.8303326993,13.934182458234563,12.06577872977082
43.508589585643726,78.66489893254317,332.7132381090785,5098.764236330449,29.60400915523912,22.86086138187742
36.603705423436715,45.053602666327336,92.07778602249118,6209.169235770661,16.935103932100315,21.927498214508347
66.11274635781005,36.69547017909511,909.7548723895401,5614.0388755477015,13.077387685975586,27.69706218260951
24.32272116193603,93.8642781340542,130.27086271790182,4943.338066344551,11.381078100560691,25.222558015485138
41.892147347736284,41.41025678867282,211.5371522748504,6457.525040883793,16.965713353360435,22.534086749015692
127.78720543379225,39.66022751517898,290.5527221072515,4962.89946062026,25.455907991989495,6.45459727552309
55.87187496229125,79.43457699255862,265.9174839501818,4721.16692890828,31.94205495053537,19.307727183901697
33.44566070107125,13.00225924549534,388.4970905110989,5726.492365329526,19.125473332632932,31.46053427084233
18.265985381056446,81.72949098690701,100.16908507906064,4897.367290450643,13.67200644655325,16.64179719964245
32.76924963499306,159.3223806507173,932.551467062304,7390.526199029127,36.127312341444316,27.60047852837471
22.602389284110757,26.49216069907035,136.919652891095,8359.199815836537,22.067362426318272,21.724554568532067
19.566979368354946,52.67848525053218,51.39563050995509,5516.0799134911795,12.516872571755245,29.07142675920413
56.86474649825195,77.88569193482422,432.1329637871571,6180.790496796731,19.90379425915002,18.778338519452056
84.63462944810455,42.75580144199156,322.5924078302534,7350.44021816268,11.304441216996738,31.981563072695874
30.20317691030608,76.92933503464586,279.95950553127966,7304.3261606983415,17.538118538894903,22.353878561080027
56.26801285960558,33.14713554518889,142.2817593594852,5793.603457629242,29.716877577930887,24.241438362831573
56.580818209993886,61.9383425818708,326.4445686798663,5246.239930644892,8.674505917591212,18.41876070599967
14.159303497110923,41.38292705664959,428.114766472775,11226.064786681163,24.217385009704607,26.866933620480005
36.06160072647808,95.09776838499229,660.2678651424576,6463.809457867106,25.59225340785467,17.382174725068374
21.212313870349718,68.03926304534752,169.42476721022123,4692.027730047163,15.378903306416136,17.043437484648067
56.33013885533031,29.456305683135483,114.3309442655831,5334.193818551507,13.433084398972742,24.700795911557663
26.7511006873426,28.173837348323254,67.9555569793954,3986.411507942727,13.491476438822176,25.00505413515825
49.678382327683956,30.08404886246088,310.2373637057203,8082.234699028101,29.832883032867635,23.276161091579343
45.80380405173983,62.94502838792502,161.55048013202955,5939.864401106961,15.541924033686211,36.61817743687816
24.502524856711347,127.07816188220492,232.95172561497793,6919.8179728521045,6.481085774270304,16.67429245831488
12.347108839598125,23.808105055908506,86.80403274922138,6474.582524073586,11.896705539337905,18.851891870623326
16.122105519322513,65.62117364774208,71.02539219884845,6655.175925731375,8.269897832374088,19.154501698625925
33.31177258196681,21.439142662754932,1937.975701311964,5420.910492747098,30.922088749748855,31.318633738341727
21.666674811828905,27.349049583749988,212.20572536037366,5757.73890331078,35.21725557956112,24.11128005757584
23.640755923264535,145.3048198063401,65.65934815605242,5562.139220325208,4.49336412661375,23.052781603634784
28.24596598766876,137.35770612269474,354.7679704126212,4912.63237469797,20.74686805821638,10.278121180381016
41.9173622964207,72.20678989907421,409.8499719789289,6262.26838734735,30.862290148786506,20.58130931578693
67.76343635045937,25.38869426502535,16.535130245554484,1860.582671136234,38.87715028825632,46.75763540230225
80.09152215193185,118.7029175899737,122.38539605063228,3021.3932850061224,42.435303231402784,48.453426169204135
58.54921100250009,99.59839358060421,149.7368201347142,1131.6161556883021,53.21569482293128,34.0320055907151
67.33961363695215,110.26588635011461,214.78372374764638,1515.890091633782,79.02384932831303,92.44290384143366
69.4925160247426,24.252263194330858,111.80071694787156,1563.5098146939033,56.297089601624585,52.88746337179399
64.80976174296313,127.41542490422708,172.6973997631548,2035.2122345681364,38.54832333835262,75.77517410760846
68.4537081770425,117.8824453625034,118.36666629716233,1194.4468064764148,58.29359085209018,72.51775418145756
49.10816376801142,169.39746617338267,46.086547283967036,3225.145516241465,35.30653928601746,54.81952543213123
52.275436626034036,20.36699073018001,157.97021027538065,2811.696219663853,48.85495637619614,64.13002621858924
48.24074005766478,69.0605202888135,216.58280009149144,2086.2017710556843,41.5771057261506,21.188719053346624
80.45591098484144,87.71849568015378,237.54695115155403,2073.83671965038,44.375792277946864,43.03384384526761
50.739655950136296,139.1384236927712,19.672081640376263,2144.0537259786106,17.551836995657748,17.390910925096524
74.76000227855309,29.89588892112924,83.68154204638819,3240.9654060637818,42.69164966588939,64.21688414594698
82.0705877824533,89.77023927694516,23.680950081452664,2701.019518198003,34.94813697792682,36.426040687988845
69.17207388158869,17.916395439548467,369.58089992884726,1367.4277464725733,81.52644252469209,10.489822675527304
79.49523331737558,17.95025812495429,206.51202161776266,1144.918279241444,47.121885972536404,16.883349822990972
59.150901141627514,33.671791336370845,62.28542100734086,1748.7826709544058,50.05470500089348,30.244732691379163
75.32121682587514,46.71177694846847,182.4974597376508,1771.9666907227293,49.20400003082533,10.203008748412802
32.06237378455248,60.4638219552086,84.28971310368576,4592.005151458466,67.70265458799174,16.95039157400626
74.69425242559907,62.91849241978098,236.32803464802174,1434.3103221940398,75.59733170834213,35.4398862391981
86.24794100593908,142.53522530788237,353.6651076973037,1229.1396822988793,50.50820370903963,37.84970620659202
71.91999371806655,49.57335068085341,109.99342112479826,808.586314842017,66.99320794094876,17.39692202401389
62.0135497979909,43.60769914558758,107.10264006343843,2365.5088340190327,20.065197540676763,28.814114712946463
65.64928089851816,55.09208469416272,15.494041453686297,1850.3890401381404,40.16594543989343,17.183867889655637
80.42176198830028,71.0523915953168,298.53719465032816,1496.486855585869,53.92820745332294,18.281604562750314
57.985182014842245,6.767689957483025,156.64415404714433,982.9838055415448,84.89890887922755,42.853296955161916
88.5140467941408,34.40980799649663,104.82605652400794,2558.418957912566,28.534624416186762,43.52223559773735
72.68551769839883,20.37219618192932,369.674148622511,3020.0245766648013,71.1107730623193,56.964101375519135
76.98405035093245,147.32372947266168,129.72359252026135,1871.4544863038586,42.983031588472606,102.23332556837508
67.89707824386825,74.75948460849415,24.769195804616245,2679.4929552088433,60.38600853620645,94.10499852632958
31.145600782159367,102.87515304570134,92.74415404036786,1850.6804406164747,62.646420416884425,42.89079009775733
75.68464048284405,108.20705450561219,75.85723231429402,1504.4089485675895,57.793931143187656,58.302720598931195
44.78149240462542,161.05220891602548,50.69712161228966,2290.8430432459063,59.2418923859073,66.11474060741956
85.85863385161792,54.60389010399238,14.751183415534053,2239.9190117589114,65.96783497767557,53.19326566488954
97.57595481482426,65.07349069932476,6.941886491633927,3410.544471278986,54.72048544899322,38.526515874945034
92.21825821360292,504.2643587683623,102.79289200451822,2447.0248119895414,87.20963240340275,56.720605826183714
110.31530930312005,193.88530448975087,8.32820888504648,2626.141666107874,50.66547917145326,32.39772901742979
73.65351648674879,121.97797741775892,60.25595931894605,2326.7437012968685,83.12149525159214,46.71212201659041
69.94872815160862,51.07793102066812,17.21225652681342,2380.2578931360345,74.96393330156488,34.235323485418405
59.62070607030052,71.8168422199531,25.938986776504915,2578.3962139694863,56.40888135478642,48.38026382493686
93.56861318538557,110.2169550199864,63.283877100788295,1631.263556455519,71.95354696478294,124.2898013220831
134.16974209905408,116.33373407564584,255.699342337494,1662.0963478311294,58.113990241527745,66.91265586471603
74.94701893508709,80.98765472025038,287.06030572387823,1792.9498550690876,59.19398206143268,35.092101914886285
94.56536022463298,138.5884452829957,630.0367159623963,2953.1972000238757,41.1010406397245,69.9481898675231
65.62166480571554,56.1121328151248,310.7874154637053,2839.7818011939326,43.187931411836075,59.22535865019033
62.65579432739163,36.17589148425933,182.12407917537809,2107.2706743264803,51.431912778108156,77.17374148671486
79.63245167051312,82.3744533723124,423.40954493945503,2979.2146982510912,44.41994660937066,68.84457864506702
66.00485837651024,14.756021665122917,1713.5501135660718,2152.2818792843573,51.22776324530585,57.79298563393898
73.88435871541968,60.96727672684223,611.8655598045183,2680.7024654194006,41.7697260500796,54.960282794089146
51.72156139264188,63.35480771737636,565.6320029172242,2649.2408719036134,48.73686273746745,24.64672047225718
75.28642693916666,90.55458462961386,336.6959094495109,2353.0715366168097,59.408622109299245,59.94466707790769
51.505265997667244,72.1430909672732,212.53486119283562,1606.2282661104905,59.40400601851836,52.365225573910514
90.00871834483297,37.6965762002051,164.78139089327115,5202.369663403586,31.34703684228124,76.57213731588118
84.9377933264841,23.747241224417994,405.2651687379439,2228.1423890115343,72.82374689299333,49.694410278284515
58.40470437528326,88.96940689360774,697.8047987077086,2348.884643990704,55.41991705497553,51.72952689329266
69.61612639801572,74.82647537433814,563.0569767210695,2939.5857315650182,30.67259820913154,54.28980856413029
62.442139956221816,141.89415670762708,270.6174386054378,2511.462464539783,60.66677742147373,54.267699472072394
87.38972194861384,52.0562356435113,680.4255174329411,2638.9536783853855,41.026416232502754,54.98285026778052
75.62725170464256,66.56561076922841,824.4238576575952,3168.874288893653,35.66826211389781,58.6491745928438
71.99549459856237,127.91602051201173,436.8027692706059,3277.227771131683,47.81560554391013,79.88716359128074
73.90270019455892,20.70670818335038,126.31148362780786,1890.9951766452286,37.25951883295908,67.46634822849043
88.67140208891911,108.70623551940375,774.1606576751478,2455.2134655644713,39.97568119594207,61.63751110841355
63.70689591348408,62.15015455858549,560.6678325906836,2533.1711982065453,39.86457349950498,62.10218058253093
68.9876957282357,60.04937127447242,518.0254353787767,2553.0876796967386,36.600722002908086,55.07370860856088
93.79545125770912,101.78815810675951,566.3751940526353,3476.3832838314547,58.29349183353729,60.74366691254462
76.88573975232178,58.44029128576717,618.9904044543538,1899.1022772337324,43.357234721540394,48.06972587616106
86.3363624542014,105.03703053982147,297.2836196594466,2607.669644330849,51.028261637660414,66.74882819005825
90.30181541979593,67.88937760944508,265.70046400369966,2897.0181634780224,41.8117056689373,55.59036319765272
90.21107929210183,117.6404007480365,403.5445423381197,2812.0569289979467,55.42677334088156,59.65802187595025
91.03012688917175,88.40031312461687,605.882694383758,2865.760078259807,41.73565293239611,62.72456385206107
85.67798978932692,91.25814457576485,1006.9085986290023,3000.6600752141258,43.063907176992565,60.99146156831405
95.50810639046311,74.68106303267643,100.84153758535138,4619.489087196466,34.05564107653031,49.81645328559021
69.31081745473513,108.61234828196875,380.1447344204264,3645.3987999821707,55.98734085728748,53.94730767286772
88.0726100701911,36.35247341587042,633.5848951843456,2569.116671209269,60.71907420091622,41.134553367323775
70.55268806423783,82.03369960951855,740.0300372030624,3201.1815444173385,50.03776554206125,56.3133200127217
52.235784108975075,92.4374790656662,233.5317200765888,5027.364153401603,33.47208165734132,36.845653035671575
62.560713273367945,68.58805027159309,350.34747865648563,2970.9712915234604,46.5464091147298,49.277559472057426
77.32072357275702,37.03067883936845,378.0335707319377,2305.6408357645055,58.89400804301682,59.08274921493248
83.40015252488541,123.96479766633314,970.146251582066,3024.0670865553757,47.48608199693148,74.77512548399224
66.15045362021664,98.81019490250617,1334.135794230088,3069.5289334225863,45.794420568178396,76.10646326760077
60.743345496819245,28.045031865698483,516.3313751484689,1977.5726351712544,67.38009778369538,55.43381816081946
62.99279082128733,67.02851863578424,608.7508276989006,2143.7404016551072,46.382870382602945,72.97611579506015
66.8539088495528,54.83420462552758,747.6536099878466,3195.5194517350765,31.712986653703034,58.85431060479358
59.21003822662365,67.0850858627095,310.4638187089174,3289.2497881868067,33.177459792643525,41.41883112381312
89.74169141870956,103.21429335042592,291.04741674961844,3669.263005840048,41.40650975175511,61.83218562279572
78.2919916961275,86.20778836950093,752.0724521789191,2987.5422726861398,37.2757297949439,62.40467044141652
71.34225425815902,56.95209211880403,394.7640986898211,2274.0541333300043,37.54591648303381,39.088194823718474
74.78205207865452,31.42858007459122,139.0891141593433,2358.0456661964663,50.37078724387141,53.075807172509855
80.81156162422832,55.83410168047276,634.0299513532175,2777.5677033817,31.301439889225744,61.41603525192178
91.53426713911561,110.78243129657648,1061.691655848452,3596.675531041524,38.75325422250264,71.62037622390336
162.28985729532064,55.63586799653175,684.2830161051844,3299.2122908015876,35.47686460962901,66.89718017630248
67.2752091423532,106.5719694986885,517.1653655273769,2694.5325843379164,45.66273645859029,61.28587655032194
97.72731058123058,82.54556619980434,500.6823544848986,1934.372965329632,51.84045118807939,76.83687351766365
89.82947986832987,114.94288273494192,598.6705054301823,3027.25527631042,34.43110707006886,65.2677061822148
91.31566224936441,65.15722573562441,800.9071703096195,2000.0222166423682,26.16638762750467,57.0243121481217
73.12194479046893,81.52960133453276,403.5111868184739,2669.2033756038454,49.12871121792154,61.90364156690112
53.25331725803853,75.48269311681088,713.0878104461959,3051.184686619505,54.21486169432751,58.69926437155242
58.03993111046172,62.89336481964534,224.31131921811837,1992.1367117104223,33.98635899467673,38.581137434665926
95.5819773172611,89.56478480722288,888.2348943617292,2430.1840000871243,51.38157896590875,73.23972910416157
75.2277206755712,113.57536951113725,412.026046333105,3010.738879312246,37.39991939498835,60.055255260805964
53.466819884346926,51.33779590751432,135.5661652760535,2225.5490745332186,42.147746192438376,50.01838424786897
81.32363029053671,80.88638866794828,305.48293384002807,2759.430263064979,42.01436596843858,68.06167928345019
82.98040533036429,96.33170790531295,447.4397245128023,2295.1933102049243,50.040142274865815,41.49450519260133
72.00879472017391,55.5551177193928,551.0846421285219,2299.8415419151233,46.300606389999714,59.688414901330624
85.44502056513713,88.90471126101005,654.4946457528656,2944.0958760444573,29.965658745492576,71.85417182891265
137.90462241502416,158.56896842617502,414.1123247074255,3155.4590324647907,42.68807565804099,63.99681081559763
133.3501301626572,106.15618481037663,989.8509629040823,2995.3337134864014,30.60174655652807,76.74632201610015
66.42961621414914,49.69601396200412,456.50586449602855,2910.473248762125,35.18362318130784,57.79186674129623
51.85944465880815,79.3045077293731,677.7803582545903,3060.17613499322,44.80757297306596,47.9692013255755
99.91189796795453,71.27159362030747,204.48634986399088,2057.1797177582157,46.9727213633529,57.771165097934386
75.90505913593711,68.38365832256497,414.2905533939754,2172.3146044462765,34.59144911996636,49.53477165740801
68.96938423636833,68.49595053630905,427.68854060435933,3706.7825066540204,36.89640387392986,56.34258185101794
81.93854019771362,105.23035004773911,1693.3927173300178,3413.574323720922,52.208903035571396,62.512121524535395
66.40522505296231,66.83009245073313,661.6419038613224,3255.1703991721456,48.18180051556297,45.554423388929585
92.45929717301703,83.95616400868754,612.2582867406378,2287.464340055478,40.62661309866506,58.59969759070187
69.11883898652411,66.7602715349725,476.135351422177,3386.4959878099,34.9696766438563,57.52556930784552
57.8060975350098,74.54834157214651,356.28307641272414,1993.6291704818123,58.776658910911415,53.5812960511563
46.45592272596933,68.75702377226315,544.1227449729175,2927.0070651355245,51.84394231285154,56.193460711645
93.36011435662009,72.42584911422036,349.6253646979716,4765.271849959732,35.322451535145774,65.1004954955691
53.49912356017726,16.014532862119236,582.6599047278783,4571.411545454164,41.252435443727734,37.80037676827476
65.64724071454476,59.047076065810444,411.33675074552843,2295.14435655444,52.74845080484769,63.96197478699844
58.56104687673933,99.1513136806616,545.4643835057509,2156.56505057265,62.65351736533996,74.5289662133073
72.98857760533977,38.14171590518561,488.97377473794387,2360.938155963761,55.49958923401673,36.58791846445548
90.156253788436,27.587504558508066,193.39580683236315,2380.616639663366,48.82036722600537,58.51295787124261
46.9666871392096,88.84317047911999,333.68678925832035,1987.3177497069928,64.15851200185318,60.68644951606011
58.905341248926405,94.57234108616896,182.46114010796882,2948.8248311779025,71.3222148612026,62.33696714890548
75.91882490746903,81.36890727062236,740.2429428294909,3127.8038860965717,37.32662983806011,57.62529396183823
74.48830044748661,79.32034340279984,530.2710890880004,3247.5828215846573,51.88348676567166,65.94799442287697
82.8569573320937,106.12970165066551,815.6127695932893,3553.316175427283,41.847729267121146,62.721572454598
93.26933734265775,81.65771543743081,796.4499637600568,3258.412237135066,35.813971866696384,72.71304284171568
72.2969895127073,79.76513441997598,728.6200209689796,3237.8713204582946,38.849423571537834,59.99837855117141
80.59208684076351,34.21975877447626,426.7869997365186,2489.6716029682702,55.551504939295256,65.082070380258
86.99962886645775,42.078448731958176,353.31551328396847,2499.1430293273725,55.93686426172587,51.42826600859044
52.52155445103865,66.352229114294,617.8615531383368,2157.5346532118956,45.597602483510045,48.09992362436211
100.55886379061006,78.04598294731274,635.2144854891266,3127.056064313463,36.6801084208287,75.4676449106591
88.67169889744348,93.2938950934107,297.8848624424694,2501.7931888941152,64.94455069004114,45.021901435943576
63.217401145888466,121.85069255652428,455.3197379953199,3043.289644257082,53.95861079366651,61.75035033051256
82.2626123246033,104.46856513190245,511.11513302939983,3063.0025255102355,27.52891643145897,48.23881992481546
35.12570354247456,150.64039188821198,294.5727790270699,2616.219076511836,32.453227334752135,56.31896634522167
108.48092242650483,62.236038897314735,750.5796523488724,3650.641458474447,39.90759905619726,38.98241708056219
25.513939564866803,64.25512886576331,630.3175600110775,2253.9845333906,53.60295076276706,50.12670331325353
69.13885033014576,129.1335694691503,436.40380838626635,2078.0091615667557,47.443912931276884,35.43591613711926
47.163465630465446,50.64807214972522,201.9194531041282,2782.742014641841,39.684929908249494,80.26850897990083
89.82126253243806,159.02525839777786,1912.082807567952,2704.512407145975,28.691425076430843,98.48998016034409
NaN,NaN,NaN,NaN,NaN,NaN
86.77989942833014,101.26998840274567,214.91465395178096,2657.647153806921,24.920604805492104,23.986242605540912
54.15465140367096,86.18529386179496,264.4239387613196,1875.0983665934607,62.0561641604033,45.5542080607343
41.01702314743985,77.11809724462411,109.46090138794108,3676.1508839543794,45.88474325456146,75.0249618527559
106.28136800717635,90.89942640956176,330.2227690880314,3051.463237145356,51.4437259328804,75.08033286245784
39.14776062534691,135.0888313386338,554.7609000898898,2731.4214880473123,33.27924405992996,39.132822176222035
112.52247725790251,99.8451391738391,676.1592863061642,2861.515487299794,34.48266364741389,50.65102197702443
55.723431635343,158.45209754931983,756.3234697582307,1799.4377511321873,43.47065232462978,31.972415703379504
40.48563029764086,76.19055338705074,463.3764422702989,3494.375758714285,50.432086633454176,40.47852502666751
65.0061993639431,83.32343228533136,811.5526965013297,1582.9244803125453,65.14009500594575,62.67323909743725
59.974836381335166,129.31559177837912,1941.7473563303865,3230.908617181688,37.21193461970681,77.80803014436324
81.02265459372767,69.54265830724736,308.3903751538637,2298.673524629285,89.8595640642969,55.71911751402247
47.02013870680182,99.71343224611338,343.70054502337825,2604.869231154591,27.57434370667474,36.567833902662045
55.908175045815916,78.70529552806438,419.44203591258656,2368.52506066143,47.90123501451417,46.634451222566774
44.171115507675594,70.96949414870151,380.0482221031853,2978.32915673148,43.401288146871224,44.111967423766224
46.71199441335926,174.84348856906092,710.1951056084001,2895.2957108539727,69.31629455051029,50.2514892455948
47.04605140012089,130.75441017373035,395.39731033676946,3432.2739690736453,41.98549283649228,70.42173620200892
62.96282407090354,61.39925808085114,1056.409022527227,2230.479707789577,26.84195111040641,39.43135316176774
66.54231092172155,187.18162806587895,1479.6817329130317,2960.2917258870234,28.672964231468903,126.21600382953834
49.08210464662373,203.0836368246115,242.91290918724,2872.8941693700085,39.19077610605436,77.74825023909852
66.66342129784032,246.44413240835217,930.8962559270419,2078.2162425464962,64.18920366770735,70.7146423734101
75.0777711608375,60.635113712598525,849.693303160682,2476.565813388088,34.47462726751641,38.047112002795274
63.18695973984152,126.1791669654513,275.1218748793894,3363.1232836265235,34.586522675624096,71.85009457085891
61.484480137444415,132.57732064875043,418.49698145787374,3200.5291593488823,38.80315552323011,53.21195521683713
87.32182371469662,64.77636680073527,272.5758175979978,2358.968671438969,49.66506817437771,52.77100138695846
78.95784516275049,121.02847120764918,776.7311642799142,2755.6454787229413,54.292593304929795,61.30676306447717
71.79758963617014,54.865627295680156,210.44860285266898,1542.0247545332509,51.286198112348046,30.075531132558808
76.16692835370658,99.994320469609,461.79952444068164,2370.0093547345814,34.3467992136489,83.03447011829931
135.44465148777698,27.48019334501262,205.80673619961772,2733.422219078601,42.47375563772869,47.38241675796218
76.43570290200552,60.98809345447603,428.74937046182185,2341.0010312470586,39.52865289503483,130.90652944030842
49.18242027892798,80.95694567957867,1439.9774770963934,2729.275651312782,24.474756245512204,53.02162853621827
37.83461402779083,71.7525678733417,220.21323440601273,2769.0972766435843,60.9098332332252,44.32028452574566
42.20556396009039,97.29165655230693,519.931956230573,3031.120451616161,48.92920396551867,87.37705398937453
79.69562509808408,65.20280981644835,294.0353779772935,3115.3225384624056,48.86114574900864,50.81206425534499
50.715537467932535,294.60961942176124,172.82034437863084,2304.738238477625,51.53991572662081,50.79075931955447
30.69645792309338,45.5198172085305,1279.2705278097158,1094.8957388889394,66.76877130959195,26.783567433580657
49.519693713615496,308.59686147689075,1033.3495529391653,1965.8378862427671,64.72808112180905,37.12786319749744
35.33070487590525,137.70493753613508,107.1908073939531,845.6018958163313,56.416532171325066,43.98634703150936
86.73570940583059,34.067457809924434,383.0235304718994,717.9046999344598,25.22529673906107,106.16975573135781
78.98600132151074,8.480997085786964,248.05288018198644,1411.966103544959,43.653639976345254,92.3579978740474
52.614211465536286,31.93378111697615,285.5232622569696,916.1071398948726,53.08447442686076,45.51259810054399
60.68169306160713,17.929677083096635,271.799959113529,1105.1849545080522,34.98465325625539,79.9546080797489
36.3144578452933,50.475820221716106,108.82541166920896,1552.5967587288997,29.03816012520307,34.12253931201805
37.92569467710746,66.22222528626716,195.89776868942732,1261.6621452742054,52.2572588389423,48.614700330203675
47.111805178292855,202.30953212286204,398.62865508760416,2020.177967156376,55.245193014216056,69.97712627433728
46.54255020231642,119.42355209734185,632.2408913422483,1189.3420663186675,43.782606985954516,72.96337054181046
70.83890662584143,259.92514740746793,518.6544284913821,2666.794832382162,47.66780014883001,88.08967645234172
38.02730859448907,14.628560313160826,316.2934295316715,1798.3583637604493,31.667977465989775,69.75925178868201
103.20524615686193,12.585741513328923,1917.7797061699903,527.7559923132136,47.91777785303096,113.27733286574966
28.731128523025742,46.001321355194385,271.57619385417246,912.9590628647315,38.38511527262263,124.17334216365477
55.59784375173915,18.610808364824557,92.54335682648352,725.459805335457,35.945981749594814,80.2450859651876
90.49503595345332,61.89278132923393,250.74643423824241,953.8230789890644,48.06668546868704,44.67074420245507
89.20736796515861,60.04579403656162,142.79282425111217,824.1596024572576,41.915438004517185,115.65453796010694
32.30052020093937,249.91294520052622,157.85822128533823,1651.877383399877,49.876769941142726,29.034292875789017
70.50496190783664,11.260892846532219,285.56900709650824,789.6403028902921,33.42998046803463,143.71011829745143
48.229451424955776,36.32893777103983,306.2377971429779,1698.0448280705314,55.02589061150199,47.51953616925136
45.44839096562498,48.433774150536685,91.45852678936853,1234.2963440976991,41.64960072583323,119.5442470988247
29.482254476855225,20.62788150625245,154.14948334861194,1059.6714268380108,66.23308503718165,24.420742493236215
47.878422541059656,22.737818119584162,255.48809702238373,1759.6520763218455,28.6416429800135,64.30473171831274
37.60789700856012,109.17258203979054,220.59010946929507,984.5542536125347,49.95935108565558,49.55541106002829
33.19377185187502,18.381362861097713,350.28275927996947,680.9880714854926,49.83768054271626,59.17835527852908
62.01915677421503,71.09327677123153,2039.038284730743,475.5643772954697,37.659205277141396,109.38260153403087
118.24327538471596,30.151679378815906,272.18614018151607,685.5353157336831,51.13337379908845,300.19183387451534
35.31822188875332,9.255657093361275,80.09405467718426,836.284117058115,30.83155695832372,86.70727743631024
84.57773142853294,23.950968452609175,331.25865638815395,654.2529709726681,24.076228982717296,195.97784474536792
49.77377726282059,21.394893882330603,228.1668731103345,1303.12826574075,67.39445850908419,63.02621270075543
39.482396821298806,21.999563208360858,79.72193268035227,1288.1344617700286,46.11006398030855,36.18013885567174
66.83970270191546,16.435076408008122,1344.2589696914583,1392.4177004751155,32.47837189024298,84.81234346199125
65.2313721792676,13.615961382584798,341.8841296170928,1660.148732375834,38.71205909065428,62.16721060619814
49.338166940537974,373.9274093029068,286.90355199983264,2324.1157246207376,56.45170841876189,57.65826035415056
64.67781864228523,26.031349374386366,161.26962602103927,610.122749278639,42.75279592923438,166.36674898358822
65.91221968537208,52.06093440458524,287.62901847638517,1350.9929968615866,39.907368219229824,69.28851436789964
56.366715132626446,225.45250853405628,153.4300034796204,879.0400777440257,55.02377981274337,74.39432250852336
77.22754345770635,57.721843535220955,350.0289254502703,1936.2954675401534,59.690216129205936,35.304227221741264
59.923370789679126,75.39469515518248,543.7358677414026,2858.998700167902,55.509597528084605,52.62865219388294
68.56962686228913,65.15185703684158,436.82785997697135,2125.4419864435513,57.39406767097776,32.735646333739034
60.5831803044435,111.77318842656504,517.5256665665552,2556.629433748193,42.31847878456715,35.77196610194319
68.40399852602563,97.88875689760545,239.76872732385308,2605.304680894945,60.40110930547975,48.55337933940375
57.45663107318839,97.05989323999846,509.61706182596805,2713.7102364642055,43.409404764697584,47.365346047458345
49.51697877412107,76.2855388384945,184.72933088556343,2598.047282043396,49.01121207742429,36.42344248957904
30.46473615195528,61.81114605680565,545.7988618999472,2366.6047608301374,54.12790622399858,28.528188190288358
51.219119047558735,130.1443691913345,439.08276231369723,2364.586182202379,58.78511043206014,38.849185715379704
51.95350063699554,111.83912566433175,262.42583669790633,2179.0121691517143,90.91336256439959,52.501491218033784
60.96817790804596,106.14299650722513,215.95306966716996,1946.528127610883,49.06257134140149,45.51913800113034
58.97750009229702,78.88034240010612,232.15216238291293,1492.747710536164,54.75494384688972,55.266007452553524
74.20169720938476,114.69705023789831,394.4684635869663,1996.577180572582,53.67253884212779,57.69417080446161
60.63168555726348,86.12230560886012,214.85764818242538,2327.4177703216887,56.0283798281361,41.07039270527631
81.23035572525905,117.06768643990648,574.1510692324389,2283.370233877523,63.049389374221285,56.23828884691522
57.68321238011887,88.22096314063819,317.45674786264806,1832.40778269561,61.68169999513952,52.514080342935465
37.20336217447437,86.21468187342515,484.6148107676263,2492.452317861317,39.91146412397085,25.926122666076452
59.488017560191096,97.30728089722037,462.20610201163345,2899.5753117648,33.766205111144636,44.10141419585848
60.96050771375008,112.80386293691534,249.03596231491443,3039.43121953869,48.98231361020406,48.886173337873835
66.74682904810763,83.52749565348932,287.36273441766315,2211.9437307923877,77.32431009397888,40.88622688866553
53.22159500881952,194.74027431506735,572.4655990030261,2717.3076667794185,70.77849985944374,64.18813703564314
55.063696072749316,104.81999496333619,235.12276333440792,2028.0370036875163,43.75751287538384,47.75087284346802
172.02775266884595,60.008272885381494,187.83581092059066,1883.5541569006807,75.27607353534395,39.46089609333772
39.355701048238295,52.96317360416076,737.6843554529902,2089.371913686457,64.98149247777751,27.364030445519425
66.74096738752493,98.72042313713274,190.2302523256792,2525.821049888132,53.78911056937298,36.709487927306974
56.60914214821557,104.20639164524636,658.1834734681956,2322.642722801578,46.21659808955687,49.322584844642364
64.91559593715166,51.286428462338414,431.66727250829564,2076.8052633140423,45.519685104782525,36.781077203935155
37.268411458157594,120.2349626589442,1114.5003129533795,2436.858778870649,46.2728921330536,45.14506715939249
43.76181650714602,71.0013232750724,435.265024021401,2208.188518193248,49.89075987121832,50.42446862285997
42.63614999398705,53.46365804321107,446.8187289948859,1755.7526949081523,40.14984196797306,34.236729748101034
56.521995929586645,124.12954948477768,754.678625818093,2014.798225234285,50.843223053636216,61.825762774746615
63.28479235318479,92.80631998871516,929.2076865379479,2514.782506549944,47.17244333688954,61.31653741692429
65.92085103087865,96.01966767965511,663.273571035634,2823.5858825641358,53.422491573874275,47.01369656919388
51.943538566819925,79.54567057809949,831.3822546249455,1458.3044843736598,57.44119589551994,39.224933616038726
78.35468066324069,81.96494762059274,152.5374927754443,2466.9114996692324,80.29956563526396,47.82470978353829
59.845345876195516,90.28875644919752,112.51560785575379,1964.566922412027,84.63327428423972,52.41952981707287
54.49025899624825,96.65554912061131,347.4127371010602,2527.1571699044134,40.51979091244814,43.62967852438672
108.65119544697404,173.2349575381579,61.7706509768175,2654.1265426833133,75.65555745156428,56.59775254391148
69.97979908486464,103.91376323222511,228.6931767414049,2273.5173602276236,87.74983045870368,55.520046336055614
64.04050641001115,86.56855698097596,298.7452073476553,2281.631854670518,32.88474506367414,55.11873563135555
58.65663270883288,166.64533596241824,302.0999495793763,2455.834400266976,61.24807022133926,39.24709247521551
40.326758827455066,132.45777000510026,374.58362533731383,1888.7082336814574,59.061319732939104,60.67009673231641
78.11938998876137,47.42570752041905,132.9657172124887,2343.889083262668,71.58163009905878,36.867794184876836
94.0010145420457,140.7539867585415,216.17750522718882,2293.861852237846,70.44532420159655,54.26876276907926
70.59392726117449,71.91348167771879,1329.2797250646581,2228.157687748965,71.38604214817452,58.54801205522973
41.746624850016666,76.2969859385318,192.83637982485317,2501.149392737937,84.61413104104557,33.437698421857924
76.69984560221094,165.39571428351394,416.3792122687696,1816.2685775177097,53.4964745670777,67.50514492187291
71.18803003366378,108.10902904371208,261.27042458451854,2637.1970912713114,65.55016009644622,42.71848013633476
83.08768764061756,66.55696647120911,144.49537891249113,2244.703999172839,32.66779437073067,46.49409875105459
37.13133041514125,83.65137756580125,477.6420675290157,2289.4760655365053,60.390559597448004,41.230300742269094
61.55655536917044,68.55363601610223,460.94115789311195,1462.9709674395488,50.30726168903332,44.04873030611152
98.72094593936312,70.25205906290927,288.98137240478155,2515.4614269730555,56.152156145611194,41.64503636880792
73.14288624552226,112.1969908270341,383.3857288000065,2655.110368318067,49.35513136431543,25.78898589929623
49.10817387785663,51.12684103131593,300.0289037625809,2484.0203903067177,40.94684078030484,58.65560190603325
42.570921341681434,55.8243874689514,440.47133207264807,2502.051286328392,44.7848784609408,35.94862872216014
50.74848512521619,117.89559164880163,101.49281811017488,2865.3545378644794,63.39554941406588,38.226121962792945
47.90692394313294,125.4520110563646,15.298784285390347,2849.9759758565633,59.90637980323092,38.291394119173276
52.67841587456789,142.43559990746104,32.081800821562894,4192.833099154683,69.35446296628464,63.11391071807753
47.67166515731114,119.94711626805635,35.520385563968965,3197.6430634662393,56.952285517527834,48.48469027863359
46.579556540059954,151.5182289696354,44.15989014800991,2888.9308477596514,66.04996323269724,60.07716012102292
48.01408481237497,165.74416753951095,38.47285794426542,3436.007695667145,73.07394264720611,36.96563653949941
63.91841446191678,141.8438210792622,36.500826085345494,4446.306413941985,48.84582563466017,35.27020782009279
55.254199180283464,144.1290371187421,37.18592724668273,3396.570743051697,68.95171353720305,60.614062578446806
40.09630702493226,117.97140071169747,43.11128356802068,3823.554501719495,59.228019571405476,37.6280121740091
56.37966125748593,150.18841471886932,13.315710254403168,3705.348994035637,76.08036144184983,45.71852527744534
59.80394299236069,138.30001513342978,60.85317810795398,3300.6507698878013,80.70371806456448,64.43827619513524
41.92969342815297,166.37835806715745,82.2336728146953,3318.5351813520138,83.72082115623417,41.28704816459312
38.09471127529183,140.63455328375613,157.71828446977437,3033.607263811036,68.07960284354498,70.56053238424545
53.29389507724518,168.09710024218185,60.496911461838856,3126.1624081313435,82.69330339476342,69.89806302141595
52.52418261473285,135.43053706814476,73.45958898143964,2436.4895006340903,64.9889135817818,65.95725173098944
47.67921059810432,93.0023843787308,30.22399123543986,2951.64312367356,41.222866813135866,47.01235118779404
37.07076537444583,137.03896246740763,41.35155094930539,4765.578408226535,74.43188108399015,52.76299471774799
50.46458320263463,119.00847283881508,27.46651268757685,3577.716272607989,77.35914469707565,44.19043362722903
62.5183629172761,93.57889707052519,19.22033706915871,3834.371758896066,44.55917002670422,64.74551530176362
68.85365998795872,143.0121312993503,79.50602359136133,3574.360912797962,68.5493058398064,64.26054343426628
53.98195653900878,165.1239532159398,9.182890533401634,3354.921916067516,54.73459956728867,52.511220005993735
57.13968481389925,168.44416711787497,169.49531783880403,3423.965848086939,76.6532793005579,58.49655158665245
46.01497160594123,129.64214105554476,52.90369732717776,3473.5381959698943,71.13253056300324,64.36850312018457
59.069592251032915,118.75500687965906,25.633005122309704,3442.423055109017,77.0693181660532,58.13361736490489
39.779626824783016,136.68142582362756,110.35192737632178,2917.172500470162,72.45043690836943,57.29540730682734
50.26539555443763,99.0077909696787,13.583370865611471,3568.9445722533965,64.63884668285083,46.519991210407085
62.99976044732676,157.75650209925587,14.899035567696046,4860.3589797945415,90.3190479636221,39.797577903463456
52.753527916682124,116.69747282819384,77.31362352454174,2933.7279490698597,71.01222218738273,76.11057467074825
48.062454117861165,127.17930176238644,37.61199634443397,3438.535403130585,64.50661105984821,46.83941793576747
59.00004262231432,149.430217398035,181.45392001381572,2803.403877841365,60.20799431039328,91.8474688928619
61.514383089382434,163.9060288637825,37.51828460672628,2088.1743265288524,70.1179635580393,81.27071326865432
46.88328451602756,130.03016329160312,65.5578511300802,3429.2017960472263,69.48837205832244,28.47357826302746
47.963373247715126,163.29925782288848,54.73548810436375,2912.37495923195,78.72029031493436,68.25439703446365
62.174733936236514,123.91149829675665,8.720029379325595,3196.45842971667,61.178362175793545,53.983112219837295
51.48203465264989,121.06848862488347,17.413429901045223,3890.801729273527,62.2727641899776,58.44676007705332
60.48844054696502,158.35276313851637,24.3600519201299,2597.4528237744653,66.5987149920713,86.96749266141705
46.382301729959295,136.1188744297421,20.54534839426475,3351.7050690707624,79.031417083067,46.319950301698825
55.00555136758622,130.28070187876253,17.275560140742076,3324.8665460466495,71.6176955420569,55.22193196452186
37.91293840685847,105.72367823497716,42.70265134798758,3912.684482683732,58.76506420959041,58.24623700932597
63.827384634339225,126.94155863598213,47.1853214846571,3125.415862770864,53.06408977853575,62.55357778355193
55.75702229164243,125.34077565711088,129.45002606383326,2132.144145369221,54.626946559019395,58.231736250555834
63.17082798100206,140.62060979427696,18.29244272300996,3675.72678205117,60.4447226046145,54.24660696636904
54.34393794447003,139.72592451578856,67.62423151021972,3238.8806799596027,75.11764905835702,66.54277532228302
37.82421898682748,58.514039409800546,15.146061099803338,3127.1175047166057,68.9555586915292,48.21059536676887
75.63423944078508,141.1130005603871,56.366391641013394,2998.469165072964,76.12822904683404,62.262793574024506
55.137094500664276,120.7435420628734,172.2126482730308,2510.2337729669352,77.71640545086274,78.5944957030255
46.81907067753939,142.31898704885023,98.52646636691877,3684.269755240881,73.92416259196986,40.896880008062894
41.782484840735435,143.28598326924802,25.090422331439203,4608.620909162324,57.77384762003325,41.96800985959786
58.106546928258226,134.89101337293235,12.367782431712387,3744.2700389302126,63.14765190661723,44.340846388790936
66.95363446107841,152.02050625981508,28.64376826622628,3854.6925464131664,77.41843846916694,39.37608923727761
57.414854423885394,163.22140326412642,16.617407618363643,3802.9888086926094,49.72502540161861,30.914833671130953
57.712601097164224,126.45883759392062,113.37679503971793,2481.595124119306,68.89607087835178,92.45707242561137
43.44641724891903,114.46554452815832,73.34092045548063,3337.6959655459273,79.90606828043605,42.610435127723534
50.401162439305324,135.2992182284207,126.7419401930804,3281.5905987760902,69.78048679625576,52.25480968714939
57.10685545455058,168.99693434671943,6.352127871125486,4348.167700259871,53.47933149595623,37.94150626842914
38.8398844334056,121.70896374197521,11.352502928406171,4628.58749808316,60.9421292429502,49.78194098785256
29.588245557623,121.56905355074295,98.03602937991258,3586.383744542081,71.80963631674685,58.51725092922512
62.449666615723785,129.01377476525158,6.114079974659487,3974.056370535988,50.7191965050509,38.96223202370151
62.953898380021876,147.3012231032947,44.641987715467,2685.992012560546,74.68779903961627,42.590316747342065
58.823881071246575,144.76711377038092,33.03634150608649,2385.4026101766367,68.49426317054383,71.28791033624968
53.65927605297709,141.99629238447133,61.347895776905375,3613.1769423983496,79.36229759235326,34.17156180475919
55.177095081829805,152.78199332851239,27.39776730952127,4676.280005526535,63.078420402142214,49.27273871427323
55.64296847800293,163.89309367226403,95.78797031018448,3775.839225063135,73.85494656797992,57.563798980371374
53.95932384976224,101.38846398433552,12.658334260417766,3106.128823719946,72.82261411543105,45.5317527624743
72.44962283897456,115.71319326941853,63.76390095915137,3368.1252705870875,73.76459004033477,71.88699560731409
50.5380138951326,125.14811293422834,10.544517403591765,4732.508309408432,51.29377233497651,47.265473651251824
59.263522385231965,143.28383058598047,98.75412691477115,2659.437227800533,67.57705956064788,57.77005882122694
43.36779513087845,128.7423511272357,69.33215711545671,2623.687853936871,74.51706389036534,57.08430405383211
48.72122400838065,122.01882269267159,31.788814204305567,3144.498285014948,68.7912965143183,51.799162694299405
45.41897328398645,155.81334637350776,112.60674062444961,4055.9700321268774,64.20181196301345,51.70938837248264
46.685338667718966,140.8613394283225,88.04635779408883,3281.913737906741,58.248218005503134,63.84114601848473
57.42483113991443,123.6589176364556,44.71954838593818,3890.2555643481583,69.38615064312637,60.41396866867864
55.933719916387844,35.8688410163726,56.94771095433801,1790.7630394928735,52.427332868712455,29.73809974413101
83.32064493124787,152.9386184334768,15.578019456794891,1814.3510939753196,52.600121659172544,60.29048415125801
24.043017924290883,16.183666110738745,27.046022946351343,2711.5603303067687,40.755991405732686,15.840012868972517
61.4746875145684,102.92092328580428,114.99856521333535,1684.5698791646932,73.10037766328946,17.734519414081475
33.01151999985329,61.23783285211438,41.6574191133077,2025.8950204087087,41.51415109497225,19.258091147615524
28.3456137494766,24.320575708215685,24.2392738271106,2583.0492508724647,44.386071043672516,26.569790515924325
81.62568817666485,164.09197845663599,221.38190380452605,1879.2359503839969,49.036218202028365,65.70441933559907
48.87589958166253,189.07860174492095,84.78400692409865,2780.5205173586264,42.256312816617225,15.852815746634437
67.5549817038642,61.15829182658781,283.9298170101776,1457.8611900439769,71.46250233975302,39.008059149345684
43.79461479819296,9.913184830766642,35.663010402013676,1856.549001651414,32.968502590472035,19.974525115129367
78.04480289094795,198.78132075081015,386.6497941968439,2621.5346381621257,41.61572368018671,25.738112367507824
48.38337197822147,33.50812898373448,59.992032850283664,1431.3418183467554,46.73442723989234,31.05685789160171
58.713118147392656,40.21182117348167,119.02520220569728,1938.5480570424409,61.213182621668096,9.83775816471964
35.005717515405244,117.02196529021079,80.98814748458919,2983.798665503802,42.29916276456961,13.981302538287876
110.00309424938833,281.27935946704196,137.20328209178706,789.8855248075592,73.51734202811204,82.03651936830866
53.5175336272892,116.91571281063628,149.88464385161276,2201.5656876974454,38.310628417383136,15.462385280478626
50.764853592457904,27.21529069331043,54.87113543914506,1586.0181688919008,45.36846492042148,16.418021375420288
40.37145065600038,92.58139369223848,140.76505590722684,1408.596426384214,50.72855470203468,38.91272529453001
40.40691025855949,26.04744157676754,92.30533771841718,2088.573730738383,56.43644402009085,36.04529633791375
44.42387920089,42.73351218193943,40.68047101506081,1091.3450183202901,39.77082473759074,82.97296585948664
37.586956862972634,80.50534498752505,58.677853086635615,1873.018648779332,60.29130699023788,43.19454682279057
97.14583176180645,110.1302854510376,443.0984019239675,2416.1074139679613,60.655314157150436,55.231483100009356
28.95341586717934,30.197904834222093,142.81827813778818,2473.6380135190684,44.87333505844444,16.31734666005988
