fips,topcrop,Barley,Corn,Cotton,Rice,Soybean,Wheat
01001,NA,0,0,0,0,0,0
01003,Corn,0,13233.2322,0,0,0,0
01005,Corn,0,768.9034,0,0,0,0
01007,NA,0,0,0,0,0,0
01009,Wheat,0,0,0,0,0,809.372
01011,NA,0,0,0,0,0,0
01013,Corn,0,728.4348,0,0,0,0
01015,NA,0,0,0,0,0,0
01017,NA,0,0,0,0,0,0
01019,Soybean,0,0,0,0,12747.609,0
01021,NA,0,0,0,0,0,0
01023,NA,0,0,0,0,0,0
01025,NA,0,0,0,0,0,0
01027,NA,0,0,0,0,0,0
01029,NA,0,0,0,0,0,0
01031,Corn,0,10157.6186,0,0,0,0
01033,Barley,17887.121199999998,0,0,0,0,0
01035,NA,0,0,0,0,0,0
01037,NA,0,0,0,0,0,0
01039,Cotton,0,0,7041.5364,0,0,0
01041,Corn,0,890.3092,0,0,0,0
01043,Soybean,0,0,0,0,3763.5798,0
01045,Corn,0,3925.4542,0,0,0,0
01047,Corn,0,4856.232,0,0,0,0
01049,Soybean,0,0,0,0,9186.3722,0
01051,Barley,6839.1934,0,0,0,0,0
01053,Corn,0,11574.0196,0,0,0,0
01055,NA,0,0,0,0,0,0
01057,Soybean,0,0,0,0,2185.3044,0
01059,Soybean,0,0,0,0,2589.9904,0
01061,Corn,0,10440.898799999999,0,0,0,0
01063,NA,0,0,0,0,0,0
01065,NA,0,0,0,0,0,0
01067,Corn,0,8741.2176,0,0,0,0
01069,Barley,12666.6718,0,0,0,0,0
01071,Soybean,0,0,0,0,21205.5464,0
01073,NA,0,0,0,0,0,0
01075,NA,0,0,0,0,0,0
01077,Cotton,0,0,21691.1696,0,0,0
01079,Barley,25980.8412,0,0,0,0,0
01081,NA,0,0,0,0,0,0
01083,Cotton,0,0,37959.5468,0,0,0
01085,NA,0,0,0,0,0,0
01087,Soybean,0,0,0,0,566.5604,0
01089,Soybean,0,0,0,0,34883.9332,0
01091,Barley,1821.087,0,0,0,0,0
01093,NA,0,0,0,0,0,0
01095,Corn,0,3642.174,0,0,0,0
01097,Cotton,0,0,2832.802,0,0,0
01099,Corn,0,7567.6282,0,0,0,0
01101,NA,0,0,0,0,0,0
01103,Soybean,0,0,0,0,5625.1354,0
01105,NA,0,0,0,0,0,0
01107,Corn,0,3197.0194,0,0,0,0
01109,Soybean,0,0,0,0,3035.145,0
01111,NA,0,0,0,0,0,0
01113,Soybean,0,0,0,0,485.6232,0
01115,NA,0,0,0,0,0,0
01117,Barley,2913.7392,0,0,0,0,0
01119,NA,0,0,0,0,0,0
01121,Barley,5422.7924,0,0,0,0,0
01123,NA,0,0,0,0,0,0
01125,NA,0,0,0,0,0,0
01127,NA,0,0,0,0,0,0
01129,Corn,0,323.7488,0,0,0,0
01131,NA,0,0,0,0,0,0
01133,NA,0,0,0,0,0,0
04001,NA,0,0,0,0,0,0
04003,NA,0,0,0,0,0,0
04005,NA,0,0,0,0,0,0
04007,NA,0,0,0,0,0,0
04009,Wheat,0,0,0,0,0,8660.2804
04011,NA,0,0,0,0,0,0
04012,Wheat,0,0,0,0,0,6555.9132
04013,Cotton,0,0,23067.102,0,0,0
04015,NA,0,0,0,0,0,0
04017,NA,0,0,0,0,0,0
04019,Cotton,0,0,5260.918,0,0,0
04021,Wheat,0,0,0,0,0,49412.160599999996
04023,NA,0,0,0,0,0,0
04025,NA,0,0,0,0,0,0
04027,Wheat,0,0,0,0,0,23350.3822
05001,Corn,0,128892.491,0,0,0,0
05003,Corn,0,31970.194,0,0,0,0
05005,NA,0,0,0,0,0,0
05007,NA,0,0,0,0,0,0
05009,NA,0,0,0,0,0,0
05011,NA,0,0,0,0,0,0
05013,NA,0,0,0,0,0,0
05015,NA,0,0,0,0,0,0
05017,Wheat,0,0,0,0,0,85631.5576
05019,NA,0,0,0,0,0,0
05021,Cotton,0,0,101818.9976,0,0,0
05023,NA,0,0,0,0,0,0
05025,NA,0,0,0,0,0,0
05027,NA,0,0,0,0,0,0
05029,Corn,0,10117.15,0,0,0,0
05031,Corn,0,116670.97379999999,0,0,0,0
05033,Soybean,0,0,0,0,5948.8841999999995,0
05035,Corn,0,87574.05040000155,34195.96699999844,0,0,0
05037,Corn,0,103801.959,0,0,0,0
05039,NA,0,0,0,0,0,0
05041,Corn,0,84498.4368,0,0,0,0
05043,Soybean,0,0,0,0,20881.797599999998,0
05045,Barley,1133.1208,0,0,0,0,0
05047,NA,0,0,0,0,0,0
05049,NA,0,0,0,0,0,0
05051,NA,0,0,0,0,0,0
05053,NA,0,0,0,0,0,0
05055,Corn,0,73855.19499999999,0,0,0,0
05057,NA,0,0,0,0,0,0
05059,NA,0,0,0,0,0,0
05061,NA,0,0,0,0,0,0
05063,Corn,0,22864.759,0,0,0,0
05065,NA,0,0,0,0,0,0
05067,Corn,0,107929.7562,0,0,0,0
05069,Corn,0,95586.8332,0,0,0,0
05071,Corn,0,647.4976,0,0,0,0
05073,Corn,0,8862.6234,0,0,0,0
05075,Rice,0,0,0,75676.28199999999,0,0
05077,Soybean,0,0,0,0,100604.9396,0
05079,Corn,0,48724.1944,0,0,0,0
05081,Corn,0,5867.947,0,0,0,0
05083,Soybean,0,0,0,0,3439.831,0
05085,Cotton,0,0,95344.0216,0,0,0
05087,NA,0,0,0,0,0,0
05089,NA,0,0,0,0,0,0
05091,Corn,0,18858.367599999998,0,0,0,0
05093,Corn,0,194330.21719999998,0,0,0,0
05095,Corn,0,78994.7072,0,0,0,0
05097,NA,0,0,0,0,0,0
05099,NA,0,0,0,0,0,0
05101,NA,0,0,0,0,0,0
05103,NA,0,0,0,0,0,0
05105,Corn,0,1537.8068,0,0,0,0
05107,Wheat,0,0,0,0,0,121203.457
05109,NA,0,0,0,0,0,0
05111,Corn,0,143906.34159999999,0,0,0,0
05113,NA,0,0,0,0,0,0
05115,Soybean,0,0,0,0,4330.1402,0
05117,Corn,0,78590.0212,0,0,0,0
05119,Soybean,0,0,0,0,15620.8796,0
05121,Rice,0,0,0,31241.7592,0,0
05123,Wheat,0,0,0,0,0,95020.27279999999
05125,NA,0,0,0,0,0,0
05127,NA,0,0,0,0,0,0
05129,NA,0,0,0,0,0,0
05131,Soybean,0,0,0,0,1780.6184,0
05133,NA,0,0,0,0,0,0
05135,NA,0,0,0,0,0,0
05137,NA,0,0,0,0,0,0
05139,NA,0,0,0,0,0,0
05141,NA,0,0,0,0,0,0
05143,NA,0,0,0,0,0,0
05145,Corn,0,25778.498199999998,0,0,0,0
05147,Corn,0,96274.7994,0,0,0,0
05149,NA,0,0,0,0,0,0
06001,NA,0,0,0,0,0,0
06003,NA,0,0,0,0,0,0
06005,NA,0,0,0,0,0,0
06007,Rice,0,0,0,37959.5468,0,0
06009,NA,0,0,0,0,0,0
06011,Corn,0,69727.39779999999,0,0,0,0
06013,NA,0,0,0,0,0,0
06015,NA,0,0,0,0,0,0
06017,NA,0,0,0,0,0,0
06019,Cotton,0,0,80289.7024,0,0,0
06021,Corn,0,43867.9624,0,0,0,0
06023,NA,0,0,0,0,0,0
06025,Wheat,0,0,0,0,0,23876.474
06027,NA,0,0,0,0,0,0
06029,Cotton,0,0,43989.3682,0,0,0
06031,Cotton,0,0,80815.7942,0,0,0
06033,NA,0,0,0,0,0,0
06035,NA,0,0,0,0,0,0
06037,NA,0,0,0,0,0,0
06039,Cotton,0,0,13718.8554,0,0,0
06041,NA,0,0,0,0,0,0
06043,NA,0,0,0,0,0,0
06045,NA,0,0,0,0,0,0
06047,Cotton,0,0,33224.7206,0,0,0
06049,NA,0,0,0,0,0,0
06051,NA,0,0,0,0,0,0
06053,NA,0,0,0,0,0,0
06055,NA,0,0,0,0,0,0
06057,NA,0,0,0,0,0,0
06059,NA,0,0,0,0,0,0
06061,Rice,0,0,0,5179.9808,0,0
06063,NA,0,0,0,0,0,0
06065,Corn,0,9064.9664,0,0,0,0
06067,Corn,0,13111.8264,0,0,0,0
06069,NA,0,0,0,0,0,0
06071,NA,0,0,0,0,0,0
06073,NA,0,0,0,0,0,0
06075,NA,0,0,0,0,0,0
06077,Corn,0,51435.590599999996,0,0,0,0
06079,Barley,8498.405999999999,0,0,0,0,0
06081,NA,0,0,0,0,0,0
06083,NA,0,0,0,0,0,0
06085,NA,0,0,0,0,0,0
06087,NA,0,0,0,0,0,0
06089,Soybean,0,0,0,0,728.4348,0
06091,NA,0,0,0,0,0,0
06093,Wheat,0,0,0,0,0,8053.2514
06095,Wheat,0,0,0,0,0,15378.068
06097,NA,0,0,0,0,0,0
06099,Wheat,0,0,0,0,0,3682.6426
06101,Corn,0,54227.924,0,0,0,0
06103,Corn,0,809.372,0,0,0,0
06105,NA,0,0,0,0,0,0
06107,Cotton,0,0,66166.161,0,0,0
06109,NA,0,0,0,0,0,0
06111,NA,0,0,0,0,0,0
06113,Corn,0,38890.3246,0,0,0,0
06115,Rice,0,0,0,16106.5028,0,0
08001,Soybean,0,0,0,0,75271.596,0
08003,Corn,0,4856.232,0,0,0,0
08005,Wheat,0,0,0,0,0,27923.334
08007,NA,0,0,0,0,0,0
08009,Corn,0,108132.0992,0,0,0,0
08011,Corn,0,5544.1982,0,0,0,0
08013,Corn,0,3561.2368,0,0,0,0
08015,NA,0,0,0,0,0,0
08017,Wheat,0,0,0,0,0,99229.0072
08019,NA,0,0,0,0,0,0
08021,NA,0,0,0,0,0,0
08023,NA,0,0,0,0,0,0
08025,NA,0,0,0,0,0,0
08027,NA,0,0,0,0,0,0
08029,NA,0,0,0,0,0,0
08031,NA,0,0,0,0,0,0
08033,Wheat,0,0,0,0,0,5139.5122
08035,Corn,0,404.686,0,0,0,0
08037,NA,0,0,0,0,0,0
08039,Corn,0,3884.9856,0,0,0,0
08041,NA,0,0,0,0,0,0
08043,NA,0,0,0,0,0,0
08045,NA,0,0,0,0,0,0
08047,NA,0,0,0,0,0,0
08049,NA,0,0,0,0,0,0
08051,NA,0,0,0,0,0,0
08053,NA,0,0,0,0,0,0
08055,NA,0,0,0,0,0,0
08057,NA,0,0,0,0,0,0
08059,NA,0,0,0,0,0,0
08061,Wheat,0,0,0,0,0,84903.1228
08063,Soybean,0,0,0,0,185750.87399999998,0
08065,NA,0,0,0,0,0,0
08067,NA,0,0,0,0,0,0
08069,Corn,0,9429.183799999999,0,0,0,0
08071,NA,0,0,0,0,0,0
08073,Wheat,0,0,0,0,0,74866.91
08075,Wheat,0,0,0,0,0,87816.862
08077,Wheat,0,0,0,0,0,1214.058
08079,NA,0,0,0,0,0,0
08081,NA,0,0,0,0,0,0
08083,Wheat,0,0,0,0,0,3642.174
08085,NA,0,0,0,0,0,0
08087,Wheat,0,0,0,0,0,23876.474
08089,Corn,0,5787.0098,0,0,0,0
08091,NA,0,0,0,0,0,0
08093,NA,0,0,0,0,0,0
08095,Corn,0,87452.6446,0,0,0,0
08097,NA,0,0,0,0,0,0
08099,Wheat,0,0,0,0,0,65801.9436
08101,Corn,0,2630.459,0,0,0,0
08103,NA,0,0,0,0,0,0
08105,Wheat,0,0,0,0,0,6313.1016
08107,Soybean,0,0,0,0,1214.058,0
08109,Corn,0,5260.918,0,0,0,0
08111,NA,0,0,0,0,0,0
08113,NA,0,0,0,0,0,0
08115,Soybean,0,0,0,0,52609.18,0
08117,NA,0,0,0,0,0,0
08119,NA,0,0,0,0,0,0
08121,Soybean,0,0,0,0,154751.9264,0
08123,Corn,0,112462.23939999999,0,0,0,0
08125,Corn,0,149733.82,0,0,0,0
09001,NA,0,0,0,0,0,0
09003,NA,0,0,0,0,0,0
09005,NA,0,0,0,0,0,0
09007,NA,0,0,0,0,0,0
09009,NA,0,0,0,0,0,0
09011,NA,0,0,0,0,0,0
09013,NA,0,0,0,0,0,0
09015,NA,0,0,0,0,0,0
10001,Soybean,0,0,0,0,48157.634,0
10003,Soybean,0,0,0,0,19829.613999999998,0
10005,Soybean,0,0,0,0,75676.28199999999,0
11001,NA,0,0,0,0,0,0
12001,NA,0,0,0,0,0,0
12003,NA,0,0,0,0,0,0
12005,NA,0,0,0,0,0,0
12007,NA,0,0,0,0,0,0
12009,NA,0,0,0,0,0,0
12011,NA,0,0,0,0,0,0
12013,NA,0,0,0,0,0,0
12015,NA,0,0,0,0,0,0
12017,NA,0,0,0,0,0,0
12019,NA,0,0,0,0,0,0
12021,NA,0,0,0,0,0,0
12023,NA,0,0,0,0,0,0
12027,NA,0,0,0,0,0,0
12029,NA,0,0,0,0,0,0
12031,NA,0,0,0,0,0,0
12033,NA,0,0,0,0,0,0
12035,NA,0,0,0,0,0,0
12037,NA,0,0,0,0,0,0
12039,NA,0,0,0,0,0,0
12041,NA,0,0,0,0,0,0
12043,NA,0,0,0,0,0,0
12045,NA,0,0,0,0,0,0
12047,NA,0,0,0,0,0,0
12049,NA,0,0,0,0,0,0
12051,NA,0,0,0,0,0,0
12053,NA,0,0,0,0,0,0
12055,NA,0,0,0,0,0,0
12057,NA,0,0,0,0,0,0
12059,NA,0,0,0,0,0,0
12061,NA,0,0,0,0,0,0
12063,NA,0,0,0,0,0,0
12065,NA,0,0,0,0,0,0
12067,NA,0,0,0,0,0,0
12069,NA,0,0,0,0,0,0
12071,NA,0,0,0,0,0,0
12073,NA,0,0,0,0,0,0
12075,NA,0,0,0,0,0,0
12077,NA,0,0,0,0,0,0
12079,NA,0,0,0,0,0,0
12081,NA,0,0,0,0,0,0
12083,NA,0,0,0,0,0,0
12085,NA,0,0,0,0,0,0
12086,NA,0,0,0,0,0,0
12087,NA,0,0,0,0,0,0
12089,NA,0,0,0,0,0,0
12091,NA,0,0,0,0,0,0
12093,NA,0,0,0,0,0,0
12095,NA,0,0,0,0,0,0
12097,NA,0,0,0,0,0,0
12099,NA,0,0,0,0,0,0
12101,NA,0,0,0,0,0,0
12103,NA,0,0,0,0,0,0
12105,NA,0,0,0,0,0,0
12107,NA,0,0,0,0,0,0
12109,NA,0,0,0,0,0,0
12111,NA,0,0,0,0,0,0
12113,NA,0,0,0,0,0,0
12115,NA,0,0,0,0,0,0
12117,NA,0,0,0,0,0,0
12119,NA,0,0,0,0,0,0
12121,NA,0,0,0,0,0,0
12123,NA,0,0,0,0,0,0
12125,NA,0,0,0,0,0,0
12127,NA,0,0,0,0,0,0
12129,NA,0,0,0,0,0,0
12131,NA,0,0,0,0,0,0
12133,NA,0,0,0,0,0,0
13001,Cotton,0,0,15337.5994,0,0,0
13003,Corn,0,7162.9421999999995,0,0,0,0
13005,Cotton,0,0,6960.5992,0,0,0
13007,Corn,0,12464.3288,0,0,0,0
13009,NA,0,0,0,0,0,0
13011,NA,0,0,0,0,0,0
13013,NA,0,0,0,0,0,0
13015,Soybean,0,0,0,0,1214.058,0
13017,Corn,0,6191.6957999999995,0,0,0,0
13019,Soybean,0,0,0,0,14568.696,0
13021,NA,0,0,0,0,0,0
13023,Corn,0,8012.7828,0,0,0,0
13025,NA,0,0,0,0,0,0
13027,Soybean,0,0,0,0,18210.87,0
13029,NA,0,0,0,0,0,0
13031,NA,0,0,0,0,0,0
13033,Wheat,0,0,0,0,0,19424.928
13035,NA,0,0,0,0,0,0
13037,Corn,0,12302.4544,0,0,0,0
13039,NA,0,0,0,0,0,0
13043,NA,0,0,0,0,0,0
13045,NA,0,0,0,0,0,0
13047,NA,0,0,0,0,0,0
13049,NA,0,0,0,0,0,0
13051,NA,0,0,0,0,0,0
13053,NA,0,0,0,0,0,0
13055,Corn,0,404.686,0,0,0,0
13057,NA,0,0,0,0,0,0
13059,NA,0,0,0,0,0,0
13061,Corn,0,4006.3914,0,0,0,0
13063,NA,0,0,0,0,0,0
13065,NA,0,0,0,0,0,0
13067,NA,0,0,0,0,0,0
13069,Soybean,0,0,0,0,18453.6816,0
13071,Wheat,0,0,0,0,0,25940.3726
13073,NA,0,0,0,0,0,0
13075,NA,0,0,0,0,0,0
13077,Wheat,0,0,0,0,0,404.686
13079,NA,0,0,0,0,0,0
13081,Corn,0,14447.2902,0,0,0,0
13083,NA,0,0,0,0,0,0
13085,NA,0,0,0,0,0,0
13087,Corn,0,18615.556,0,0,0,0
13089,NA,0,0,0,0,0,0
13091,Soybean,0,0,0,0,9105.435,0
13093,Corn,0,30513.324399999998,0,0,0,0
13095,Corn,0,2549.5218,0,0,0,0
13097,NA,0,0,0,0,0,0
13099,Corn,0,19870.082599999998,0,0,0,0
13101,Corn,0,323.7488,0,0,0,0
13103,NA,0,0,0,0,0,0
13105,NA,0,0,0,0,0,0
13107,Corn,0,9267.3094,0,0,0,0
13109,Barley,2428.116,0,0,0,0,0
13111,NA,0,0,0,0,0,0
13113,NA,0,0,0,0,0,0
13115,Soybean,0,0,0,0,2509.0532,0
13117,NA,0,0,0,0,0,0
13119,NA,0,0,0,0,0,0
13121,NA,0,0,0,0,0,0
13123,NA,0,0,0,0,0,0
13125,NA,0,0,0,0,0,0
13127,NA,0,0,0,0,0,0
13129,Soybean,0,0,0,0,1537.8068,0
13131,Cotton,0,0,14690.1018,0,0,0
13133,NA,0,0,0,0,0,0
13135,NA,0,0,0,0,0,0
13137,NA,0,0,0,0,0,0
13139,Barley,323.7488,0,0,0,0,0
13141,NA,0,0,0,0,0,0
13143,NA,0,0,0,0,0,0
13145,NA,0,0,0,0,0,0
13147,Wheat,0,0,0,0,0,930.7778
13149,NA,0,0,0,0,0,0
13151,NA,0,0,0,0,0,0
13153,Soybean,0,0,0,0,1335.4638,0
13155,Corn,0,19708.2082,0,0,0,0
13157,NA,0,0,0,0,0,0
13159,NA,0,0,0,0,0,0
13161,Corn,0,9793.4012,0,0,0,0
13163,Corn,0,15418.5366,0,0,0,0
13165,NA,0,0,0,0,0,0
13167,NA,0,0,0,0,0,0
13169,NA,0,0,0,0,0,0
13171,Wheat,0,0,0,0,0,809.372
13173,NA,0,0,0,0,0,0
13175,Soybean,0,0,0,0,10926.521999999999,0
13177,Corn,0,6474.976,0,0,0,0
13179,NA,0,0,0,0,0,0
13181,NA,0,0,0,0,0,0
13183,NA,0,0,0,0,0,0
13185,Corn,0,485.6232,0,0,0,0
13187,NA,0,0,0,0,0,0
13189,NA,0,0,0,0,0,0
13191,NA,0,0,0,0,0,0
13193,Corn,0,14690.1018,0,0,0,0
13195,NA,0,0,0,0,0,0
13197,Soybean,0,0,0,0,607.029,0
13199,NA,0,0,0,0,0,0
13201,Corn,0,18494.1502,0,0,0,0
13205,Corn,0,28530.362999999998,0,0,0,0
13207,NA,0,0,0,0,0,0
13209,NA,0,0,0,0,0,0
13211,Wheat,0,0,0,0,0,566.5604
13213,NA,0,0,0,0,0,0
13215,NA,0,0,0,0,0,0
13217,NA,0,0,0,0,0,0
13219,Wheat,0,0,0,0,0,323.7488
13221,NA,0,0,0,0,0,0
13223,NA,0,0,0,0,0,0
13225,NA,0,0,0,0,0,0
13227,NA,0,0,0,0,0,0
13229,NA,0,0,0,0,0,0
13231,NA,0,0,0,0,0,0
13233,NA,0,0,0,0,0,0
13235,Corn,0,6394.0388,0,0,0,0
13237,NA,0,0,0,0,0,0
13239,NA,0,0,0,0,0,0
13241,NA,0,0,0,0,0,0
13243,Corn,0,8619.8118,0,0,0,0
13245,NA,0,0,0,0,0,0
13247,NA,0,0,0,0,0,0
13249,NA,0,0,0,0,0,0
13251,NA,0,0,0,0,0,0
13253,Corn,0,17846.6526,0,0,0,0
13255,NA,0,0,0,0,0,0
13257,NA,0,0,0,0,0,0
13259,NA,0,0,0,0,0,0
13261,Corn,0,14730.5704,0,0,0,0
13263,NA,0,0,0,0,0,0
13265,NA,0,0,0,0,0,0
13267,Cotton,0,0,10157.6186,0,0,0
13269,Soybean,0,0,0,0,2832.802,0
13271,Corn,0,3682.6426,0,0,0,0
13273,Corn,0,18615.556,0,0,0,0
13275,Cotton,0,0,13718.8554,0,0,0
13277,Corn,0,11128.865,0,0,0,0
13279,NA,0,0,0,0,0,0
13281,NA,0,0,0,0,0,0
13283,Cotton,0,0,1335.4638,0,0,0
13285,NA,0,0,0,0,0,0
13287,Corn,0,12383.391599999999,0,0,0,0
13289,NA,0,0,0,0,0,0
13291,NA,0,0,0,0,0,0
13293,NA,0,0,0,0,0,0
13295,Soybean,0,0,0,0,1335.4638,0
13297,NA,0,0,0,0,0,0
13299,Barley,1618.744,0,0,0,0,0
13301,NA,0,0,0,0,0,0
13303,Soybean,0,0,0,0,4370.6088,0
13305,Cotton,0,0,4492.0145999999995,0,0,0
13307,Corn,0,2994.6764,0,0,0,0
13309,Corn,0,2468.5846,0,0,0,0
13311,Corn,0,364.2174,0,0,0,0
13313,Corn,0,323.7488,0,0,0,0
13315,Corn,0,12140.58,0,0,0,0
13317,NA,0,0,0,0,0,0
13319,NA,0,0,0,0,0,0
13321,Cotton,0,0,26952.0876,0,0,0
16001,Wheat,0,0,0,0,0,3723.1112
16003,NA,0,0,0,0,0,0
16005,Soybean,0,0,0,0,16268.377199999999,0
16007,NA,0,0,0,0,0,0
16009,Soybean,0,0,0,0,14771.038999999999,0
16011,Wheat,0,0,0,0,0,64830.697199999995
16013,Soybean,0,0,0,0,5220.4493999999995,0
16015,NA,0,0,0,0,0,0
16017,NA,0,0,0,0,0,0
16019,Wheat,0,0,0,0,0,52042.6196
16021,Wheat,0,0,0,0,0,7608.0968
16023,Soybean,0,0,0,0,5099.0436,0
16025,Soybean,0,0,0,0,6353.5702,0
16027,Wheat,0,0,0,0,0,11412.145199999999
16029,Soybean,0,0,0,0,37231.112,0
16031,Wheat,0,0,0,0,0,46457.9528
16033,NA,0,0,0,0,0,0
16035,Soybean,0,0,0,0,4127.7972,0
16037,NA,0,0,0,0,0,0
16039,Wheat,0,0,0,0,0,4613.4204
16041,Wheat,0,0,0,0,0,10764.6476
16043,Soybean,0,0,0,0,34195.967,0
16045,Wheat,0,0,0,0,0,1335.4638
16047,Wheat,0,0,0,0,0,768.9034
16049,Soybean,0,0,0,0,39011.7304,0
16051,Wheat,0,0,0,0,0,43422.8078
16053,Wheat,0,0,0,0,0,12990.4206
16055,NA,0,0,0,0,0,0
16057,Wheat,0,0,0,0,0,46377.0156
16059,NA,0,0,0,0,0,0
16061,Wheat,0,0,0,0,0,38930.7932
16063,Wheat,0,0,0,0,0,2347.1788
16065,Soybean,0,0,0,0,36219.397,0
16067,Wheat,0,0,0,0,0,24321.6286
16069,Wheat,0,0,0,0,0,44677.3344
16071,Wheat,0,0,0,0,0,19829.613999999998
16073,Wheat,0,0,0,0,0,3682.6426
16075,Wheat,0,0,0,0,0,2428.116
16077,Wheat,0,0,0,0,0,40266.257
16079,NA,0,0,0,0,0,0
16081,Soybean,0,0,0,0,17239.6236,0
16083,Wheat,0,0,0,0,0,17522.9038
16085,NA,0,0,0,0,0,0
16087,Soybean,0,0,0,0,2387.6474,0
17001,Corn,0,114121.45199999999,0,0,0,0
17003,Soybean,0,0,0,0,18736.9618,0
17005,Soybean,0,0,0,0,60298.214,0
17007,Corn,0,49978.721,0,0,0,0
17009,Soybean,0,0,0,0,29946.764,0
17011,Corn,0,173974.5114,0,0,0,0
17013,Soybean,0,0,0,0,16146.9714,0
17015,Soybean,0,0,0,0,73369.5718,0
17017,Corn,0,57951.0352,0,0,0,0
17019,Corn,0,217316.38199999998,0,0,0,0
17021,Corn,0,153456.9312,0,0,0,0
17023,Corn,0,78913.77,0,0,0,0
17025,Soybean,0,0,0,0,73248.166,0
17027,Soybean,0,0,0,0,81341.886,0
17029,Corn,0,95829.6448,0,0,0,0
17031,Corn,0,1618.744,0,0,0,0
17033,Wheat,0,0,0,0,0,73207.6974
17035,Corn,0,57870.098,0,0,0,0
17037,Corn,0,133384.5056,0,0,0,0
17039,Soybean,0,0,0,0,82555.944,0
17041,Corn,0,92268.408,0,0,0,0
17043,NA,0,0,0,0,0,0
17045,Corn,0,134477.1578,0,0,0,0
17047,Corn,0,36017.054,0,0,0,0
17049,Wheat,0,0,0,0,0,73652.852
17051,Soybean,0,0,0,0,104004.302,0
17053,Wheat,0,0,0,0,0,114404.7322
17055,Wheat,0,0,0,0,0,47064.9818
17057,Soybean,0,0,0,0,105623.046,0
17059,Wheat,0,0,0,0,0,55118.233199999995
17061,Corn,0,88423.891,0,0,0,0
17063,Soybean,0,0,0,0,79318.45599999999,0
17065,Soybean,0,0,0,0,61107.585999999996,0
17067,Wheat,0,0,0,0,0,127030.9354
17069,Corn,0,2428.116,0,0,0,0
17071,Corn,0,62645.3928,0,0,0,0
17073,Corn,0,161752.9942,0,0,0,0
17075,Corn,0,252726.407,0,0,0,0
17077,Soybean,0,0,0,0,47348.262,0
17079,Wheat,0,0,0,0,0,89880.7606
17081,Wheat,0,0,0,0,0,59367.4362
17083,Soybean,0,0,0,0,48198.1026,0
17085,Soybean,0,0,0,0,54632.61,0
17087,Soybean,0,0,0,0,10521.836,0
17089,Soybean,0,0,0,0,56615.5714,0
17091,Soybean,0,0,0,0,131361.0756,0
17093,Soybean,0,0,0,0,55441.981999999996,0
17095,Soybean,0,0,0,0,117237.5342,0
17097,Wheat,0,0,0,0,0,4937.1692
17099,Soybean,0,0,0,0,222455.89419999998,0
17101,Soybean,0,0,0,0,65963.818,0
17103,Corn,0,151959.593,0,0,0,0
17105,Soybean,0,0,0,0,239533.6434,0
17107,Soybean,0,0,0,0,136783.868,0
17109,Corn,0,104813.674,0,0,0,0
17111,Corn,0,63292.8904,0,0,0,0
17113,Soybean,0,0,0,0,255721.0834,0
17115,Corn,0,115173.6356,0,0,0,0
17117,Wheat,0,0,0,0,0,142044.786
17119,Soybean,0,0,0,0,92268.408,0
17121,Wheat,0,0,0,0,0,69484.5862
17123,Soybean,0,0,0,0,73531.44619999999,0
17125,Corn,0,82313.1324,0,0,0,0
17127,Wheat,0,0,0,0,0,24321.6286
17129,Corn,0,59448.3734,0,0,0,0
17131,Corn,0,97934.012,0,0,0,0
17133,Corn,0,57424.9434,0,0,0,0
17135,Soybean,0,0,0,0,130713.578,0
17137,Soybean,0,0,0,0,105177.8914,0
17139,Corn,0,68796.62,0,0,0,0
17141,Soybean,0,0,0,0,136986.211,0
17143,Soybean,0,0,0,0,79804.0792,0
17145,Wheat,0,0,0,0,0,60136.3396
17147,Soybean,0,0,0,0,105623.046,0
17149,Corn,0,110479.27799999999,0,0,0,0
17151,Corn,0,4856.232,0,0,0,0
17153,Soybean,0,0,0,0,23552.7252,0
17155,Corn,0,25090.532,0,0,0,0
17157,Soybean,0,0,0,0,78792.3642,0
17159,Soybean,0,0,0,0,65963.818,0
17161,Soybean,0,0,0,0,46943.576,0
17163,Soybean,0,0,0,0,87128.8958,0
17165,Soybean,0,0,0,0,42087.344,0
17167,Corn,0,154994.73799999998,0,0,0,0
17169,Corn,0,49371.691999999995,0,0,0,0
17171,Corn,0,41277.972,0,0,0,0
17173,Soybean,0,0,0,0,141235.414,0
17175,Corn,0,63940.388,0,0,0,0
17177,Corn,0,99633.6932,0,0,0,0
17179,Corn,0,109143.8142,0,0,0,0
17181,Corn,0,16592.126,0,0,0,0
17183,Wheat,0,0,0,0,0,179154.4922
17185,Corn,0,41682.657999999996,0,0,0,0
17187,Corn,0,112098.022,0,0,0,0
17189,Wheat,0,0,0,0,0,111571.9302
17191,Soybean,0,0,0,0,105218.36,0
17193,Soybean,0,0,0,0,89516.5432,0
17195,Corn,0,129094.834,0,0,0,0
17197,Soybean,0,0,0,0,83365.31599999999,0
17199,Soybean,0,0,0,0,19708.2082,0
17201,Soybean,0,0,0,0,59772.1222,0
17203,Wheat,0,0,0,0,0,100443.0652
18001,Soybean,0,0,0,0,60460.0884,0
18003,Wheat,0,0,0,0,0,78185.3352
18005,Soybean,0,0,0,0,52771.0544,0
18007,Soybean,0,0,0,0,96517.611,0
18009,Soybean,0,0,0,0,31363.165,0
18011,Soybean,0,0,0,0,78468.6154,0
18013,Soybean,0,0,0,0,1011.715,0
18015,Soybean,0,0,0,0,73369.5718,0
18017,Soybean,0,0,0,0,73248.166,0
18019,Soybean,0,0,0,0,20477.1116,0
18021,Corn,0,49776.378,0,0,0,0
18023,Soybean,0,0,0,0,87493.11319999999,0
18025,Soybean,0,0,0,0,1578.2754,0
18027,Wheat,0,0,0,0,0,62281.1754
18029,Soybean,0,0,0,0,6960.5992,0
18031,Soybean,0,0,0,0,64911.634399999995,0
18033,Soybean,0,0,0,0,48805.1316,0
18035,Soybean,0,0,0,0,63131.015999999996,0
18037,Corn,0,42087.344,0,0,0,0
18039,Corn,0,40266.257,0,0,0,0
18041,Soybean,0,0,0,0,29623.015199999998,0
18043,NA,0,0,0,0,0,0
18045,Wheat,0,0,0,0,0,70293.9582
18047,Soybean,0,0,0,0,30310.9814,0
18049,Soybean,0,0,0,0,66773.19,0
18051,Wheat,0,0,0,0,0,82434.5382
18053,Soybean,0,0,0,0,71750.8278,0
18055,Soybean,0,0,0,0,40873.286,0
18057,Soybean,0,0,0,0,47105.4504,0
18059,Wheat,0,0,0,0,0,54673.0786
18061,Wheat,0,0,0,0,0,22298.1986
18063,Soybean,0,0,0,0,57141.663199999995,0
18065,Wheat,0,0,0,0,0,66975.533
18067,Corn,0,52649.6486,0,0,0,0
18069,Wheat,0,0,0,0,0,64911.634399999995
18071,Soybean,0,0,0,0,55077.7646,0
18073,Corn,0,108132.0992,0,0,0,0
18075,Soybean,0,0,0,0,70051.1466,0
18077,Soybean,0,0,0,0,23228.9764,0
18079,Corn,0,36259.8656,0,0,0,0
18081,Soybean,0,0,0,0,39254.542,0
18083,Corn,0,97934.012,0,0,0,0
18085,Soybean,0,0,0,0,79116.113,0
18087,Soybean,0,0,0,0,35490.9622,0
18089,Corn,0,44879.6774,0,0,0,0
18091,Wheat,0,0,0,0,0,82960.63
18093,Soybean,0,0,0,0,16673.0632,0
18095,Wheat,0,0,0,0,0,75635.8134
18097,Corn,0,6636.8504,0,0,0,0
18099,Soybean,0,0,0,0,65073.508799999996,0
18101,Soybean,0,0,0,0,11897.768399999999,0
18103,Soybean,0,0,0,0,64021.3252,0
18105,Soybean,0,0,0,0,5503.7296,0
18107,Wheat,0,0,0,0,0,96193.8622
18109,Soybean,0,0,0,0,35814.710999999996,0
18111,Soybean,0,0,0,0,73855.19499999999,0
18113,Soybean,0,0,0,0,50504.8128,0
18115,Soybean,0,0,0,0,2266.2416,0
18117,Soybean,0,0,0,0,16713.5318,0
18119,Soybean,0,0,0,0,19546.3338,0
18121,Soybean,0,0,0,0,51556.996399999996,0
18123,Soybean,0,0,0,0,9226.8408,0
18125,Soybean,0,0,0,0,29663.483799999998,0
18127,Soybean,0,0,0,0,47793.4166,0
18129,Corn,0,74259.881,0,0,0,0
18131,Corn,0,76040.4994,0,0,0,0
18133,Soybean,0,0,0,0,56332.2912,0
18135,Soybean,0,0,0,0,86157.6494,0
18137,Soybean,0,0,0,0,41358.9092,0
18139,Soybean,0,0,0,0,85955.3064,0
18141,Corn,0,51759.3394,0,0,0,0
18143,Soybean,0,0,0,0,13556.981,0
18145,Corn,0,79723.14199999999,0,0,0,0
18147,Corn,0,48319.5084,0,0,0,0
18149,Soybean,0,0,0,0,38687.9816,0
18151,Soybean,0,0,0,0,31201.2906,0
18153,Soybean,0,0,0,0,58800.8758,0
18155,Wheat,0,0,0,0,0,5625.1354
18157,Soybean,0,0,0,0,79399.39319999999,0
18159,Soybean,0,0,0,0,57748.6922,0
18161,Wheat,0,0,0,0,0,26223.6528
18163,Corn,0,25171.4692,0,0,0,0
18165,Soybean,0,0,0,0,33022.3776,0
18167,Soybean,0,0,0,0,44515.46,0
18169,Soybean,0,0,0,0,69565.5234,0
18171,Soybean,0,0,0,0,66651.7842,0
18173,Corn,0,31686.9138,0,0,0,0
18175,Wheat,0,0,0,0,0,37554.8608
18177,Soybean,0,0,0,0,53054.3346,0
18179,Wheat,0,0,0,0,0,74057.538
18181,Soybean,0,0,0,0,103640.0846,0
18183,Soybean,0,0,0,0,51516.527799999996,0
19001,Soybean,0,0,0,0,83972.345,0
19003,Corn,0,55037.296,0,0,0,0
19005,Corn,0,47955.291,0,0,0,0
19007,Soybean,0,0,0,0,28975.5176,0
19009,Corn,0,84781.717,0,0,0,0
19011,Corn,0,141235.414,0,0,0,0
19013,Corn,0,100969.15699999999,0,0,0,0
19015,Corn,0,109265.22,0,0,0,0
19017,Soybean,0,0,0,0,80127.828,0
19019,Corn,0,114121.45199999999,0,0,0,0
19021,Corn,0,125655.003,0,0,0,0
19023,Corn,0,113514.423,0,0,0,0
19025,Corn,0,126464.375,0,0,0,0
19027,Corn,0,121405.8,0,0,0,0
19029,Corn,0,99350.413,0,0,0,0
19031,Corn,0,110074.592,0,0,0,0
19033,Corn,0,115335.51,0,0,0,0
19035,Corn,0,118977.684,0,0,0,0
19037,Corn,0,96396.2052,0,0,0,0
19039,Soybean,0,0,0,0,29542.077999999998,0
19041,Corn,0,117156.597,0,0,0,0
19043,Soybean,0,0,0,0,82555.944,0
19045,Corn,0,124845.631,0,0,0,0
19047,Soybean,0,0,0,0,143056.501,0
19049,Corn,0,99755.099,0,0,0,0
19051,Soybean,0,0,0,0,35855.179599999996,0
19053,Soybean,0,0,0,0,28287.5514,0
19055,Corn,0,101980.872,0,0,0,0
19057,Corn,0,56736.9772,0,0,0,0
19059,Corn,0,72641.137,0,0,0,0
19061,Soybean,0,0,0,0,70577.2384,0
19063,Corn,0,83972.345,0,0,0,0
19065,Corn,0,121608.143,0,0,0,0
19067,Corn,0,100362.128,0,0,0,0
19069,Corn,0,127273.747,0,0,0,0
19071,Soybean,0,0,0,0,89030.92,0
19073,Corn,0,120798.771,0,0,0,0
19075,Corn,0,115133.167,0,0,0,0
19077,Corn,0,82353.601,0,0,0,0
19079,Corn,0,126464.375,0,0,0,0
19081,Corn,0,125857.34599999999,0,0,0,0
19083,Corn,0,117561.283,0,0,0,0
19085,Corn,0,124036.25899999999,0,0,0,0
19087,Corn,0,59448.3734,0,0,0,0
19089,Corn,0,89597.4804,0,0,0,0
19091,Corn,0,97934.012,0,0,0,0
19093,Corn,0,90649.664,0,0,0,0
19095,Corn,0,85793.432,0,0,0,0
19097,Soybean,0,0,0,0,65882.8808,0
19099,Corn,0,126869.061,0,0,0,0
19101,Corn,0,52285.4312,0,0,0,0
19103,Corn,0,79723.14199999999,0,0,0,0
19105,Corn,0,90811.5384,0,0,0,0
19107,Corn,0,86602.804,0,0,0,0
19109,Corn,0,220351.527,0,0,0,0
19111,Soybean,0,0,0,0,55441.981999999996,0
19113,Corn,0,102385.558,0,0,0,0
19115,Corn,0,59610.2478,0,0,0,0
19117,Soybean,0,0,0,0,23876.474,0
19119,Corn,0,124440.94499999999,0,0,0,0
19121,Soybean,0,0,0,0,57748.6922,0
19123,Corn,0,92268.408,0,0,0,0
19125,Corn,0,62281.1754,0,0,0,0
19127,Corn,0,110681.621,0,0,0,0
19129,Corn,0,77780.6492,0,0,0,0
19131,Corn,0,97529.326,0,0,0,0
19133,Corn,0,128892.491,0,0,0,0
19135,Soybean,0,0,0,0,24969.1262,0
19137,Corn,0,72641.137,0,0,0,0
19139,Soybean,0,0,0,0,65073.508799999996,0
19141,Corn,0,127476.09,0,0,0,0
19143,Corn,0,90244.978,0,0,0,0
19145,Corn,0,88221.548,0,0,0,0
19147,Corn,0,124036.25899999999,0,0,0,0
19149,Corn,0,171586.864,0,0,0,0
19151,Corn,0,132332.322,0,0,0,0
19153,Corn,0,62523.987,0,0,0,0
19155,Corn,0,179073.555,0,0,0,0
19157,Corn,0,104004.302,0,0,0,0
19159,Soybean,0,0,0,0,44758.2716,0
19161,Corn,0,124036.25899999999,0,0,0,0
19163,Soybean,0,0,0,0,73045.823,0
19165,Corn,0,127476.09,0,0,0,0
19167,Corn,0,166325.946,0,0,0,0
19169,Corn,0,114526.13799999999,0,0,0,0
19171,Corn,0,124036.25899999999,0,0,0,0
19173,Soybean,0,0,0,0,66287.5668,0
19175,Soybean,0,0,0,0,43706.087999999996,0
19177,Soybean,0,0,0,0,35531.4308,0
19179,Soybean,0,0,0,0,44717.803,0
19181,Corn,0,53580.4264,0,0,0,0
19183,Corn,0,87209.833,0,0,0,0
19185,Soybean,0,0,0,0,45405.7692,0
19187,Corn,0,146901.018,0,0,0,0
19189,Corn,0,84943.5914,0,0,0,0
19191,Corn,0,89637.949,0,0,0,0
19193,Corn,0,154590.052,0,0,0,0
19195,Corn,0,82394.0696,0,0,0,0
19197,Corn,0,127476.09,0,0,0,0
20001,Soybean,0,0,0,0,42087.344,0
20003,Soybean,0,0,0,0,51799.808,0
20005,Corn,0,52932.9288,0,0,0,0
20007,Wheat,0,0,0,0,0,55684.7936
20009,Wheat,0,0,0,0,0,100645.40819999999
20011,Soybean,0,0,0,0,15782.753999999999,0
20013,Corn,0,95303.553,0,0,0,0
20015,Soybean,0,0,0,0,66773.19,0
20017,Corn,0,11978.7056,0,0,0,0
20019,Soybean,0,0,0,0,3965.9228,0
20021,Corn,0,62523.987,0,0,0,0
20023,Wheat,0,0,0,0,0,80532.514
20025,Wheat,0,0,0,0,0,30149.107
20027,Corn,0,77456.9004,0,0,0,0
20029,Corn,0,80896.7314,0,0,0,0
20031,Corn,0,44920.146,0,0,0,0
20033,Corn,0,25616.623799999998,0,0,0,0
20035,Soybean,0,0,0,0,57182.131799999996,0
20037,Corn,0,47672.0108,0,0,0,0
20039,Corn,0,87614.519,0,0,0,0
20041,Wheat,0,0,0,0,0,95101.20999999999
20043,Corn,0,59974.4652,0,0,0,0
20045,Soybean,0,0,0,0,27275.8364,0
20047,Wheat,0,0,0,0,0,83405.7846
20049,Soybean,0,0,0,0,9024.4978,0
20051,Wheat,0,0,0,0,0,45162.9576
20053,Wheat,0,0,0,0,0,43058.5904
20055,Wheat,0,0,0,0,0,112907.394
20057,Wheat,0,0,0,0,0,99148.06999999999
20059,Soybean,0,0,0,0,45365.3006,0
20061,Corn,0,15337.5994,0,0,0,0
20063,Soybean,0,0,0,0,88869.0456,0
20065,Wheat,0,0,0,0,0,59650.7164
20067,Wheat,0,0,0,0,0,34641.1216
20069,Wheat,0,0,0,0,0,94210.9008
20071,Soybean,0,0,0,0,85793.432,0
20073,Soybean,0,0,0,0,17037.2806,0
20075,Soybean,0,0,0,0,57667.755,0
20077,Wheat,0,0,0,0,0,103073.5242
20079,Corn,0,93806.2148,0,0,0,0
20081,Cotton,0,0,81948.915,0,0,0
20083,Wheat,0,0,0,0,0,42734.8416
20085,Soybean,0,0,0,0,32617.6916,0
20087,Soybean,0,0,0,0,35490.9622,0
20089,Wheat,0,0,0,0,0,99148.06999999999
20091,Soybean,0,0,0,0,11088.3964,0
20093,Wheat,0,0,0,0,0,43544.213599999995
20095,Wheat,0,0,0,0,0,84538.9054
20097,Wheat,0,0,0,0,0,41520.7836
20099,Corn,0,49695.4408,0,0,0,0
20101,Wheat,0,0,0,0,0,40873.286
20103,Soybean,0,0,0,0,13880.7298,0
20105,Wheat,0,0,0,0,0,59974.4652
20107,Soybean,0,0,0,0,30553.792999999998,0
20109,Wheat,0,0,0,0,0,85793.432
20111,Soybean,0,0,0,0,48764.663,0
20113,Corn,0,131037.3268,0,0,0,0
20115,Wheat,0,0,0,0,0,96396.2052
20117,Soybean,0,0,0,0,120555.95939999999,0
20119,Soybean,0,0,0,0,36866.8946,0
20121,Soybean,0,0,0,0,28530.362999999998,0
20123,Wheat,0,0,0,0,0,95991.5192
20125,Corn,0,40144.8512,0,0,0,0
20127,Soybean,0,0,0,0,36097.9912,0
20129,Soybean,0,0,0,0,43341.8706,0
20131,Soybean,0,0,0,0,89557.0118,0
20133,Soybean,0,0,0,0,40913.7546,0
20135,Wheat,0,0,0,0,0,50181.064
20137,Corn,0,78873.3014,0,0,0,0
20139,Wheat,0,0,0,0,0,46093.7354
20141,Corn,0,75393.0018,0,0,0,0
20143,Wheat,0,0,0,0,0,69201.306
20145,Wheat,0,0,0,0,0,85307.8088
20147,Wheat,0,0,0,0,0,66611.3156
20149,Corn,0,34924.4018,0,0,0,0
20151,Corn,0,91297.16159999999,0,0,0,0
20153,Wheat,0,0,0,0,0,97934.012
20155,Corn,0,144472.902,0,0,0,0
20157,Corn,0,108820.06539999999,0,0,0,0
20159,Wheat,0,0,0,0,0,104125.7078
20161,Soybean,0,0,0,0,29865.8268,0
20163,Wheat,0,0,0,0,0,58072.441
20165,Wheat,0,0,0,0,0,56089.4796
20167,Wheat,0,0,0,0,0,40225.7884
20169,Wheat,0,0,0,0,0,70941.4558
20171,Soybean,0,0,0,0,81260.9488,0
20173,Corn,0,115456.9158,0,0,0,0
20175,Corn,0,60095.871,0,0,0,0
20177,Soybean,0,0,0,0,30472.855799999998,0
20179,Corn,0,97812.6062,0,0,0,0
20181,Soybean,0,0,0,0,129661.39439999999,0
20183,Corn,0,91742.3162,0,0,0,0
20185,Corn,0,103437.7416,0,0,0,0
20187,Wheat,0,0,0,0,0,70617.707
20189,Corn,0,86764.6784,0,0,0,0
20191,Wheat,0,0,0,0,0,206996.889
20193,Corn,0,165921.26,0,0,0,0
20195,Wheat,0,0,0,0,0,49614.5036
20197,Soybean,0,0,0,0,24523.9716,0
20199,Wheat,0,0,0,0,0,65761.47499999999
20201,Soybean,0,0,0,0,98541.041,0
20203,Wheat,0,0,0,0,0,77578.30619999999
20205,Soybean,0,0,0,0,49978.721,0
20207,Corn,0,25211.9378,0,0,0,0
20209,Soybean,0,0,0,0,1740.1498,0
21001,Soybean,0,0,0,0,5706.0725999999995,0
21003,Corn,0,2266.2416,0,0,0,0
21005,NA,0,0,0,0,0,0
21007,Soybean,0,0,0,0,30675.1988,0
21009,Wheat,0,0,0,0,0,15904.1598
21011,Soybean,0,0,0,0,1982.9614,0
21013,NA,0,0,0,0,0,0
21015,Soybean,0,0,0,0,1740.1498,0
21017,Wheat,0,0,0,0,0,3601.7054
21019,NA,0,0,0,0,0,0
21021,Barley,2144.8358,0,0,0,0,0
21023,NA,0,0,0,0,0,0
21025,NA,0,0,0,0,0,0
21027,Wheat,0,0,0,0,0,16875.4062
21029,Wheat,0,0,0,0,0,3035.145
21031,Barley,13071.3578,0,0,0,0,0
21033,Soybean,0,0,0,0,25414.2808,0
21035,Wheat,0,0,0,0,0,33912.686799999996
21037,NA,0,0,0,0,0,0
21039,Soybean,0,0,0,0,23309.9136,0
21041,Soybean,0,0,0,0,1173.5894,0
21043,Soybean,0,0,0,0,283.2802,0
21045,Soybean,0,0,0,0,4249.2029999999995,0
21047,Wheat,0,0,0,0,0,78590.0212
21049,Wheat,0,0,0,0,0,1902.0242
21051,Soybean,0,0,0,0,323.7488,0
21053,Soybean,0,0,0,0,971.2464,0
21055,Soybean,0,0,0,0,13030.8892,0
21057,NA,0,0,0,0,0,0
21059,Soybean,0,0,0,0,59650.7164,0
21061,Soybean,0,0,0,0,3439.831,0
21063,NA,0,0,0,0,0,0
21065,Soybean,0,0,0,0,647.4976,0
21067,Wheat,0,0,0,0,0,2792.3334
21069,Soybean,0,0,0,0,4046.86,0
21071,NA,0,0,0,0,0,0
21073,Soybean,0,0,0,0,687.9662,0
21075,Soybean,0,0,0,0,34802.996,0
21077,NA,0,0,0,0,0,0
21079,Soybean,0,0,0,0,485.6232,0
21081,Soybean,0,0,0,0,404.686,0
21083,Wheat,0,0,0,0,0,61390.8662
21085,Soybean,0,0,0,0,9024.4978,0
21087,Soybean,0,0,0,0,4613.4204,0
21089,Corn,0,323.7488,0,0,0,0
21091,Wheat,0,0,0,0,0,8498.405999999999
21093,Soybean,0,0,0,0,25576.1552,0
21095,NA,0,0,0,0,0,0
21097,Soybean,0,0,0,0,2428.116,0
21099,Wheat,0,0,0,0,0,3763.5798
21101,Barley,64628.3542,0,0,0,0,0
21103,Wheat,0,0,0,0,0,4775.2948
21105,Soybean,0,0,0,0,39740.165199999996,0
21107,Soybean,0,0,0,0,28206.6142,0
21109,NA,0,0,0,0,0,0
21111,NA,0,0,0,0,0,0
21113,Soybean,0,0,0,0,364.2174,0
21115,NA,0,0,0,0,0,0
21117,NA,0,0,0,0,0,0
21119,NA,0,0,0,0,0,0
21121,Wheat,0,0,0,0,0,283.2802
21123,Wheat,0,0,0,0,0,17361.0294
21125,Soybean,0,0,0,0,364.2174,0
21127,NA,0,0,0,0,0,0
21129,NA,0,0,0,0,0,0
21131,NA,0,0,0,0,0,0
21133,NA,0,0,0,0,0,0
21135,Soybean,0,0,0,0,2468.5846,0
21137,Soybean,0,0,0,0,6434.5073999999995,0
21139,Barley,12221.5172,0,0,0,0,0
21141,Wheat,0,0,0,0,0,65235.3832
21143,Wheat,0,0,0,0,0,5867.947
21145,Wheat,0,0,0,0,0,15701.8168
21147,NA,0,0,0,0,0,0
21149,Wheat,0,0,0,0,0,39295.0106
21151,Corn,0,687.9662,0,0,0,0
21153,NA,0,0,0,0,0,0
21155,Corn,0,11897.768399999999,0,0,0,0
21157,Soybean,0,0,0,0,10966.9906,0
21159,NA,0,0,0,0,0,0
21161,Soybean,0,0,0,0,5220.4493999999995,0
21163,Wheat,0,0,0,0,0,14325.884399999999
21165,NA,0,0,0,0,0,0
21167,Wheat,0,0,0,0,0,1254.5266
21169,Corn,0,2225.773,0,0,0,0
21171,Corn,0,3156.5508,0,0,0,0
21173,Soybean,0,0,0,0,607.029,0
21175,NA,0,0,0,0,0,0
21177,Soybean,0,0,0,0,14730.5704,0
21179,Soybean,0,0,0,0,15054.3192,0
21181,Wheat,0,0,0,0,0,768.9034
21183,Soybean,0,0,0,0,26102.247,0
21185,Soybean,0,0,0,0,2873.2706,0
21187,Wheat,0,0,0,0,0,607.029
21189,NA,0,0,0,0,0,0
21191,Soybean,0,0,0,0,971.2464,0
21193,NA,0,0,0,0,0,0
21195,NA,0,0,0,0,0,0
21197,Soybean,0,0,0,0,1335.4638,0
21199,Wheat,0,0,0,0,0,8862.6234
21201,NA,0,0,0,0,0,0
21203,Soybean,0,0,0,0,647.4976,0
21205,Soybean,0,0,0,0,283.2802,0
21207,Soybean,0,0,0,0,3156.5508,0
21209,Wheat,0,0,0,0,0,1821.087
21211,Wheat,0,0,0,0,0,16511.1888
21213,Soybean,0,0,0,0,41642.189399999996,0
21215,NA,0,0,0,0,0,0
21217,Corn,0,9348.2466,0,0,0,0
21219,Barley,46781.7016,0,0,0,0,0
21221,Wheat,0,0,0,0,0,23957.4112
21223,Soybean,0,0,0,0,1902.0242,0
21225,Corn,0,59933.9966,0,0,0,0
21227,Wheat,0,0,0,0,0,28166.1456
21229,Soybean,0,0,0,0,4411.0774,0
21231,Soybean,0,0,0,0,5746.5412,0
21233,Wheat,0,0,0,0,0,32334.4114
21235,NA,0,0,0,0,0,0
21237,NA,0,0,0,0,0,0
21239,Soybean,0,0,0,0,1659.2126,0
22001,Corn,0,48359.977,0,0,0,0
22003,NA,0,0,0,0,0,0
22005,NA,0,0,0,0,0,0
22007,NA,0,0,0,0,0,0
22009,Soybean,0,0,0,0,47752.948,0
22011,Barley,768.9034,0,0,0,0,0
22013,NA,0,0,0,0,0,0
22015,Corn,0,3925.4542,0,0,0,0
22017,Cotton,0,0,7972.3142,0,0,0
22019,Corn,0,890.3092,0,0,0,0
22021,Cotton,0,0,2225.773,0,0,0
22023,Barley,5341.8552,0,0,0,0,0
22025,Soybean,0,0,0,0,41237.5034,0
22027,NA,0,0,0,0,0,0
22029,Corn,0,58355.7212,0,0,0,0
22031,NA,0,0,0,0,0,0
22033,NA,0,0,0,0,0,0
22035,Corn,0,69605.992,0,0,0,0
22037,NA,0,0,0,0,0,0
22039,Corn,0,19667.7396,0,0,0,0
22041,Corn,0,54754.0158,0,0,0,0
22043,NA,0,0,0,0,0,0
22045,Soybean,0,0,0,0,1294.9952,0
22047,Soybean,0,0,0,0,3642.174,0
22049,NA,0,0,0,0,0,0
22051,NA,0,0,0,0,0,0
22053,Barley,39173.6048,0,0,0,0,0
22055,Soybean,0,0,0,0,1780.6184,0
22057,NA,0,0,0,0,0,0
22059,NA,0,0,0,0,0,0
22061,NA,0,0,0,0,0,0
22063,NA,0,0,0,0,0,0
22065,Cotton,0,0,72560.1998,0,0,0
22067,Corn,0,81989.3836,0,0,0,0
22069,Soybean,0,0,0,0,15580.411,0
22071,NA,0,0,0,0,0,0
22073,Soybean,0,0,0,0,11857.299799999999,0
22075,NA,0,0,0,0,0,0
22077,Soybean,0,0,0,0,30189.5756,0
22079,Corn,0,25697.560999999998,0,0,0,0
22081,NA,0,0,0,0,0,0
22083,Corn,0,45648.580799999996,0,0,0,0
22085,NA,0,0,0,0,0,0
22087,NA,0,0,0,0,0,0
22089,NA,0,0,0,0,0,0
22091,NA,0,0,0,0,0,0
22093,NA,0,0,0,0,0,0
22095,NA,0,0,0,0,0,0
22097,Soybean,0,0,0,0,53539.9578,0
22099,Barley,5989.3528,0,0,0,0,0
22101,NA,0,0,0,0,0,0
22103,NA,0,0,0,0,0,0
22105,NA,0,0,0,0,0,0
22107,Cotton,0,0,61390.8662,0,0,0
22109,NA,0,0,0,0,0,0
22111,NA,0,0,0,0,0,0
22113,Barley,27478.1794,0,0,0,0,0
22115,NA,0,0,0,0,0,0
22117,NA,0,0,0,0,0,0
22119,NA,0,0,0,0,0,0
22121,Corn,0,2509.0532,0,0,0,0
22123,Corn,0,28004.2712,0,0,0,0
22125,NA,0,0,0,0,0,0
22127,NA,0,0,0,0,0,0
23001,NA,0,0,0,0,0,0
23003,NA,0,0,0,0,0,0
23005,NA,0,0,0,0,0,0
23007,NA,0,0,0,0,0,0
23009,NA,0,0,0,0,0,0
23011,NA,0,0,0,0,0,0
23013,NA,0,0,0,0,0,0
23015,NA,0,0,0,0,0,0
23017,NA,0,0,0,0,0,0
23019,NA,0,0,0,0,0,0
23021,NA,0,0,0,0,0,0
23023,NA,0,0,0,0,0,0
23025,NA,0,0,0,0,0,0
23027,NA,0,0,0,0,0,0
23029,NA,0,0,0,0,0,0
23031,NA,0,0,0,0,0,0
24001,Soybean,0,0,0,0,485.6232,0
24003,Wheat,0,0,0,0,0,3804.0484
24005,Wheat,0,0,0,0,0,15459.0052
24009,Wheat,0,0,0,0,0,3156.5508
24011,Soybean,0,0,0,0,45729.518,0
24013,Wheat,0,0,0,0,0,29420.6722
24015,Wheat,0,0,0,0,0,21043.672
24017,Soybean,0,0,0,0,6636.8504,0
24019,Soybean,0,0,0,0,37312.0492,0
24021,Wheat,0,0,0,0,0,39780.633799999996
24023,Soybean,0,0,0,0,2630.459,0
24025,Wheat,0,0,0,0,0,14690.1018
24027,Wheat,0,0,0,0,0,5787.0098
24029,Wheat,0,0,0,0,0,45729.518
24031,Soybean,0,0,0,0,14487.7588,0
24033,Wheat,0,0,0,0,0,3318.4252
24035,Soybean,0,0,0,0,54430.267,0
24037,Soybean,0,0,0,0,10117.15,0
24039,Wheat,0,0,0,0,0,16227.908599999999
24041,Wheat,0,0,0,0,0,35410.025
24043,Wheat,0,0,0,0,0,15944.6284
24045,Soybean,0,0,0,0,22257.73,0
24047,Wheat,0,0,0,0,0,32172.537
24510,NA,0,0,0,0,0,0
25001,NA,0,0,0,0,0,0
25003,NA,0,0,0,0,0,0
25005,NA,0,0,0,0,0,0
25007,NA,0,0,0,0,0,0
25009,NA,0,0,0,0,0,0
25011,NA,0,0,0,0,0,0
25013,NA,0,0,0,0,0,0
25015,NA,0,0,0,0,0,0
25017,NA,0,0,0,0,0,0
25019,NA,0,0,0,0,0,0
25021,NA,0,0,0,0,0,0
25023,NA,0,0,0,0,0,0
25025,NA,0,0,0,0,0,0
25027,NA,0,0,0,0,0,0
26001,Soybean,0,0,0,0,364.2174,0
26003,NA,0,0,0,0,0,0
26005,Corn,0,52730.5858,0,0,0,0
26007,Soybean,0,0,0,0,5746.5412,0
26009,Soybean,0,0,0,0,1456.8696,0
26011,Corn,0,14851.9762,0,0,0,0
26013,NA,0,0,0,0,0,0
26015,Soybean,0,0,0,0,32779.566,0
26017,Soybean,0,0,0,0,42572.9672,0
26019,Barley,485.6232,0,0,0,0,0
26021,Wheat,0,0,0,0,0,36785.9574
26023,Soybean,0,0,0,0,67339.7504,0
26025,Soybean,0,0,0,0,66125.6924,0
26027,Soybean,0,0,0,0,50585.75,0
26029,Soybean,0,0,0,0,1092.6522,0
26031,Soybean,0,0,0,0,202.343,0
26033,NA,0,0,0,0,0,0
26035,Soybean,0,0,0,0,3237.488,0
26037,Soybean,0,0,0,0,70415.364,0
26039,NA,0,0,0,0,0,0
26041,Corn,0,1173.5894,0,0,0,0
26043,NA,0,0,0,0,0,0
26045,Soybean,0,0,0,0,61957.4266,0
26047,NA,0,0,0,0,0,0
26049,Soybean,0,0,0,0,32213.0056,0
26051,Soybean,0,0,0,0,6555.9132,0
26053,NA,0,0,0,0,0,0
26055,Soybean,0,0,0,0,3318.4252,0
26057,Soybean,0,0,0,0,78104.398,0
26059,Soybean,0,0,0,0,63414.2962,0
26061,NA,0,0,0,0,0,0
26063,Wheat,0,0,0,0,0,88585.7654
26065,Soybean,0,0,0,0,50342.9384,0
26067,Soybean,0,0,0,0,63940.388,0
26069,Corn,0,3520.7682,0,0,0,0
26071,NA,0,0,0,0,0,0
26073,Soybean,0,0,0,0,42937.1846,0
26075,Soybean,0,0,0,0,43220.4648,0
26077,Corn,0,35612.368,0,0,0,0
26079,NA,0,0,0,0,0,0
26081,Soybean,0,0,0,0,30189.5756,0
26083,NA,0,0,0,0,0,0
26085,Soybean,0,0,0,0,485.6232,0
26087,Soybean,0,0,0,0,39335.4792,0
26089,Soybean,0,0,0,0,1052.1836,0
26091,Soybean,0,0,0,0,102061.8092,0
26093,Soybean,0,0,0,0,19708.2082,0
26095,NA,0,0,0,0,0,0
26097,NA,0,0,0,0,0,0
26099,Soybean,0,0,0,0,17563.3724,0
26101,Soybean,0,0,0,0,971.2464,0
26103,NA,0,0,0,0,0,0
26105,Soybean,0,0,0,0,8822.1548,0
26107,Corn,0,10359.9616,0,0,0,0
26109,Soybean,0,0,0,0,6232.1644,0
26111,Soybean,0,0,0,0,19667.7396,0
26113,Soybean,0,0,0,0,7891.3769999999995,0
26115,Soybean,0,0,0,0,65316.3204,0
26117,Soybean,0,0,0,0,39578.2908,0
26119,Soybean,0,0,0,0,1982.9614,0
26121,Soybean,0,0,0,0,10926.521999999999,0
26123,Soybean,0,0,0,0,14002.1356,0
26125,Soybean,0,0,0,0,2144.8358,0
26127,Wheat,0,0,0,0,0,8377.0002
26129,Soybean,0,0,0,0,6272.633,0
26131,NA,0,0,0,0,0,0
26133,Soybean,0,0,0,0,4249.2029999999995,0
26135,Soybean,0,0,0,0,242.8116,0
26137,NA,0,0,0,0,0,0
26139,Soybean,0,0,0,0,31565.507999999998,0
26141,Soybean,0,0,0,0,5139.5122,0
26143,NA,0,0,0,0,0,0
26145,Soybean,0,0,0,0,89111.8572,0
26147,Soybean,0,0,0,0,45608.112199999996,0
26149,Soybean,0,0,0,0,58760.4072,0
26151,Soybean,0,0,0,0,116913.7854,0
26153,NA,0,0,0,0,0,0
26155,Soybean,0,0,0,0,68391.934,0
26157,Soybean,0,0,0,0,74502.6926,0
26159,Soybean,0,0,0,0,25899.904,0
26161,Soybean,0,0,0,0,38526.1072,0
26163,Soybean,0,0,0,0,1699.6812,0
26165,Soybean,0,0,0,0,2023.43,0
27001,Soybean,0,0,0,0,4694.3576,0
27003,Corn,0,4046.86,0,0,0,0
27005,Soybean,0,0,0,0,70172.5524,0
27007,Barley,404.686,0,0,0,0,0
27009,Corn,0,37231.112,0,0,0,0
27011,Soybean,0,0,0,0,90690.1326,0
27013,Corn,0,142247.129,0,0,0,0
27015,Corn,0,116306.7564,0,0,0,0
27017,Corn,0,566.5604,0,0,0,0
27019,Corn,0,39942.5082,0,0,0,0
27021,NA,0,0,0,0,0,0
27023,Corn,0,103437.7416,0,0,0,0
27025,Corn,0,21569.7638,0,0,0,0
27027,Soybean,0,0,0,0,157989.4144,0
27029,Soybean,0,0,0,0,9469.652399999999,0
27031,NA,0,0,0,0,0,0
27033,Corn,0,133708.2544,0,0,0,0
27035,Corn,0,3480.2996,0,0,0,0
27037,Corn,0,55441.981999999996,0,0,0,0
27039,Corn,0,84619.8426,0,0,0,0
27041,Soybean,0,0,0,0,62402.5812,0
27043,Corn,0,155399.424,0,0,0,0
27045,Corn,0,108172.5678,0,0,0,0
27047,Corn,0,136379.182,0,0,0,0
27049,Corn,0,101211.9686,0,0,0,0
27051,Soybean,0,0,0,0,95667.7704,0
27053,Soybean,0,0,0,0,12423.8602,0
27055,Corn,0,33508.0008,0,0,0,0
27057,Wheat,0,0,0,0,0,647.4976
27059,Corn,0,24119.2856,0,0,0,0
27061,NA,0,0,0,0,0,0
27063,Corn,0,149531.47699999998,0,0,0,0
27065,Soybean,0,0,0,0,11452.6138,0
27067,Corn,0,108617.7224,0,0,0,0
27069,Wheat,0,0,0,0,0,102021.3406
27071,Wheat,0,0,0,0,0,728.4348
27073,Soybean,0,0,0,0,142368.5348,0
27075,NA,0,0,0,0,0,0
27077,Wheat,0,0,0,0,0,4937.1692
27079,Corn,0,69686.9292,0,0,0,0
27081,Corn,0,91539.9732,0,0,0,0
27083,Corn,0,140061.8246,0,0,0,0
27085,Corn,0,84741.2484,0,0,0,0
27087,Soybean,0,0,0,0,51111.8418,0
27089,Wheat,0,0,0,0,0,183727.444
27091,Corn,0,152971.308,0,0,0,0
27093,Corn,0,94777.46119999999,0,0,0,0
27095,Corn,0,16389.783,0,0,0,0
27097,Corn,0,48562.32,0,0,0,0
27099,Corn,0,142651.815,0,0,0,0
27101,Corn,0,140709.3222,0,0,0,0
27103,Corn,0,84579.374,0,0,0,0
27105,Corn,0,154387.709,0,0,0,0
27107,Soybean,0,0,0,0,144877.588,0
27109,Soybean,0,0,0,0,76364.2482,0
27111,Soybean,0,0,0,0,145079.93099999998,0
27113,Soybean,0,0,0,0,70172.5524,0
27115,Corn,0,13273.7008,0,0,0,0
27117,Corn,0,84862.6542,0,0,0,0
27119,Wheat,0,0,0,0,0,241678.4792
27121,Corn,0,83850.9392,0,0,0,0
27123,NA,0,0,0,0,0,0
27125,Soybean,0,0,0,0,55441.981999999996,0
27127,Corn,0,184132.13,0,0,0,0
27129,Corn,0,185912.74839999998,0,0,0,0
27131,Corn,0,64021.3252,0,0,0,0
27133,Corn,0,100159.785,0,0,0,0
27135,Wheat,0,0,0,0,0,88990.45139999999
27137,NA,0,0,0,0,0,0
27139,Corn,0,29015.9862,0,0,0,0
27141,Corn,0,18008.527,0,0,0,0
27143,Corn,0,113635.8288,0,0,0,0
27145,Corn,0,129904.20599999999,0,0,0,0
27147,Corn,0,77942.5236,0,0,0,0
27149,Corn,0,107079.9156,0,0,0,0
27151,Corn,0,131482.4814,0,0,0,0
27153,Corn,0,49209.8176,0,0,0,0
27155,Soybean,0,0,0,0,118249.24919999999,0
27157,Soybean,0,0,0,0,52123.5568,0
27159,Corn,0,12100.1114,0,0,0,0
27161,Corn,0,83203.44159999999,0,0,0,0
27163,Corn,0,13556.981,0,0,0,0
27165,Corn,0,94372.7752,0,0,0,0
27167,Soybean,0,0,0,0,140345.1048,0
27169,Corn,0,44960.6146,0,0,0,0
27171,Soybean,0,0,0,0,63535.702,0
27173,Corn,0,149207.72819999998,0,0,0,0
28001,Soybean,0,0,0,0,3358.8938,0
28003,Soybean,0,0,0,0,7527.1596,0
28005,NA,0,0,0,0,0,0
28007,Corn,0,2185.3044,0,0,0,0
28009,Corn,0,5625.1354,0,0,0,0
28011,Corn,0,155035.2066,0,0,0,0
28013,Cotton,0,0,13192.7636,0,0,0
28015,Soybean,0,0,0,0,11290.7394,0
28017,Corn,0,15297.130799999999,0,0,0,0
28019,NA,0,0,0,0,0,0
28021,Corn,0,1618.744,0,0,0,0
28023,NA,0,0,0,0,0,0
28025,NA,0,0,0,0,0,0
28027,Cotton,0,0,96396.2052,0,0,0
28029,NA,0,0,0,0,0,0
28031,Soybean,0,0,0,0,809.372,0
28033,Soybean,0,0,0,0,24159.7542,0
28035,NA,0,0,0,0,0,0
28037,NA,0,0,0,0,0,0
28039,Corn,0,283.2802,0,0,0,0
28041,Corn,0,202.343,0,0,0,0
28043,Corn,0,1456.8696,0,0,0,0
28045,NA,0,0,0,0,0,0
28047,NA,0,0,0,0,0,0
28049,Corn,0,10036.2128,0,0,0,0
28051,Corn,0,33265.1892,0,0,0,0
28053,Soybean,0,0,0,0,59043.687399999995,0
28055,Corn,0,30715.6674,0,0,0,0
28057,Barley,5220.4493999999995,0,0,0,0,0
28059,NA,0,0,0,0,0,0
28061,NA,0,0,0,0,0,0
28063,Corn,0,2387.6474,0,0,0,0
28065,Corn,0,323.7488,0,0,0,0
28067,NA,0,0,0,0,0,0
28069,NA,0,0,0,0,0,0
28071,Cotton,0,0,5179.9808,0,0,0
28073,NA,0,0,0,0,0,0
28075,NA,0,0,0,0,0,0
28077,NA,0,0,0,0,0,0
28079,NA,0,0,0,0,0,0
28081,Corn,0,19991.4884,0,0,0,0
28083,Soybean,0,0,0,0,88949.9828,0
28085,NA,0,0,0,0,0,0
28087,Soybean,0,0,0,0,12302.4544,0
28089,Corn,0,12707.1404,0,0,0,0
28091,NA,0,0,0,0,0,0
28093,Corn,0,12383.391599999999,0,0,0,0
28095,NA,0,0,0,0,0,0
28097,Cotton,0,0,5665.604,0,0,0
28099,NA,0,0,0,0,0,0
28101,NA,0,0,0,0,0,0
28103,Cotton,0,0,24969.1262,0,0,0
28105,NA,0,0,0,0,0,0
28107,Barley,32051.1312,0,0,0,0,0
28109,NA,0,0,0,0,0,0
28111,NA,0,0,0,0,0,0
28113,NA,0,0,0,0,0,0
28115,Corn,0,11331.208,0,0,0,0
28117,Wheat,0,0,0,0,0,9307.778
28119,Cotton,0,0,59650.7164,0,0,0
28121,Corn,0,2913.7392,0,0,0,0
28123,Corn,0,1456.8696,0,0,0,0
28125,Cotton,0,0,48845.6002,0,0,0
28127,NA,0,0,0,0,0,0
28129,NA,0,0,0,0,0,0
28131,NA,0,0,0,0,0,0
28133,Corn,0,123631.573,0,0,0,0
28135,Cotton,0,0,78630.4898,0,0,0
28137,Wheat,0,0,0,0,0,14244.9472
28139,Barley,4572.9518,0,0,0,0,0
28141,NA,0,0,0,0,0,0
28143,Cotton,0,0,73369.5718,0,0,0
28145,Corn,0,8457.937399999999,0,0,0,0
28147,Soybean,0,0,0,0,485.6232,0
28149,Corn,0,13961.667,0,0,0,0
28151,Cotton,0,0,128285.462,0,0,0
28153,NA,0,0,0,0,0,0
28155,Corn,0,5099.0436,0,0,0,0
28157,NA,0,0,0,0,0,0
28159,NA,0,0,0,0,0,0
28161,Cotton,0,0,2266.2416,0,0,0
28163,Cotton,0,0,62240.7068,0,0,0
29001,Soybean,0,0,0,0,17927.589799999998,0
29003,Soybean,0,0,0,0,48036.2282,0
29005,Corn,0,103801.959,0,0,0,0
29007,Soybean,0,0,0,0,105946.7948,0
29009,Corn,0,2266.2416,0,0,0,0
29011,Soybean,0,0,0,0,54794.4844,0
29013,Rice,0,0,0,71265.2046,0,0
29015,Barley,14244.9472,0,0,0,0,0
29017,Corn,0,18372.7444,0,0,0,0
29019,Barley,27882.8654,0,0,0,0,0
29021,Soybean,0,0,0,0,43867.9624,0
29023,Corn,0,85550.6204,0,0,0,0
29025,Soybean,0,0,0,0,25171.4692,0
29027,Rice,0,0,0,36017.054,0,0
29029,NA,0,0,0,0,0,0
29031,Soybean,0,0,0,0,43099.059,0
29033,Wheat,25738.02960000021,0,0,0,0,55725.26219999978
29035,NA,0,0,0,0,0,0
29037,Corn,0,42653.9044,0,0,0,0
29039,Corn,0,3723.1112,0,0,0,0
29041,Soybean,0,0,0,0,77335.49459999999,0
29043,Soybean,0,0,0,0,283.2802,0
29045,Soybean,0,0,0,0,44920.146,0
29047,Rice,0,0,0,14366.353,0,0
29049,Soybean,0,0,0,0,34357.8414,0
29051,Corn,0,6758.2562,0,0,0,0
29053,Rice,0,0,0,52528.2428,0,0
29055,Soybean,0,0,0,0,242.8116,0
29057,Soybean,0,0,0,0,22055.387,0
29059,Rice,0,0,0,607.029,0,0
29061,Soybean,0,0,0,0,44191.7112,0
29063,Soybean,0,0,0,0,30230.0442,0
29065,NA,0,0,0,0,0,0
29067,NA,0,0,0,0,0,0
29069,Cotton,0,0,116306.7564,0,0,0
29071,Soybean,0,0,0,0,20112.8942,0
29073,Soybean,0,0,0,0,6920.1305999999995,0
29075,Soybean,0,0,0,0,35814.710999999996,0
29077,Soybean,0,0,0,0,1092.6522,0
29079,Soybean,0,0,0,0,36462.2086,0
29081,Soybean,0,0,0,0,45486.706399999995,0
29083,Rice,0,0,0,33953.155399999996,0,0
29085,NA,0,0,0,0,0,0
29087,Corn,0,74502.6926,0,0,0,0
29089,Rice,0,0,0,32293.9428,0,0
29091,Soybean,0,0,0,0,526.0918,0
29093,NA,0,0,0,0,0,0
29095,Corn,0,22662.416,0,0,0,0
29097,Soybean,0,0,0,0,36543.1458,0
29099,Soybean,0,0,0,0,4492.0145999999995,0
29101,Wheat,0,0,0,0,0,44717.803
29103,Soybean,0,0,0,0,48602.7886,0
29105,Barley,1699.6812,0,0,0,0,0
29107,Soybean,0,0,0,0,84862.6542,0
29109,Corn,0,9388.7152,0,0,0,0
29111,Soybean,0,0,0,0,49371.691999999995,0
29113,Soybean,0,0,0,0,47145.919,0
29115,Rice,0,0,0,36785.9574,0,0
29117,Soybean,0,0,0,0,54996.8274,0
29119,NA,0,0,0,0,0,0
29121,Barley,43422.8078,0,0,0,0,0
29123,Soybean,0,0,0,0,202.343,0
29125,Corn,0,1902.0242,0,0,0,0
29127,Rice,0,0,0,46619.8272,0,0
29129,Soybean,0,0,0,0,16470.7202,0
29131,Soybean,0,0,0,0,2468.5846,0
29133,Soybean,0,0,0,0,100483.5338,0
29135,Rice,0,0,0,13961.667,0,0
29137,Soybean,0,0,0,0,58396.1898,0
29139,Wheat,0,0,0,0,0,50423.8756
29141,Soybean,0,0,0,0,7486.691,0
29143,Barley,152404.7476,0,0,0,0,0
29145,Soybean,0,0,0,0,3035.145,0
29147,Soybean,0,0,0,0,104732.7368,0
29149,NA,0,0,0,0,0,0
29151,Corn,0,8862.6234,0,0,0,0
29153,NA,0,0,0,0,0,0
29155,Cotton,0,0,109750.8432,0,0,0
29157,Corn,0,31322.6964,0,0,0,0
29159,Soybean,0,0,0,0,63778.5136,0
29161,NA,0,0,0,0,0,0
29163,Soybean,0,0,0,0,56817.9144,0
29165,Soybean,0,0,0,0,37797.672399999996,0
29167,Barley,1699.6812,0,0,0,0,0
29169,NA,0,0,0,0,0,0
29171,Soybean,0,0,0,0,13111.8264,0
29173,Soybean,0,0,0,0,49250.2862,0
29175,Rice,0,0,0,25252.4064,0,0
29177,Soybean,0,0,0,0,43301.402,0
29179,NA,0,0,0,0,0,0
29181,Rice,0,0,0,4451.546,0,0
29183,Corn,0,39295.0106,0,0,0,0
29185,Rice,0,0,0,18656.0246,0,0
29186,Wheat,0,0,0,0,0,11654.9568
29187,Soybean,0,0,0,0,1294.9952,0
29189,Corn,0,4613.4204,0,0,0,0
29195,Soybean,0,0,0,0,112543.17659999999,0
29197,Soybean,0,0,0,0,11169.3336,0
29199,Soybean,0,0,0,0,35126.7448,0
29201,Soybean,0,0,0,0,80977.6686,0
29203,NA,0,0,0,0,0,0
29205,Soybean,0,0,0,0,62038.3638,0
29207,Cotton,0,0,153173.65099999998,0,0,0
29209,Corn,0,202.343,0,0,0,0
29211,Soybean,0,0,0,0,15499.4738,0
29213,NA,0,0,0,0,0,0
29215,NA,0,0,0,0,0,0
29217,Corn,0,54673.0786,0,0,0,0
29219,NA,0,0,0,0,0,0
29221,NA,0,0,0,0,0,0
29223,Corn,0,890.3092,0,0,0,0
29225,Wheat,0,0,0,0,0,1537.8068
29227,Soybean,0,0,0,0,13556.981,0
29229,NA,0,0,0,0,0,0
29510,NA,0,0,0,0,0,0
30001,Soybean,0,0,0,0,5746.5412,0
30003,Wheat,0,0,0,0,0,53904.1752
30005,Soybean,0,0,0,0,84134.2194,0
30007,Soybean,0,0,0,0,18170.4014,0
30009,Wheat,0,0,0,0,0,9995.7442
30011,Wheat,0,0,0,0,0,12545.266
30013,Soybean,0,0,0,0,70010.678,0
30015,Soybean,0,0,0,0,221484.6478,0
30017,Wheat,0,0,0,0,0,15944.6284
30019,Wheat,0,0,0,0,0,113028.7998
30021,Wheat,0,0,0,0,0,79075.6444
30023,NA,0,0,0,0,0,0
30025,Wheat,0,0,0,0,0,17199.155
30027,Soybean,0,0,0,0,86319.5238,0
30029,Wheat,0,0,0,0,0,9874.3384
30031,Soybean,0,0,0,0,31444.102199999998,0
30033,Wheat,0,0,0,0,0,47267.3248
30035,Soybean,0,0,0,0,91297.16159999999,0
30037,Soybean,0,0,0,0,9064.9664,0
30039,Wheat,0,0,0,0,0,242.8116
30041,Wheat,0,0,0,0,25859.435399971895,151716.7814000281
30043,NA,0,0,0,0,0,0
30045,Soybean,0,0,0,0,39335.4792,0
30047,Soybean,0,0,0,0,7243.8794,0
30049,Soybean,0,0,0,0,9550.5896,0
30051,Soybean,0,0,0,0,105420.703,0
30053,NA,0,0,0,0,0,0
30055,Wheat,0,0,0,0,0,88990.45139999999
30057,NA,0,0,0,0,0,0
30059,Soybean,0,0,0,0,4694.3576,0
30061,NA,0,0,0,0,0,0
30063,Soybean,0,0,0,0,849.8406,0
30065,Wheat,0,0,0,0,0,11128.865
30067,Soybean,0,0,0,0,4370.6088,0
30069,Wheat,0,0,0,0,0,8862.6234
30071,Wheat,0,0,0,0,0,53216.208999999995
30073,Soybean,0,0,0,0,100969.15699999999,0
30075,Wheat,0,0,0,0,0,5665.604
30077,NA,0,0,0,0,0,0
30079,Wheat,0,0,0,0,0,5260.918
30081,Soybean,0,0,0,0,687.9662,0
30083,Wheat,0,0,0,0,0,83162.973
30085,Wheat,0,0,0,0,0,133546.38
30087,Wheat,0,0,0,0,0,25535.6866
30089,NA,0,0,0,0,0,0
30091,Wheat,0,0,0,0,0,114202.38919999999
30093,NA,0,0,0,0,0,0
30095,Wheat,0,0,0,0,0,21488.8266
30097,Soybean,0,0,0,0,1173.5894,0
30099,Wheat,0,0,0,0,0,89395.13739999999
30101,Wheat,0,0,0,0,0,113514.423
30103,Corn,0,5544.1982,0,0,0,0
30105,Wheat,0,0,0,0,0,127557.0272
30107,Soybean,0,0,0,0,19303.5222,0
30109,Wheat,0,0,0,0,0,10724.179
30111,Wheat,0,18008.527000032736,0,0,0,35774.24239996726
31001,Corn,0,109669.906,0,0,0,0
31003,Corn,0,131725.293,0,0,0,0
31005,NA,0,0,0,0,0,0
31007,Soybean,0,0,0,0,27154.4306,0
31009,NA,0,0,0,0,0,0
31011,Corn,0,106432.41799999999,0,0,0,0
31013,Soybean,0,0,0,0,67218.3446,0
31015,Corn,0,24038.3484,0,0,0,0
31017,Corn,0,21326.9522,0,0,0,0
31019,Corn,0,118127.8434,0,0,0,0
31021,Corn,0,98500.5724,0,0,0,0
31023,Corn,0,106594.29239999999,0,0,0,0
31025,Soybean,0,0,0,0,101050.09419999999,0
31027,Rice,0,0,0,122377.04639999999,0,0
31029,Corn,0,90487.7896,0,0,0,0
31031,Soybean,0,0,0,0,8134.1885999999995,0
31033,Soybean,0,0,0,0,93401.5288,0
31035,Corn,0,107363.1958,0,0,0,0
31037,Soybean,0,0,0,0,77578.30619999999,0
31039,Corn,0,114000.0462,0,0,0,0
31041,Corn,0,136014.9646,0,0,0,0
31043,Corn,0,46700.7644,0,0,0,0
31045,Soybean,0,0,0,0,17927.589799999998,0
31047,Corn,0,108860.534,0,0,0,0
31049,Soybean,0,0,0,0,43099.059,0
31051,Corn,0,79237.5188,0,0,0,0
31053,Soybean,0,0,0,0,107444.133,0
31055,Soybean,0,0,0,0,23148.0392,0
31057,Soybean,0,0,0,0,62523.987,0
31059,Corn,0,122822.201,0,0,0,0
31061,Corn,0,63131.015999999996,0,0,0,0
31063,Corn,0,73652.852,0,0,0,0
31065,Corn,0,78468.6154,0,0,0,0
31067,Corn,0,138240.7376,0,0,0,0
31069,Soybean,0,0,0,0,31160.822,0
31071,Corn,0,5139.5122,0,0,0,0
31073,Corn,0,52528.2428,0,0,0,0
31075,NA,0,0,0,0,0,0
31077,Corn,0,46984.0446,0,0,0,0
31079,Corn,0,91337.6302,0,0,0,0
31081,Corn,0,117156.597,0,0,0,0
31083,Corn,0,70900.9872,0,0,0,0
31085,Soybean,0,0,0,0,49331.223399999995,0
31087,Soybean,0,0,0,0,59246.030399999996,0
31089,Soybean,0,0,0,0,104773.20539999999,0
31091,NA,0,0,0,0,0,0
31093,Corn,0,57829.6294,0,0,0,0
31095,Corn,0,81422.8232,0,0,0,0
31097,Soybean,0,0,0,0,40873.286,0
31099,Corn,0,104206.645,0,0,0,0
31101,Corn,0,65356.789,0,0,0,0
31103,Soybean,0,0,0,0,7486.691,0
31105,Soybean,0,0,0,0,52083.0882,0
31107,Corn,0,85712.4948,0,0,0,0
31109,Soybean,0,0,0,0,106877.5726,0
31111,Soybean,0,0,0,0,117965.969,0
31113,Corn,0,13030.8892,0,0,0,0
31115,Corn,0,3116.0822,0,0,0,0
31117,NA,0,0,0,0,0,0
31119,Corn,0,100078.8478,0,0,0,0
31121,Corn,0,77659.24339999999,0,0,0,0
31123,Soybean,0,0,0,0,37878.609599999996,0
31125,Corn,0,55603.8564,0,0,0,0
31127,Soybean,0,0,0,0,66449.4412,0
31129,Corn,0,83001.0986,0,0,0,0
31131,Soybean,0,0,0,0,103113.99279999999,0
31133,Soybean,0,0,0,0,40104.3826,0
31135,Corn,0,128649.6794,0,0,0,0
31137,Corn,0,107484.6016,0,0,0,0
31139,Soybean,0,0,0,0,99026.6642,0
31141,Corn,0,131037.3268,0,0,0,0
31143,Corn,0,86967.0214,0,0,0,0
31145,Corn,0,68998.963,0,0,0,0
31147,Soybean,0,0,0,0,82191.7266,0
31149,Corn,0,17239.6236,0,0,0,0
31151,Corn,0,102506.9638,0,0,0,0
31153,Soybean,0,0,0,0,28287.5514,0
31155,Corn,0,137431.3656,0,0,0,0
31157,Corn,0,36543.1458,0,0,0,0
31159,Corn,0,103235.3986,0,0,0,0
31161,Soybean,0,0,0,0,36624.083,0
31163,Corn,0,44920.146,0,0,0,0
31165,Corn,0,7203.4108,0,0,0,0
31167,Corn,0,64587.8856,0,0,0,0
31169,Corn,0,101859.4662,0,0,0,0
31171,NA,0,0,0,0,0,0
31173,Corn,0,68391.934,0,0,0,0
31175,Corn,0,43058.5904,0,0,0,0
31177,Soybean,0,0,0,0,65275.8518,0
31179,Soybean,0,0,0,0,89233.26299999999,0
31181,Corn,0,65316.3204,0,0,0,0
31183,Corn,0,16551.6574,0,0,0,0
31185,Corn,0,124602.8194,0,0,0,0
32001,NA,0,0,0,0,0,0
32003,NA,0,0,0,0,0,0
32005,NA,0,0,0,0,0,0
32007,NA,0,0,0,0,0,0
32009,NA,0,0,0,0,0,0
32011,NA,0,0,0,0,0,0
32013,NA,0,0,0,0,0,0
32015,NA,0,0,0,0,0,0
32017,NA,0,0,0,0,0,0
32019,NA,0,0,0,0,0,0
32021,NA,0,0,0,0,0,0
32023,NA,0,0,0,0,0,0
32027,NA,0,0,0,0,0,0
32029,NA,0,0,0,0,0,0
32031,NA,0,0,0,0,0,0
32033,NA,0,0,0,0,0,0
32510,NA,0,0,0,0,0,0
33001,NA,0,0,0,0,0,0
33003,NA,0,0,0,0,0,0
33005,NA,0,0,0,0,0,0
33007,NA,0,0,0,0,0,0
33009,NA,0,0,0,0,0,0
33011,NA,0,0,0,0,0,0
33013,NA,0,0,0,0,0,0
33015,NA,0,0,0,0,0,0
33017,NA,0,0,0,0,0,0
33019,NA,0,0,0,0,0,0
34001,NA,0,0,0,0,0,0
34003,NA,0,0,0,0,0,0
34005,Wheat,0,0,0,0,0,13435.5752
34007,NA,0,0,0,0,0,0
34009,NA,0,0,0,0,0,0
34011,Soybean,0,0,0,0,7648.5653999999995,0
34013,NA,0,0,0,0,0,0
34015,Barley,1618.744,0,0,0,0,0
34017,NA,0,0,0,0,0,0
34019,Wheat,0,0,0,0,0,6313.1016
34021,Soybean,0,0,0,0,3237.488,0
34023,Barley,1254.5266,0,0,0,0,0
34025,Barley,2913.7392,0,0,0,0,0
34027,NA,0,0,0,0,0,0
34029,NA,0,0,0,0,0,0
34031,NA,0,0,0,0,0,0
34033,Wheat,0,0,0,0,0,19870.082599999998
34035,Wheat,0,0,0,0,0,607.029
34037,Soybean,0,0,0,0,1902.0242,0
34039,NA,0,0,0,0,0,0
34041,Soybean,0,0,0,0,10279.0244,0
35001,NA,0,0,0,0,0,0
35003,NA,0,0,0,0,0,0
35005,Cotton,0,0,607.029,0,0,0
35006,NA,0,0,0,0,0,0
35007,NA,0,0,0,0,0,0
35009,Wheat,0,0,0,0,0,75473.939
35011,NA,0,0,0,0,0,0
35013,Cotton,0,0,3318.4252,0,0,0
35015,Cotton,0,0,1659.2126,0,0,0
35017,NA,0,0,0,0,0,0
35019,NA,0,0,0,0,0,0
35021,NA,0,0,0,0,0,0
35023,NA,0,0,0,0,0,0
35025,Soybean,0,0,0,0,8377.0002,0
35027,NA,0,0,0,0,0,0
35028,NA,0,0,0,0,0,0
35029,NA,0,0,0,0,0,0
35031,NA,0,0,0,0,0,0
35033,NA,0,0,0,0,0,0
35035,NA,0,0,0,0,0,0
35037,Wheat,0,0,0,0,0,35045.8076
35039,NA,0,0,0,0,0,0
35041,Wheat,0,0,0,0,0,51192.779
35043,NA,0,0,0,0,0,0
35045,NA,0,0,0,0,0,0
35047,NA,0,0,0,0,0,0
35049,NA,0,0,0,0,0,0
35051,NA,0,0,0,0,0,0
35053,NA,0,0,0,0,0,0
35055,NA,0,0,0,0,0,0
35057,NA,0,0,0,0,0,0
35059,Corn,0,10724.179,0,0,0,0
35061,NA,0,0,0,0,0,0
36001,Corn,0,1416.401,0,0,0,0
36003,Corn,0,6555.9132,0,0,0,0
36005,NA,0,0,0,0,0,0
36007,Soybean,0,0,0,0,2509.0532,0
36009,Soybean,0,0,0,0,9105.435,0
36011,Soybean,0,0,0,0,42208.7498,0
36013,Soybean,0,0,0,0,9874.3384,0
36015,Soybean,0,0,0,0,2185.3044,0
36017,Soybean,0,0,0,0,6353.5702,0
36019,Soybean,0,0,0,0,9267.3094,0
36021,Corn,0,6920.1305999999995,0,0,0,0
36023,Corn,0,7243.8794,0,0,0,0
36025,Corn,0,2589.9904,0,0,0,0
36027,Corn,0,3197.0194,0,0,0,0
36029,Soybean,0,0,0,0,11897.768399999999,0
36031,NA,0,0,0,0,0,0
36033,NA,0,0,0,0,0,0
36035,Corn,0,1052.1836,0,0,0,0
36037,Corn,0,29137.392,0,0,0,0
36039,NA,0,0,0,0,0,0
36041,NA,0,0,0,0,0,0
36043,Corn,0,7567.6282,0,0,0,0
36045,Soybean,0,0,0,0,18534.6188,0
36047,NA,0,0,0,0,0,0
36049,Corn,0,9550.5896,0,0,0,0
36051,Soybean,0,0,0,0,39780.633799999996,0
36053,Soybean,0,0,0,0,13273.7008,0
36055,Soybean,0,0,0,0,21650.701,0
36057,Corn,0,8741.2176,0,0,0,0
36059,NA,0,0,0,0,0,0
36061,NA,0,0,0,0,0,0
36063,Corn,0,23714.599599999998,0,0,0,0
36065,Corn,0,18210.87,0,0,0,0
36067,Soybean,0,0,0,0,22298.1986,0
36069,Corn,0,31767.851,0,0,0,0
36071,Corn,0,2670.9276,0,0,0,0
36073,Wheat,0,0,0,0,0,28935.049
36075,Soybean,0,0,0,0,5422.7924,0
36077,Corn,0,6636.8504,0,0,0,0
36079,NA,0,0,0,0,0,0
36081,NA,0,0,0,0,0,0
36083,Barley,5584.6668,0,0,0,0,0
36085,NA,0,0,0,0,0,0
36087,NA,0,0,0,0,0,0
36089,Soybean,0,0,0,0,14892.4448,0
36091,Soybean,0,0,0,0,4006.3914,0
36093,Wheat,0,0,0,0,0,323.7488
36095,Corn,0,3682.6426,0,0,0,0
36097,Soybean,0,0,0,0,3075.6136,0
36099,Soybean,0,0,0,0,23148.0392,0
36101,Soybean,0,0,0,0,16025.5656,0
36103,Wheat,0,0,0,0,0,445.1546
36105,Soybean,0,0,0,0,607.029,0
36107,Soybean,0,0,0,0,3480.2996,0
36109,Corn,0,8296.063,0,0,0,0
36111,Soybean,0,0,0,0,526.0918,0
36113,NA,0,0,0,0,0,0
36115,Corn,0,11493.0824,0,0,0,0
36117,Soybean,0,0,0,0,25697.560999999998,0
36119,NA,0,0,0,0,0,0
36121,Corn,0,22500.5416,0,0,0,0
36123,Soybean,0,0,0,0,8377.0002,0
37001,Soybean,0,0,0,0,3884.9856,0
37003,Soybean,0,0,0,0,1821.087,0
37005,NA,0,0,0,0,0,0
37007,Soybean,0,0,0,0,11290.7394,0
37009,NA,0,0,0,0,0,0
37011,NA,0,0,0,0,0,0
37013,Cotton,0,0,57101.194599999995,0,0,0
37015,Cotton,0,0,30998.9476,0,0,0
37017,Wheat,0,0,0,0,0,22136.3242
37019,Corn,0,2954.2078,0,0,0,0
37021,NA,0,0,0,0,0,0
37023,Soybean,0,0,0,0,768.9034,0
37025,Soybean,0,0,0,0,5301.3866,0
37027,NA,0,0,0,0,0,0
37029,Soybean,0,0,0,0,22864.759,0
37031,Wheat,0,0,0,0,0,15418.5366
37033,NA,0,0,0,0,0,0
37035,Wheat,0,0,0,0,0,5099.0436
37037,Soybean,0,0,0,0,2347.1788,0
37039,Soybean,0,0,0,0,404.686,0
37041,Cotton,0,0,7243.8794,0,0,0
37043,NA,0,0,0,0,0,0
37045,Wheat,0,0,0,0,0,8538.8746
37047,Soybean,0,0,0,0,37595.3294,0
37049,Soybean,0,0,0,0,21003.2034,0
37051,Wheat,0,0,0,0,0,15782.753999999999
37053,Corn,0,15094.7878,0,0,0,0
37055,NA,0,0,0,0,0,0
37057,Soybean,0,0,0,0,6394.0388,0
37059,Wheat,0,0,0,0,0,6313.1016
37061,Cotton,0,0,48805.1316,0,0,0
37063,Barley,566.5604,0,0,0,0,0
37065,Barley,37757.203799999996,0,0,0,0,0
37067,Soybean,0,0,0,0,1699.6812,0
37069,Barley,10886.053399999999,0,0,0,0,0
37071,Wheat,0,0,0,0,0,1740.1498
37073,Wheat,0,0,0,0,0,17401.498
37075,NA,0,0,0,0,0,0
37077,Soybean,0,0,0,0,4694.3576,0
37079,Barley,23350.3822,0,0,0,0,0
37081,Soybean,0,0,0,0,6879.662,0
37083,Cotton,0,0,38242.827,0,0,0
37085,Soybean,0,0,0,0,18453.6816,0
37087,Corn,0,607.029,0,0,0,0
37089,Soybean,0,0,0,0,1254.5266,0
37091,Cotton,0,0,16915.874799999998,0,0,0
37093,Wheat,0,0,0,0,0,12909.4834
37095,Wheat,0,0,0,0,0,31525.039399999998
37097,Soybean,0,0,0,0,15580.411,0
37099,NA,0,0,0,0,0,0
37101,Soybean,0,0,0,0,29218.3292,0
37103,Cotton,0,0,19505.8652,0,0,0
37105,Soybean,0,0,0,0,2711.3962,0
37107,Cotton,0,0,33508.0008,0,0,0
37109,Wheat,0,0,0,0,0,5179.9808
37111,NA,0,0,0,0,0,0
37113,NA,0,0,0,0,0,0
37115,NA,0,0,0,0,0,0
37117,Barley,25616.623799999998,0,0,0,0,0
37119,Soybean,0,0,0,0,526.0918,0
37121,NA,0,0,0,0,0,0
37123,NA,0,0,0,0,0,0
37125,Soybean,0,0,0,0,2387.6474,0
37127,Soybean,0,0,0,0,22541.0102,0
37129,NA,0,0,0,0,0,0
37131,Cotton,0,0,36907.3632,0,0,0
37133,Cotton,0,0,13435.5752,0,0,0
37135,Soybean,0,0,0,0,3399.3624,0
37137,Soybean,0,0,0,0,15742.285399999999,0
37139,Soybean,0,0,0,0,32010.6626,0
37141,Wheat,0,0,0,0,0,7082.005
37143,Soybean,0,0,0,0,31889.2568,0
37145,Soybean,0,0,0,0,8822.1548,0
37147,Cotton,0,0,45972.3296,0,0,0
37149,NA,0,0,0,0,0,0
37151,Wheat,0,0,0,0,0,8093.72
37153,NA,0,0,0,0,0,0
37155,Wheat,0,0,0,0,0,83203.44159999999
37157,Soybean,0,0,0,0,4977.6377999999995,0
37159,Soybean,0,0,0,0,12423.8602,0
37161,Soybean,0,0,0,0,647.4976,0
37163,Cotton,0,0,53661.3636,0,0,0
37165,Soybean,0,0,0,0,7162.9421999999995,0
37167,Cotton,0,0,19546.3338,0,0,0
37169,Soybean,0,0,0,0,930.7778,0
37171,Soybean,0,0,0,0,7810.4398,0
37173,NA,0,0,0,0,0,0
37175,Soybean,0,0,0,0,242.8116,0
37177,Wheat,0,0,0,0,0,27356.7736
37179,Wheat,0,0,0,0,0,48724.1944
37181,NA,0,0,0,0,0,0
37183,Soybean,0,0,0,0,8579.3432,0
37185,Soybean,0,0,0,0,4127.7972,0
37187,Cotton,0,0,36421.74,0,0,0
37189,NA,0,0,0,0,0,0
37191,Soybean,0,0,0,0,48481.3828,0
37193,Soybean,0,0,0,0,2225.773,0
37195,Soybean,0,0,0,0,26425.9958,0
37197,Soybean,0,0,0,0,13314.169399999999,0
37199,NA,0,0,0,0,0,0
38001,Wheat,0,0,0,0,0,68756.1514
38003,Soybean,0,0,0,0,237186.4646,0
38005,Wheat,0,0,0,0,0,133789.1916
38007,Wheat,0,0,0,0,0,12949.952
38009,Wheat,0,0,0,0,0,162602.83479999998
38011,Wheat,0,0,0,0,0,67056.4702
38013,Wheat,0,0,0,0,0,82960.63
38015,Corn,0,23997.8798,0,0,0,0
38017,Soybean,0,0,0,0,358106.64139999996,0
38019,Wheat,0,0,0,0,0,174500.60319999998
38021,Soybean,0,0,0,0,118856.2782,0
38023,Wheat,0,0,0,0,0,112340.8336
38025,Wheat,0,0,0,0,0,83203.44159999999
38027,Soybean,0,0,0,0,47793.4166,0
38029,Wheat,0,0,0,0,0,111288.65
38031,Soybean,0,0,0,0,93077.78,0
38033,Wheat,0,0,0,0,0,28085.2084
38035,Wheat,0,0,0,0,0,174783.8834
38037,Wheat,0,0,0,0,0,67946.7794
38039,Soybean,0,0,0,0,84215.1566,0
38041,Wheat,0,0,0,0,0,119989.39899999999
38043,Wheat,0,0,0,0,0,47388.730599999995
38045,Soybean,0,0,0,0,170979.835,0
38047,Wheat,0,0,0,0,0,65599.6006
38049,Wheat,0,0,0,0,0,103397.273
38051,Wheat,0,0,0,0,0,80411.1082
38053,Wheat,0,0,0,0,0,94736.9926
38055,Wheat,0,0,0,0,0,163533.6126
38057,Wheat,0,0,0,0,0,44677.3344
38059,Wheat,0,0,0,0,0,95627.3018
38061,Wheat,0,0,0,0,0,138726.3608
38063,Wheat,0,0,0,0,0,84619.8426
38065,Wheat,0,0,0,0,0,35288.6192
38067,Wheat,0,0,0,0,0,136419.6506
38069,Wheat,0,0,0,0,0,93603.8718
38071,Wheat,0,0,0,0,0,131887.1674
38073,Soybean,0,0,0,0,87047.9586,0
38075,Wheat,0,0,0,0,0,90973.41279999999
38077,Soybean,0,0,0,0,245037.373,0
38079,Wheat,0,0,0,0,0,53054.3346
38081,Soybean,0,0,0,0,112178.9592,0
38083,Wheat,0,0,0,0,0,63576.1706
38085,Corn,0,2711.3962,0,0,0,0
38087,Wheat,0,0,0,0,0,66894.5958
38089,Wheat,0,0,0,0,0,113473.9544
38091,Soybean,0,0,0,0,121365.3314,0
38093,Soybean,0,0,0,0,263369.64879999997,0
38095,Wheat,0,0,0,0,0,118734.8724
38097,Soybean,0,0,0,0,153902.0858,0
38099,Wheat,0,0,0,0,0,132534.665
38101,Wheat,0,0,0,0,0,174824.35199999998
38103,Wheat,0,0,0,0,0,162076.743
38105,Wheat,0,0,0,0,0,186883.9948
39001,Soybean,0,0,0,0,14083.0728,0
39003,Soybean,0,0,0,0,66813.6586,0
39005,Soybean,0,0,0,0,32132.0684,0
39007,Soybean,0,0,0,0,21974.4498,0
39009,Cotton,0,0,2023.43,0,0,0
39011,Soybean,0,0,0,0,72438.794,0
39013,NA,0,0,0,0,0,0
39015,Soybean,0,0,0,0,41318.4406,0
39017,Soybean,0,0,0,0,26952.0876,0
39019,Soybean,0,0,0,0,4451.546,0
39021,Soybean,0,0,0,0,70900.9872,0
39023,Soybean,0,0,0,0,53904.1752,0
39025,Wheat,0,0,0,0,0,19910.551199999998
39027,Soybean,0,0,0,0,70415.364,0
39029,Soybean,0,0,0,0,19829.613999999998,0
39031,Soybean,0,0,0,0,17441.9666,0
39033,Soybean,0,0,0,0,79318.45599999999,0
39035,NA,0,0,0,0,0,0
39037,Wheat,0,0,0,0,0,115295.0414
39039,Wheat,0,0,0,0,0,66530.3784
39041,Wheat,0,0,0,0,0,50383.407
39043,Soybean,0,0,0,0,27073.4934,0
39045,Soybean,0,0,0,0,53620.895,0
39047,Soybean,0,0,0,0,79237.5188,0
39049,Soybean,0,0,0,0,21488.8266,0
39051,Soybean,0,0,0,0,74543.1612,0
39053,Wheat,0,0,0,0,0,1659.2126
39055,Soybean,0,0,0,0,1456.8696,0
39057,Soybean,0,0,0,0,52123.5568,0
39059,Soybean,0,0,0,0,2266.2416,0
39061,Wheat,0,0,0,0,0,3277.9566
39063,Soybean,0,0,0,0,100766.814,0
39065,Soybean,0,0,0,0,86319.5238,0
39067,Soybean,0,0,0,0,849.8406,0
39069,Soybean,0,0,0,0,85186.40299999999,0
39071,Soybean,0,0,0,0,53701.8322,0
39073,Soybean,0,0,0,0,2225.773,0
39075,Soybean,0,0,0,0,14447.2902,0
39077,Soybean,0,0,0,0,74259.881,0
39079,Soybean,0,0,0,0,2185.3044,0
39081,Soybean,0,0,0,0,768.9034,0
39083,Soybean,0,0,0,0,43665.619399999996,0
39085,NA,0,0,0,0,0,0
39087,Soybean,0,0,0,0,890.3092,0
39089,Soybean,0,0,0,0,51233.247599999995,0
39091,Soybean,0,0,0,0,66368.504,0
39093,Soybean,0,0,0,0,32132.0684,0
39095,Corn,0,22581.4788,0,0,0,0
39097,Soybean,0,0,0,0,90002.1664,0
39099,Soybean,0,0,0,0,12181.0486,0
39101,Soybean,0,0,0,0,69403.649,0
39103,Soybean,0,0,0,0,19951.0198,0
39105,NA,0,0,0,0,0,0
39107,Soybean,0,0,0,0,88423.891,0
39109,Soybean,0,0,0,0,66125.6924,0
39111,NA,0,0,0,0,0,0
39113,Soybean,0,0,0,0,32739.0974,0
39115,Soybean,0,0,0,0,2023.43,0
39117,Soybean,0,0,0,0,48926.5374,0
39119,Soybean,0,0,0,0,11897.768399999999,0
39121,NA,0,0,0,0,0,0
39123,Soybean,0,0,0,0,34883.9332,0
39125,Soybean,0,0,0,0,82717.8184,0
39127,Soybean,0,0,0,0,14083.0728,0
39129,Barley,80694.3884,0,0,0,0,0
39131,Barley,9267.3094,0,0,0,0,0
39133,Soybean,0,0,0,0,13071.3578,0
39135,Soybean,0,0,0,0,64628.3542,0
39137,Soybean,0,0,0,0,99795.5676,0
39139,Soybean,0,0,0,0,36583.6144,0
39141,Wheat,0,0,0,0,0,46336.547
39143,Soybean,0,0,0,0,69079.9002,0
39145,Soybean,0,0,0,0,8984.029199999999,0
39147,Soybean,0,0,0,0,100888.21979999999,0
39149,Soybean,0,0,0,0,70213.021,0
39151,Soybean,0,0,0,0,23067.102,0
39153,NA,0,0,0,0,0,0
39155,Soybean,0,0,0,0,19910.551199999998,0
39157,Soybean,0,0,0,0,14042.6042,0
39159,Soybean,0,0,0,0,68958.4944,0
39161,Soybean,0,0,0,0,87533.5818,0
39163,Soybean,0,0,0,0,687.9662,0
39165,Soybean,0,0,0,0,25373.8122,0
39167,Soybean,0,0,0,0,6555.9132,0
39169,Wheat,0,0,0,0,0,45891.3924
39171,Soybean,0,0,0,0,60136.3396,0
39173,Soybean,0,0,0,0,111733.8046,0
39175,Soybean,0,0,0,0,74624.0984,0
40001,NA,0,0,0,0,0,0
40003,Wheat,0,0,0,0,0,103518.6788
40005,NA,0,0,0,0,0,0
40007,Wheat,0,0,0,0,0,55846.668
40009,Wheat,0,0,0,0,0,28530.362999999998
40011,Wheat,0,0,0,0,0,87331.23879999999
40013,NA,0,0,0,0,0,0
40015,Wheat,0,0,0,0,0,80532.514
40017,Wheat,0,0,0,0,0,72438.794
40019,NA,0,0,0,0,0,0
40021,NA,0,0,0,0,0,0
40023,NA,0,0,0,0,0,0
40025,Wheat,0,0,0,0,0,75676.28199999999
40027,Wheat,0,0,0,0,0,2225.773
40029,Soybean,0,0,0,0,242.8116,0
40031,Wheat,0,0,0,0,0,30675.1988
40033,Wheat,0,0,0,0,0,65033.040199999996
40035,Soybean,0,0,0,0,8619.8118,0
40037,NA,0,0,0,0,0,0
40039,Wheat,0,0,0,0,0,83931.8764
40041,Soybean,0,0,0,0,1092.6522,0
40043,Wheat,0,0,0,0,0,47348.262
40045,Wheat,0,0,0,0,0,23876.474
40047,Wheat,0,0,0,0,0,138200.269
40049,Corn,0,8174.6572,0,0,0,0
40051,Wheat,0,0,0,0,0,36826.426
40053,Wheat,0,0,0,0,0,143258.84399999998
40055,Wheat,0,0,0,0,0,43099.059
40057,Cotton,0,0,36826.426,0,0,0
40059,Wheat,0,0,0,0,0,38040.484
40061,NA,0,0,0,0,0,0
40063,NA,0,0,0,0,0,0
40065,Cotton,0,0,114728.481,0,0,0
40067,NA,0,0,0,0,0,0
40069,NA,0,0,0,0,0,0
40071,Wheat,0,0,0,0,0,104813.674
40073,Wheat,0,0,0,0,0,90164.0408
40075,Wheat,0,0,0,0,0,106027.732
40077,NA,0,0,0,0,0,0
40079,NA,0,0,0,0,0,0
40081,Corn,0,2994.6764,0,0,0,0
40083,Wheat,0,0,0,0,0,26142.7156
40085,NA,0,0,0,0,0,0
40087,Wheat,0,0,0,0,0,12302.4544
40089,NA,0,0,0,0,0,0
40091,NA,0,0,0,0,0,0
40093,Corn,0,55927.6052,0,0,0,0
40095,Wheat,0,0,0,0,0,971.2464
40097,Corn,0,5058.575,0,0,0,0
40099,NA,0,0,0,0,0,0
40101,Soybean,0,0,0,0,6515.4446,0
40103,NA,0,0,0,0,0,0
40105,Corn,0,1416.401,0,0,0,0
40107,Corn,0,607.029,0,0,0,0
40109,Corn,0,5260.918,0,0,0,0
40111,Soybean,0,0,0,0,1294.9952,0
40113,Wheat,0,0,0,0,0,12990.4206
40115,Corn,0,17239.6236,0,0,0,0
40117,Corn,0,8417.4688,0,0,0,0
40119,Wheat,0,0,0,0,0,7567.6282
40121,NA,0,0,0,0,0,0
40123,NA,0,0,0,0,0,0
40125,Wheat,0,0,0,0,0,5220.4493999999995
40127,NA,0,0,0,0,0,0
40129,Wheat,0,0,0,0,0,21853.043999999998
40131,Corn,0,2751.8648,0,0,0,0
40133,NA,0,0,0,0,0,0
40135,Corn,0,7203.4108,0,0,0,0
40137,Wheat,0,0,0,0,0,12100.1114
40139,Wheat,0,0,0,0,0,89840.292
40141,Rice,0,0,0,105420.703,0,0
40143,NA,0,0,0,0,0,0
40145,Corn,0,21084.1406,0,0,0,0
40147,Soybean,0,0,0,0,6313.1016,0
40149,Wheat,0,0,0,0,0,116751.911
40151,Wheat,0,0,0,0,0,76485.654
40153,Wheat,0,0,0,0,0,38040.484
41001,Wheat,0,0,0,0,0,5220.4493999999995
41003,NA,0,0,0,0,0,0
41005,Wheat,0,0,0,0,0,283.2802
41007,NA,0,0,0,0,0,0
41009,NA,0,0,0,0,0,0
41011,NA,0,0,0,0,0,0
41013,NA,0,0,0,0,0,0
41015,NA,0,0,0,0,0,0
41017,NA,0,0,0,0,0,0
41019,NA,0,0,0,0,0,0
41021,Wheat,0,0,0,0,0,42330.1556
41023,NA,0,0,0,0,0,0
41025,NA,0,0,0,0,0,0
41027,NA,0,0,0,0,0,0
41029,NA,0,0,0,0,0,0
41031,Corn,0,364.2174,0,0,0,0
41033,NA,0,0,0,0,0,0
41035,Corn,0,8174.6572,0,0,0,0
41037,NA,0,0,0,0,0,0
41039,Wheat,0,0,0,0,0,3075.6136
41041,NA,0,0,0,0,0,0
41043,Wheat,0,0,0,0,0,9186.3722
41045,Wheat,0,0,0,0,0,11088.3964
41047,Wheat,0,0,0,0,0,9712.464
41049,Wheat,0,0,0,0,0,59043.687399999995
41051,Wheat,0,0,0,0,0,768.9034
41053,Rice,0,0,0,8498.405999999999,0,0
41055,Wheat,0,0,0,0,0,46377.0156
41057,NA,0,0,0,0,0,0
41059,Wheat,0,0,0,0,0,105096.9542
41061,Wheat,0,0,0,0,0,15863.6912
41063,Wheat,0,0,0,0,0,6151.2272
41065,Soybean,0,0,0,0,26385.5272,0
41067,Wheat,0,0,0,0,0,6434.5073999999995
41069,NA,0,0,0,0,0,0
41071,Wheat,0,0,0,0,0,6677.3189999999995
42001,Wheat,0,0,0,0,0,25576.1552
42003,Soybean,0,0,0,0,404.686,0
42005,Soybean,0,0,0,0,8417.4688,0
42007,Cotton,0,0,3358.8938,0,0,0
42009,Soybean,0,0,0,0,15216.1936,0
42011,Soybean,0,0,0,0,16066.0342,0
42013,Soybean,0,0,0,0,13718.8554,0
42015,Soybean,0,0,0,0,10926.521999999999,0
42017,Soybean,0,0,0,0,12869.014799999999,0
42019,Soybean,0,0,0,0,13597.4496,0
42021,Soybean,0,0,0,0,7405.7537999999995,0
42023,NA,0,0,0,0,0,0
42025,NA,0,0,0,0,0,0
42027,Soybean,0,0,0,0,17482.4352,0
42029,Wheat,0,0,0,0,0,26790.2132
42031,Soybean,0,0,0,0,5503.7296,0
42033,Soybean,0,0,0,0,2023.43,0
42035,Soybean,0,0,0,0,4411.0774,0
42037,Soybean,0,0,0,0,14973.382,0
42039,Soybean,0,0,0,0,22905.2276,0
42041,Soybean,0,0,0,0,25495.218,0
42043,Wheat,0,0,0,0,0,16268.377199999999
42045,NA,0,0,0,0,0,0
42047,Soybean,0,0,0,0,404.686,0
42049,Soybean,0,0,0,0,13759.324,0
42051,Soybean,0,0,0,0,5058.575,0
42053,Soybean,0,0,0,0,202.343,0
42055,Soybean,0,0,0,0,42572.9672,0
42057,Soybean,0,0,0,0,6070.29,0
42059,Soybean,0,0,0,0,404.686,0
42061,Soybean,0,0,0,0,9064.9664,0
42063,Soybean,0,0,0,0,14083.0728,0
42065,Soybean,0,0,0,0,4168.2658,0
42067,Wheat,0,0,0,0,0,11533.551
42069,Corn,0,607.029,0,0,0,0
42071,Wheat,0,0,0,0,0,87978.7364
42073,Soybean,0,0,0,0,11452.6138,0
42075,Soybean,0,0,0,0,26871.1504,0
42077,Wheat,0,0,0,0,0,18332.2758
42079,Soybean,0,0,0,0,5463.2609999999995,0
42081,Soybean,0,0,0,0,11371.676599999999,0
42083,NA,0,0,0,0,0,0
42085,Corn,0,23593.1938,0,0,0,0
42087,Soybean,0,0,0,0,10157.6186,0
42089,NA,0,0,0,0,0,0
42091,NA,0,0,0,0,0,0
42093,Soybean,0,0,0,0,6110.7586,0
42095,Wheat,0,0,0,0,0,19586.8024
42097,Wheat,0,0,0,0,0,25211.9378
42099,Soybean,0,0,0,0,14730.5704,0
42101,NA,0,0,0,0,0,0
42103,NA,0,0,0,0,0,0
42105,Soybean,0,0,0,0,2185.3044,0
42107,Soybean,0,0,0,0,15175.725,0
42109,Soybean,0,0,0,0,13273.7008,0
42111,Soybean,0,0,0,0,13071.3578,0
42113,Soybean,0,0,0,0,1173.5894,0
42115,NA,0,0,0,0,0,0
42117,Soybean,0,0,0,0,5260.918,0
42119,Soybean,0,0,0,0,11209.8022,0
42121,Soybean,0,0,0,0,3480.2996,0
42123,Soybean,0,0,0,0,1821.087,0
42125,Soybean,0,0,0,0,2428.116,0
42127,Corn,0,809.372,0,0,0,0
42129,Soybean,0,0,0,0,11169.3336,0
42131,NA,0,0,0,0,0,0
42133,Barley,61633.6778,0,0,0,0,0
44001,NA,0,0,0,0,0,0
44003,NA,0,0,0,0,0,0
44005,NA,0,0,0,0,0,0
44007,NA,0,0,0,0,0,0
44009,NA,0,0,0,0,0,0
45001,NA,0,0,0,0,0,0
45003,Soybean,0,0,0,0,6110.7586,0
45005,NA,0,0,0,0,0,0
45007,Wheat,0,0,0,0,0,2751.8648
45009,NA,0,0,0,0,0,0
45011,Soybean,0,0,0,0,6191.6957999999995,0
45013,NA,0,0,0,0,0,0
45015,NA,0,0,0,0,0,0
45017,Cotton,0,0,13273.7008,0,0,0
45019,NA,0,0,0,0,0,0
45021,Soybean,0,0,0,0,445.1546,0
45023,Wheat,0,0,0,0,0,445.1546
45025,Soybean,0,0,0,0,9712.464,0
45027,Soybean,0,0,0,0,36097.9912,0
45029,NA,0,0,0,0,0,0
45031,Soybean,0,0,0,0,38687.9816,0
45033,Wheat,0,0,0,0,0,32051.1312
45035,Barley,7689.034,0,0,0,0,0
45037,NA,0,0,0,0,0,0
45039,NA,0,0,0,0,0,0
45041,Soybean,0,0,0,0,33831.749599999996,0
45043,Barley,2347.1788,0,0,0,0,0
45045,Wheat,0,0,0,0,0,202.343
45047,NA,0,0,0,0,0,0
45049,Wheat,0,0,0,0,0,11371.676599999999
45051,NA,0,0,0,0,0,0
45053,Barley,445.1546,0,0,0,0,0
45055,Soybean,0,0,0,0,890.3092,0
45057,Soybean,0,0,0,0,364.2174,0
45059,NA,0,0,0,0,0,0
45061,Wheat,0,0,0,0,0,33588.938
45063,Barley,4734.8261999999995,0,0,0,0,0
45065,NA,0,0,0,0,0,0
45067,Soybean,0,0,0,0,12869.014799999999,0
45069,Soybean,0,0,0,0,23836.0054,0
45071,Corn,0,4451.546,0,0,0,0
45073,NA,0,0,0,0,0,0
45075,Wheat,0,0,0,0,0,41197.0348
45077,NA,0,0,0,0,0,0
45079,Wheat,0,0,0,0,0,4451.546
45081,Wheat,0,0,0,0,0,526.0918
45083,Wheat,0,0,0,0,0,1092.6522
45085,Corn,0,30594.261599999998,0,0,0,0
45087,NA,0,0,0,0,0,0
45089,NA,0,0,0,0,0,0
45091,Wheat,0,0,0,0,0,526.0918
46003,Corn,0,62685.8614,0,0,0,0
46005,Corn,0,129378.1142,0,0,0,0
46007,Soybean,0,0,0,0,6110.7586,0
46009,Corn,0,79844.5478,0,0,0,0
46011,Corn,0,110803.02679999999,0,0,0,0
46013,Soybean,0,0,0,0,151109.7524,0
46015,Soybean,0,0,0,0,66854.1272,0
46017,Soybean,0,0,0,0,4856.232,0
46019,Wheat,0,0,0,0,0,6191.6957999999995
46021,Wheat,0,0,0,0,0,53175.740399999995
46023,Soybean,0,0,0,0,126262.03199999999,0
46025,Soybean,0,0,0,0,108496.31659999999,0
46027,Corn,0,77133.1516,0,0,0,0
46029,Soybean,0,0,0,0,81787.0406,0
46031,Wheat,0,0,0,0,0,55927.6052
46033,Corn,0,2104.3672,0,0,0,0
46035,Soybean,0,0,0,0,56939.3202,0
46037,Soybean,0,0,0,0,114728.481,0
46039,Soybean,0,0,0,0,77011.7458,0
46041,Wheat,0,0,0,0,0,30998.9476
46043,Soybean,0,0,0,0,61633.6778,0
46045,Soybean,0,0,0,0,89759.3548,0
46047,Wheat,0,0,0,0,0,4532.4832
46049,Soybean,0,0,0,0,95344.0216,0
46051,Soybean,0,0,0,0,91499.5046,0
46053,Corn,0,35450.4936,0,0,0,0
46055,Wheat,0,0,0,0,0,55846.668
46057,Corn,0,77537.8376,0,0,0,0
46059,Wheat,0,0,0,0,0,109062.877
46061,Corn,0,66085.22379999999,0,0,0,0
46063,Wheat,0,0,0,0,0,11735.894
46065,Wheat,0,0,0,0,0,54713.5472
46067,Corn,0,128042.6504,0,0,0,0
46069,Corn,0,34195.967,0,0,0,0
46071,NA,0,0,0,0,0,0
46073,Soybean,0,0,0,0,31484.570799999998,0
46075,Wheat,0,0,0,0,0,22581.4788
46077,Corn,0,113676.2974,0,0,0,0
46079,Corn,0,93725.2776,0,0,0,0
46081,NA,0,0,0,0,0,0
46083,Corn,0,110681.621,0,0,0,0
46085,Wheat,0,0,0,0,0,68068.18519999999
46087,Corn,0,92875.43699999999,0,0,0,0
46089,Soybean,0,0,0,0,55725.2622,0
46091,Soybean,0,0,0,0,64628.3542,0
46093,Wheat,0,0,0,0,0,27113.962
46095,Wheat,0,0,0,0,0,14366.353
46097,Soybean,0,0,0,0,69565.5234,0
46099,Corn,0,124036.25899999999,0,0,0,0
46101,Corn,0,91418.5674,0,0,0,0
46103,Wheat,0,0,0,0,0,21205.5464
46105,Wheat,0,0,0,0,0,36866.8946
46107,Wheat,0,0,0,0,0,99188.5386
46109,Soybean,0,0,0,0,134315.2834,0
46111,Corn,0,46134.204,0,0,0,0
46113,NA,0,0,0,0,0,0
46115,Soybean,0,0,0,0,202059.7198,0
46117,Corn,0,2589.9904,0,0,0,0
46119,Wheat,0,0,0,0,0,132817.9452
46121,Corn,0,4775.2948,0,0,0,0
46123,Corn,0,79277.9874,0,0,0,0
46125,Corn,0,112300.36499999999,0,0,0,0
46127,Corn,0,90852.007,0,0,0,0
46129,Wheat,0,0,0,0,0,65761.47499999999
46135,Corn,0,70981.9244,0,0,0,0
46137,Wheat,0,0,0,0,0,29299.2664
47001,NA,0,0,0,0,0,0
47003,Soybean,0,0,0,0,8457.937399999999,0
47005,Wheat,0,0,0,0,0,4775.2948
47007,Wheat,0,0,0,0,0,566.5604
47009,Wheat,0,0,0,0,0,2751.8648
47011,Wheat,0,0,0,0,0,1780.6184
47013,NA,0,0,0,0,0,0
47015,Soybean,0,0,0,0,6272.633,0
47017,Soybean,0,0,0,0,34074.5612,0
47019,NA,0,0,0,0,0,0
47021,Wheat,0,0,0,0,0,1942.4928
47023,Barley,8984.029199999999,0,0,0,0,0
47025,Soybean,0,0,0,0,283.2802,0
47027,Corn,0,323.7488,0,0,0,0
47029,Soybean,0,0,0,0,1618.744,0
47031,Soybean,0,0,0,0,20072.4256,0
47033,Cotton,0,0,44232.1798,0,0,0
47035,Soybean,0,0,0,0,647.4976,0
47037,NA,0,0,0,0,0,0
47039,Corn,0,3116.0822,0,0,0,0
47041,Soybean,0,0,0,0,3318.4252,0
47043,NA,0,0,0,0,0,0
47045,Corn,0,81867.9778,0,0,0,0
47047,Soybean,0,0,0,0,38607.0444,0
47049,NA,0,0,0,0,0,0
47051,Wheat,0,0,0,0,0,21407.8894
47053,Wheat,0,0,0,0,0,92673.094
47055,Soybean,0,0,0,0,9429.183799999999,0
47057,Wheat,0,0,0,0,0,687.9662
47059,Soybean,0,0,0,0,2994.6764,0
47061,Wheat,0,0,0,0,0,2306.7102
47063,Soybean,0,0,0,0,768.9034,0
47065,NA,0,0,0,0,0,0
47067,NA,0,0,0,0,0,0
47069,Corn,0,19263.0536,0,0,0,0
47071,Wheat,0,0,0,0,0,12140.58
47073,Soybean,0,0,0,0,404.686,0
47075,Cotton,0,0,74866.91,0,0,0
47077,Soybean,0,0,0,0,14164.01,0
47079,Soybean,0,0,0,0,36624.083,0
47081,Soybean,0,0,0,0,3197.0194,0
47083,NA,0,0,0,0,0,0
47085,Corn,0,5382.3238,0,0,0,0
47087,NA,0,0,0,0,0,0
47089,Soybean,0,0,0,0,2225.773,0
47091,NA,0,0,0,0,0,0
47093,NA,0,0,0,0,0,0
47095,Corn,0,29015.9862,0,0,0,0
47097,Soybean,0,0,0,0,55199.170399999995,0
47099,Soybean,0,0,0,0,17563.3724,0
47101,NA,0,0,0,0,0,0
47103,NA,0,0,0,0,0,0
47105,Barley,1699.6812,0,0,0,0,0
47107,Soybean,0,0,0,0,3844.517,0
47109,NA,0,0,0,0,0,0
47111,Soybean,0,0,0,0,1537.8068,0
47113,Wheat,0,0,0,0,0,33346.1264
47115,Soybean,0,0,0,0,3480.2996,0
47117,Soybean,0,0,0,0,4734.8261999999995,0
47119,Soybean,0,0,0,0,8457.937399999999,0
47121,Corn,0,566.5604,0,0,0,0
47123,Soybean,0,0,0,0,4856.232,0
47125,Soybean,0,0,0,0,18413.213,0
47127,NA,0,0,0,0,0,0
47129,NA,0,0,0,0,0,0
47131,Wheat,0,0,0,0,0,75433.47039999999
47133,Soybean,0,0,0,0,607.029,0
47135,Corn,0,1537.8068,0,0,0,0
47137,NA,0,0,0,0,0,0
47139,Soybean,0,0,0,0,2468.5846,0
47141,NA,0,0,0,0,0,0
47143,NA,0,0,0,0,0,0
47145,NA,0,0,0,0,0,0
47147,Soybean,0,0,0,0,41399.3778,0
47149,Soybean,0,0,0,0,7365.2852,0
47151,NA,0,0,0,0,0,0
47153,Wheat,0,0,0,0,0,445.1546
47155,Soybean,0,0,0,0,202.343,0
47157,Barley,26587.870199999998,0,0,0,0,0
47159,Soybean,0,0,0,0,1214.058,0
47161,Soybean,0,0,0,0,2589.9904,0
47163,NA,0,0,0,0,0,0
47165,Soybean,0,0,0,0,9752.9326,0
47167,Soybean,0,0,0,0,56129.9482,0
47169,NA,0,0,0,0,0,0
47171,NA,0,0,0,0,0,0
47173,NA,0,0,0,0,0,0
47175,Soybean,0,0,0,0,202.343,0
47177,Soybean,0,0,0,0,8093.72,0
47179,NA,0,0,0,0,0,0
47181,Barley,1861.5556,0,0,0,0,0
47183,Corn,0,64709.2914,0,0,0,0
47185,Soybean,0,0,0,0,1982.9614,0
47187,Corn,0,4775.2948,0,0,0,0
47189,Wheat,0,0,0,0,0,1011.715
48001,NA,0,0,0,0,0,0
48003,Rice,0,0,0,11047.9278,0,0
48005,NA,0,0,0,0,0,0
48007,NA,0,0,0,0,0,0
48009,Wheat,0,0,0,0,0,32455.817199999998
48011,Wheat,0,0,0,0,0,27073.4934
48013,Wheat,0,0,0,0,0,1537.8068
48015,Corn,0,2630.459,0,0,0,0
48017,Cotton,0,0,59165.093199999996,0,0,0
48019,NA,0,0,0,0,0,0
48021,NA,0,0,0,0,0,0
48023,Wheat,0,0,0,0,0,50140.5954
48025,Corn,0,12464.3288,0,0,0,0
48027,Rice,0,0,0,36664.5516,0,0
48029,Corn,0,6596.3818,0,0,0,0
48031,NA,0,0,0,0,0,0
48033,Cotton,0,0,19101.1792,0,0,0
48035,Wheat,0,0,0,0,0,2913.7392
48037,NA,0,0,0,0,0,0
48039,Rice,0,0,0,7891.3769999999995,0,0
48041,Cotton,0,0,7162.9421999999995,0,0,0
48043,NA,0,0,0,0,0,0
48045,Wheat,0,0,0,0,0,34276.9042
48047,NA,0,0,0,0,0,0
48049,Corn,0,3682.6426,0,0,0,0
48051,Corn,0,11614.4882,0,0,0,0
48053,NA,0,0,0,0,0,0
48055,Rice,0,0,0,5827.4784,0,0
48057,Corn,0,17077.7492,0,0,0,0
48059,Wheat,0,0,0,0,0,13759.324
48061,Cotton,0,0,16349.3144,0,0,0
48063,NA,0,0,0,0,0,0
48065,Corn,0,59246.030399999996,0,0,0,0
48067,NA,0,0,0,0,0,0
48069,Cotton,0,0,131563.4186,0,0,0
48071,NA,0,0,0,0,0,0
48073,NA,0,0,0,0,0,0
48075,Wheat,0,0,0,0,0,39537.8222
48077,Wheat,0,0,0,0,0,28004.2712
48079,Soybean,0,0,0,0,63050.078799999996,0
48081,Corn,0,5503.7296,0,0,0,0
48083,Wheat,0,0,0,0,0,21043.672
48085,Rice,0,0,0,6110.7586,0,0
48087,Cotton,0,0,40144.8512,0,0,0
48089,Corn,0,4856.232,0,0,0,0
48091,NA,0,0,0,0,0,0
48093,Wheat,0,0,0,0,0,2549.5218
48095,Wheat,0,0,0,0,0,32779.566
48097,Corn,0,11371.67659999956,0,809.3720000004396,0,0
48099,NA,0,0,0,0,0,0
48101,Wheat,0,0,0,0,0,20679.4546
48103,NA,0,0,0,0,0,0
48105,NA,0,0,0,0,0,0
48107,Cotton,0,0,95789.1762,0,0,0
48109,NA,0,0,0,0,0,0
48111,Wheat,0,0,0,0,0,90325.9152
48113,NA,0,0,0,0,0,0
48115,Rice,0,0,0,144796.6508,0,0
48117,Corn,0,115659.2588,0,0,0,0
48119,Soybean,0,0,0,0,7365.2852,0
48121,Wheat,0,0,0,0,0,12302.4544
48123,Corn,0,2954.2078,0,0,0,0
48125,Rice,0,0,0,20274.7686,0,0
48127,NA,0,0,0,0,0,0
48129,Corn,0,12383.391599999999,0,0,0,0
48131,NA,0,0,0,0,0,0
48133,Wheat,0,0,0,0,0,4815.7634
48135,NA,0,0,0,0,0,0
48137,NA,0,0,0,0,0,0
48139,Corn,0,34722.0588,0,0,0,0
48141,Cotton,0,0,8134.1885999999995,0,0,0
48143,NA,0,0,0,0,0,0
48145,Rice,0,0,0,41156.5662,0,0
48147,Soybean,0,0,0,0,16794.469,0
48149,Corn,0,3925.4542,0,0,0,0
48151,Cotton,0,0,57667.755,0,0,0
48153,Cotton,0,0,116590.03659999999,0,0,0
48155,Wheat,0,0,0,0,0,35612.368
48157,Corn,0,21407.8894,0,0,0,0
48159,NA,0,0,0,0,0,0
48161,NA,0,0,0,0,0,0
48163,Wheat,0,0,0,0,0,8619.8118
48165,Corn,0,117965.969,0,0,0,0
48167,NA,0,0,0,0,0,0
48169,Cotton,0,0,17887.121199999998,0,0,0
48171,NA,0,0,0,0,0,0
48173,Cotton,0,0,43584.682199999996,0,0,0
48175,Corn,0,2589.9904,0,0,0,0
48177,Rice,0,0,0,2063.8986,0,0
48179,Corn,0,27842.3968,0,0,0,0
48181,Rice,0,0,0,17644.3096,0,0
48183,NA,0,0,0,0,0,0
48185,NA,0,0,0,0,0,0
48187,Corn,0,13111.8264,0,0,0,0
48189,Cotton,0,0,149248.1968,0,0,0
48191,Cotton,0,0,38323.7642,0,0,0
48193,Wheat,0,0,0,0,0,2225.773
48195,Corn,0,115375.9786,0,0,0,0
48197,Wheat,0,0,0,0,0,37878.609599999996
48199,NA,0,0,0,0,0,0
48201,NA,0,0,0,0,0,0
48203,NA,0,0,0,0,0,0
48205,Corn,0,85307.8088,0,0,0,0
48207,Wheat,0,0,0,0,0,101333.3744
48209,Rice,0,0,0,890.3092,0,0
48211,Wheat,0,0,0,0,0,6839.1934
48213,NA,0,0,0,0,0,0
48215,Corn,0,20760.3918,0,0,0,0
48217,Rice,0,0,0,51880.7452,0,0
48219,Cotton,0,0,117318.4714,0,0,0
48221,NA,0,0,0,0,0,0
48223,NA,0,0,0,0,0,0
48225,NA,0,0,0,0,0,0
48227,Soybean,0,0,0,0,47550.604999999996,0
48229,Cotton,0,0,5463.2609999999995,0,0,0
48231,Wheat,0,0,0,0,0,12059.6428
48233,Cotton,0,0,41237.5034,0,0,0
48235,NA,0,0,0,0,0,0
48237,Wheat,0,0,0,0,0,4087.3286
48239,Corn,0,44920.146,0,0,0,0
48241,NA,0,0,0,0,0,0
48243,NA,0,0,0,0,0,0
48245,NA,0,0,0,0,0,0
48247,NA,0,0,0,0,0,0
48249,Corn,0,8781.6862,0,0,0,0
48251,Wheat,0,0,0,0,0,7446.2224
48253,Wheat,0,0,0,0,0,93725.2776
48255,Corn,0,6151.2272,0,0,0,0
48257,Wheat,0,0,0,0,0,1821.087
48259,NA,0,0,0,0,0,0
48261,NA,0,0,0,0,0,0
48263,NA,0,0,0,0,0,0
48265,NA,0,0,0,0,0,0
48267,NA,0,0,0,0,0,0
48269,Wheat,0,0,0,0,0,4451.546
48271,NA,0,0,0,0,0,0
48273,NA,0,0,0,0,0,0
48275,Wheat,0,0,0,0,0,84822.1856
48277,Wheat,0,0,0,0,0,20355.7058
48279,Cotton,0,0,91256.693,0,0,0
48281,Wheat,0,0,0,0,0,526.0918
48283,NA,0,0,0,0,0,0
48285,Corn,0,1133.1208,0,0,0,0
48287,NA,0,0,0,0,0,0
48289,NA,0,0,0,0,0,0
48291,Soybean,0,0,0,0,1942.4928,0
48293,Corn,0,7162.9421999999995,0,0,0,0
48295,Wheat,0,0,0,0,0,11128.865
48297,Corn,0,5099.0436,0,0,0,0
48299,NA,0,0,0,0,0,0
48301,NA,0,0,0,0,0,0
48303,Soybean,0,0,0,0,119301.4328,0
48305,Corn,0,133708.2544,0,0,0,0
48307,Wheat,0,0,0,0,0,15823.2226
48309,Corn,0,36259.8656,0,0,0,0
48311,NA,0,0,0,0,0,0
48313,NA,0,0,0,0,0,0
48315,NA,0,0,0,0,0,0
48317,Corn,0,71143.7988,0,0,0,0
48319,NA,0,0,0,0,0,0
48321,Rice,0,0,0,24685.845999999998,0,0
48323,NA,0,0,0,0,0,0
48325,Corn,0,24726.314599999998,0,0,0,0
48327,NA,0,0,0,0,0,0
48329,Cotton,0,0,16268.377199999999,0,0,0
48331,Corn,0,23674.131,0,0,0,0
48333,Wheat,0,0,0,0,0,1214.058
48335,Rice,0,0,0,36017.054,0,0
48337,Wheat,0,0,0,0,0,6677.3189999999995
48339,NA,0,0,0,0,0,0
48341,Corn,0,77537.8376,0,0,0,0
48343,NA,0,0,0,0,0,0
48345,Corn,0,13799.792599999999,0,0,0,0
48347,NA,0,0,0,0,0,0
48349,Cotton,0,0,16754.0004,0,0,0
48351,NA,0,0,0,0,0,0
48353,Soybean,0,0,0,0,29582.546599999998,0
48355,Soybean,0,0,0,0,50626.2186,0
48357,Corn,0,81989.3836,0,0,0,0
48359,Wheat,0,0,0,0,0,19424.928
48361,NA,0,0,0,0,0,0
48363,NA,0,0,0,0,0,0
48365,NA,0,0,0,0,0,0
48367,NA,0,0,0,0,0,0
48369,Cotton,0,0,129499.52,0,0,0
48371,Rice,0,0,0,2104.3672,0,0
48373,NA,0,0,0,0,0,0
48375,Wheat,0,0,0,0,0,5827.4784
48377,NA,0,0,0,0,0,0
48379,NA,0,0,0,0,0,0
48381,Corn,0,46215.1412,0,0,0,0
48383,Rice,0,0,0,18979.7734,0,0
48385,NA,0,0,0,0,0,0
48387,NA,0,0,0,0,0,0
48389,Rice,0,0,0,364.2174,0,0
48391,Cotton,0,0,12788.0776,0,0,0
48393,Corn,0,4330.1402,0,0,0,0
48395,NA,0,0,0,0,0,0
48397,NA,0,0,0,0,0,0
48399,Rice,0,0,0,73207.6974,0,0
48401,NA,0,0,0,0,0,0
48403,NA,0,0,0,0,0,0
48405,NA,0,0,0,0,0,0
48407,NA,0,0,0,0,0,0
48409,Rice,0,0,0,50140.5954,0,0
48411,Wheat,0,0,0,0,0,7082.005
48413,Rice,0,0,0,7082.005,0,0
48415,Corn,0,37716.735199999996,0,0,0,0
48417,Corn,0,9671.9954,0,0,0,0
48419,NA,0,0,0,0,0,0
48421,Cotton,0,0,100604.9396,0,0,0
48423,NA,0,0,0,0,0,0
48425,NA,0,0,0,0,0,0
48427,NA,0,0,0,0,0,0
48429,NA,0,0,0,0,0,0
48431,NA,0,0,0,0,0,0
48433,Wheat,0,0,0,0,0,16996.811999999998
48435,NA,0,0,0,0,0,0
48437,Corn,0,103923.3648,0,0,0,0
48439,NA,0,0,0,0,0,0
48441,Wheat,0,0,0,0,0,36543.1458
48443,NA,0,0,0,0,0,0
48445,Corn,0,143258.84399999998,0,0,0,0
48447,Wheat,0,0,0,0,0,27761.4596
48449,NA,0,0,0,0,0,0
48451,Cotton,0,0,60217.2768,0,0,0
48453,Corn,0,7891.3769999999995,0,0,0,0
48455,NA,0,0,0,0,0,0
48457,NA,0,0,0,0,0,0
48459,NA,0,0,0,0,0,0
48461,Corn,0,9995.7442,0,0,0,0
48463,Corn,0,19465.3966,0,0,0,0
48465,NA,0,0,0,0,0,0
48467,NA,0,0,0,0,0,0
48469,Corn,0,16834.9376,0,0,0,0
48471,NA,0,0,0,0,0,0
48473,Corn,0,2589.9904,0,0,0,0
48475,NA,0,0,0,0,0,0
48477,NA,0,0,0,0,0,0
48479,NA,0,0,0,0,0,0
48481,Corn,0,77335.49459999999,0,0,0,0
48483,Wheat,0,0,0,0,0,13556.981
48485,Wheat,0,0,0,0,0,41399.3778
48487,Wheat,0,0,0,0,0,72195.9824
48489,Cotton,0,0,15216.1936,0,0,0
48491,Rice,0,0,0,51718.8708,0,0
48493,Corn,0,5099.0436,0,0,0,0
48495,NA,0,0,0,0,0,0
48497,Wheat,0,0,0,0,0,2994.6764
48499,NA,0,0,0,0,0,0
48501,Soybean,0,0,0,0,59488.842,0
48503,Corn,0,26952.0876,0,0,0,0
48505,NA,0,0,0,0,0,0
48507,Wheat,0,0,0,0,0,7891.3769999999995
49001,NA,0,0,0,0,0,0
49003,Barley,1375.9324,0,0,0,0,0
49005,Barley,4734.8261999999995,0,0,0,0,0
49007,NA,0,0,0,0,0,0
49009,NA,0,0,0,0,0,0
49011,NA,0,0,0,0,0,0
49013,NA,0,0,0,0,0,0
49015,NA,0,0,0,0,0,0
49017,NA,0,0,0,0,0,0
49019,NA,0,0,0,0,0,0
49021,NA,0,0,0,0,0,0
49023,Barley,404.686,0,0,0,0,0
49025,NA,0,0,0,0,0,0
49027,Barley,2144.8358,0,0,0,0,0
49029,NA,0,0,0,0,0,0
49031,NA,0,0,0,0,0,0
49033,Soybean,0,0,0,0,364.2174,0
49035,NA,0,0,0,0,0,0
49037,NA,0,0,0,0,0,0
49039,Soybean,0,0,0,0,1214.058,0
49041,Barley,687.9662,0,0,0,0,0
49043,NA,0,0,0,0,0,0
49045,NA,0,0,0,0,0,0
49047,Barley,404.686,0,0,0,0,0
49049,Barley,1052.1836,0,0,0,0,0
49051,NA,0,0,0,0,0,0
49053,NA,0,0,0,0,0,0
49055,NA,0,0,0,0,0,0
49057,Barley,364.2174,0,0,0,0,0
50001,NA,0,0,0,0,0,0
50003,NA,0,0,0,0,0,0
50005,NA,0,0,0,0,0,0
50007,NA,0,0,0,0,0,0
50009,NA,0,0,0,0,0,0
50011,NA,0,0,0,0,0,0
50013,NA,0,0,0,0,0,0
50015,NA,0,0,0,0,0,0
50017,NA,0,0,0,0,0,0
50019,NA,0,0,0,0,0,0
50021,NA,0,0,0,0,0,0
50023,NA,0,0,0,0,0,0
50025,NA,0,0,0,0,0,0
50027,NA,0,0,0,0,0,0
51001,Wheat,0,0,0,0,0,29218.3292
51003,Soybean,0,0,0,0,404.686,0
51005,NA,0,0,0,0,0,0
51007,Cotton,0,0,6474.976,0,0,0
51009,NA,0,0,0,0,0,0
51011,Soybean,0,0,0,0,849.8406,0
51013,NA,0,0,0,0,0,0
51015,Soybean,0,0,0,0,9429.183799999999,0
51017,NA,0,0,0,0,0,0
51019,Wheat,0,0,0,0,0,1699.6812
51021,NA,0,0,0,0,0,0
51023,Soybean,0,0,0,0,1335.4638,0
51025,Wheat,0,0,0,0,0,404.686
51027,NA,0,0,0,0,0,0
51029,Soybean,0,0,0,0,485.6232,0
51031,Wheat,0,0,0,0,0,2873.2706
51033,Soybean,0,0,0,0,18129.9328,0
51035,NA,0,0,0,0,0,0
51036,Wheat,0,0,0,0,0,8417.4688
51037,Soybean,0,0,0,0,3763.5798,0
51041,Wheat,0,0,0,0,0,283.2802
51043,Soybean,0,0,0,0,2387.6474,0
51045,NA,0,0,0,0,0,0
51047,Soybean,0,0,0,0,8093.72,0
51049,NA,0,0,0,0,0,0
51051,NA,0,0,0,0,0,0
51053,Soybean,0,0,0,0,9793.4012,0
51057,Wheat,0,0,0,0,0,19991.4884
51059,NA,0,0,0,0,0,0
51061,Soybean,0,0,0,0,9186.3722,0
51063,NA,0,0,0,0,0,0
51065,NA,0,0,0,0,0,0
51067,Wheat,0,0,0,0,0,5787.0098
51069,Wheat,0,0,0,0,0,2063.8986
51071,NA,0,0,0,0,0,0
51073,Soybean,0,0,0,0,5867.947,0
51075,Soybean,0,0,0,0,3480.2996,0
51077,NA,0,0,0,0,0,0
51079,Soybean,0,0,0,0,323.7488,0
51081,Wheat,0,0,0,0,0,6636.8504
51083,Corn,0,3197.0194,0,0,0,0
51085,Soybean,0,0,0,0,18372.7444,0
51087,NA,0,0,0,0,0,0
51089,NA,0,0,0,0,0,0
51091,NA,0,0,0,0,0,0
51093,Wheat,0,0,0,0,0,15378.068
51095,NA,0,0,0,0,0,0
51097,Wheat,0,0,0,0,0,14487.7588
51099,Barley,687.9662,0,0,0,0,0
51101,Wheat,0,0,0,0,0,14406.8216
51103,NA,0,0,0,0,0,0
51105,Corn,0,283.2802,0,0,0,0
51107,Barley,3277.9566,0,0,0,0,0
51109,Soybean,0,0,0,0,1335.4638,0
51111,Wheat,0,0,0,0,0,1699.6812
51113,Soybean,0,0,0,0,6110.7586,0
51115,Soybean,0,0,0,0,1011.715,0
51117,Wheat,0,0,0,0,0,6272.633
51119,Soybean,0,0,0,0,6920.1305999999995,0
51121,NA,0,0,0,0,0,0
51125,NA,0,0,0,0,0,0
51127,Wheat,0,0,0,0,0,3804.0484
51131,Corn,0,17280.0922,0,0,0,0
51133,Soybean,0,0,0,0,16834.9376,0
51135,Soybean,0,0,0,0,1902.0242,0
51137,Soybean,0,0,0,0,5625.1354,0
51139,Soybean,0,0,0,0,2023.43,0
51141,Soybean,0,0,0,0,849.8406,0
51143,Soybean,0,0,0,0,8012.7828,0
51145,Soybean,0,0,0,0,566.5604,0
51147,NA,0,0,0,0,0,0
51149,Soybean,0,0,0,0,7365.2852,0
51153,Wheat,0,0,0,0,0,809.372
51155,NA,0,0,0,0,0,0
51157,NA,0,0,0,0,0,0
51159,Barley,13921.1984,0,0,0,0,0
51161,NA,0,0,0,0,0,0
51163,Soybean,0,0,0,0,1214.058,0
51165,Soybean,0,0,0,0,16025.5656,0
51167,NA,0,0,0,0,0,0
51169,NA,0,0,0,0,0,0
51171,Soybean,0,0,0,0,6353.5702,0
51173,NA,0,0,0,0,0,0
51175,Soybean,0,0,0,0,20558.0488,0
51177,Barley,3075.6136,0,0,0,0,0
51179,Soybean,0,0,0,0,1133.1208,0
51181,Wheat,0,0,0,0,0,12383.391599999999
51183,Soybean,0,0,0,0,16025.5656,0
51185,Corn,0,242.8116,0,0,0,0
51187,NA,0,0,0,0,0,0
51191,Soybean,0,0,0,0,1173.5894,0
51193,Wheat,0,0,0,0,0,16632.5946
51195,NA,0,0,0,0,0,0
51197,Corn,0,1821.087,0,0,0,0
51199,NA,0,0,0,0,0,0
51510,NA,0,0,0,0,0,0
51515,NA,0,0,0,0,0,0
51520,NA,0,0,0,0,0,0
51530,NA,0,0,0,0,0,0
51540,NA,0,0,0,0,0,0
51550,Wheat,0,0,0,0,0,16834.9376
51560,NA,0,0,0,0,0,0
51570,NA,0,0,0,0,0,0
51580,NA,0,0,0,0,0,0
51590,NA,0,0,0,0,0,0
51595,NA,0,0,0,0,0,0
51600,NA,0,0,0,0,0,0
51610,NA,0,0,0,0,0,0
51620,NA,0,0,0,0,0,0
51630,NA,0,0,0,0,0,0
51640,NA,0,0,0,0,0,0
51650,NA,0,0,0,0,0,0
51660,NA,0,0,0,0,0,0
51670,NA,0,0,0,0,0,0
51678,NA,0,0,0,0,0,0
51680,NA,0,0,0,0,0,0
51683,NA,0,0,0,0,0,0
51685,NA,0,0,0,0,0,0
51690,NA,0,0,0,0,0,0
51700,NA,0,0,0,0,0,0
51710,NA,0,0,0,0,0,0
51720,NA,0,0,0,0,0,0
51730,NA,0,0,0,0,0,0
51735,NA,0,0,0,0,0,0
51740,NA,0,0,0,0,0,0
51750,NA,0,0,0,0,0,0
51760,NA,0,0,0,0,0,0
51770,NA,0,0,0,0,0,0
51775,NA,0,0,0,0,0,0
51790,NA,0,0,0,0,0,0
51800,Wheat,0,0,0,0,0,14002.1356
51810,Corn,0,4856.232,0,0,0,0
51820,NA,0,0,0,0,0,0
51830,NA,0,0,0,0,0,0
51840,NA,0,0,0,0,0,0
53001,Wheat,0,0,0,0,0,118370.655
53003,Soybean,0,0,0,0,10440.898799999999,0
53005,Wheat,0,0,0,0,0,28530.362999999998
53007,NA,0,0,0,0,0,0
53009,Wheat,0,0,0,0,0,202.343
53011,NA,0,0,0,0,0,0
53013,Wheat,0,0,0,0,0,38526.1072
53015,NA,0,0,0,0,0,0
53017,Soybean,0,0,0,0,70415.364,0
53019,NA,0,0,0,0,0,0
53021,Corn,0,41561.252199999995,0,0,0,0
53023,Corn,0,35814.710999999996,0,0,0,0
53025,Corn,0,81948.915,0,0,0,0
53027,NA,0,0,0,0,0,0
53029,Barley,566.5604,0,0,0,0,0
53031,NA,0,0,0,0,0,0
53033,NA,0,0,0,0,0,0
53035,NA,0,0,0,0,0,0
53037,Wheat,0,0,0,0,0,485.6232
53039,Wheat,0,0,0,0,0,20638.986
53041,NA,0,0,0,0,0,0
53043,Soybean,0,0,0,0,157018.168,0
53045,NA,0,0,0,0,0,0
53047,Soybean,0,0,0,0,2266.2416,0
53049,NA,0,0,0,0,0,0
53051,NA,0,0,0,0,0,0
53053,NA,0,0,0,0,0,0
53055,NA,0,0,0,0,0,0
53057,Wheat,0,0,0,0,0,2630.459
53059,NA,0,0,0,0,0,0
53061,Wheat,0,0,0,0,0,687.9662
53063,Soybean,0,0,0,0,71022.393,0
53065,Wheat,0,0,0,0,0,1618.744
53067,NA,0,0,0,0,0,0
53069,NA,0,0,0,0,0,0
53071,Wheat,0,0,0,0,0,81341.886
53073,NA,0,0,0,0,0,0
53075,Soybean,0,0,0,0,216345.1356,0
53077,Corn,0,22379.1358,0,0,0,0
54001,NA,0,0,0,0,0,0
54003,Soybean,0,0,0,0,3075.6136,0
54005,NA,0,0,0,0,0,0
54007,NA,0,0,0,0,0,0
54009,NA,0,0,0,0,0,0
54011,NA,0,0,0,0,0,0
54013,NA,0,0,0,0,0,0
54015,NA,0,0,0,0,0,0
54017,NA,0,0,0,0,0,0
54019,NA,0,0,0,0,0,0
54021,NA,0,0,0,0,0,0
54023,NA,0,0,0,0,0,0
54025,NA,0,0,0,0,0,0
54027,Soybean,0,0,0,0,364.2174,0
54029,NA,0,0,0,0,0,0
54031,Soybean,0,0,0,0,3035.145,0
54033,NA,0,0,0,0,0,0
54035,NA,0,0,0,0,0,0
54037,Wheat,0,0,0,0,0,10966.9906
54039,NA,0,0,0,0,0,0
54041,NA,0,0,0,0,0,0
54043,NA,0,0,0,0,0,0
54045,NA,0,0,0,0,0,0
54047,NA,0,0,0,0,0,0
54049,NA,0,0,0,0,0,0
54051,NA,0,0,0,0,0,0
54053,Soybean,0,0,0,0,4694.3576,0
54055,NA,0,0,0,0,0,0
54057,Soybean,0,0,0,0,242.8116,0
54059,NA,0,0,0,0,0,0
54061,NA,0,0,0,0,0,0
54063,Soybean,0,0,0,0,687.9662,0
54065,Soybean,0,0,0,0,242.8116,0
54067,NA,0,0,0,0,0,0
54069,NA,0,0,0,0,0,0
54071,Soybean,0,0,0,0,1052.1836,0
54073,NA,0,0,0,0,0,0
54075,Corn,0,323.7488,0,0,0,0
54077,Soybean,0,0,0,0,1052.1836,0
54079,NA,0,0,0,0,0,0
54081,NA,0,0,0,0,0,0
54083,Soybean,0,0,0,0,485.6232,0
54085,NA,0,0,0,0,0,0
54087,NA,0,0,0,0,0,0
54089,NA,0,0,0,0,0,0
54091,NA,0,0,0,0,0,0
54093,NA,0,0,0,0,0,0
54095,NA,0,0,0,0,0,0
54097,NA,0,0,0,0,0,0
54099,NA,0,0,0,0,0,0
54101,NA,0,0,0,0,0,0
54103,NA,0,0,0,0,0,0
54105,NA,0,0,0,0,0,0
54107,Corn,0,202.343,0,0,0,0
54109,NA,0,0,0,0,0,0
55001,Soybean,0,0,0,0,16349.3144,0
55003,NA,0,0,0,0,0,0
55005,Corn,0,46862.6388,0,0,0,0
55007,Soybean,0,0,0,0,202.343,0
55009,Corn,0,38607.0444,0,0,0,0
55011,Corn,0,37028.769,0,0,0,0
55013,Corn,0,8296.063,0,0,0,0
55015,Soybean,0,0,0,0,32172.537,0
55017,Corn,0,53418.551999999996,0,0,0,0
55019,Corn,0,43948.8996,0,0,0,0
55021,Soybean,0,0,0,0,74866.91,0
55023,Corn,0,20598.5174,0,0,0,0
55025,Corn,0,116104.41339999999,0,0,0,0
55027,Soybean,0,0,0,0,96031.9878,0
55029,Soybean,0,0,0,0,17158.6864,0
55031,NA,0,0,0,0,0,0
55033,Corn,0,59205.561799999996,0,0,0,0
55035,Corn,0,25009.5948,0,0,0,0
55037,NA,0,0,0,0,0,0
55039,Soybean,0,0,0,0,68715.6828,0
55041,NA,0,0,0,0,0,0
55043,Corn,0,89233.26299999999,0,0,0,0
55045,Soybean,0,0,0,0,64871.165799999995,0
55047,Soybean,0,0,0,0,28692.237399999998,0
55049,Corn,0,42653.9044,0,0,0,0
55051,NA,0,0,0,0,0,0
55053,Soybean,0,0,0,0,27599.585199999998,0
55055,Soybean,0,0,0,0,58881.813,0
55057,Soybean,0,0,0,0,26871.1504,0
55059,Corn,0,24362.0972,0,0,0,0
55061,Corn,0,27397.2422,0,0,0,0
55063,Corn,0,19020.242,0,0,0,0
55065,Soybean,0,0,0,0,75393.0018,0
55067,Soybean,0,0,0,0,1699.6812,0
55069,Corn,0,3075.6136,0,0,0,0
55071,Corn,0,44596.3972,0,0,0,0
55073,Soybean,0,0,0,0,55361.044799999996,0
55075,Soybean,0,0,0,0,16915.874799999998,0
55077,Soybean,0,0,0,0,18615.556,0
55078,NA,0,0,0,0,0,0
55079,Corn,0,1740.1498,0,0,0,0
55081,Corn,0,31201.2906,0,0,0,0
55083,Soybean,0,0,0,0,35167.2134,0
55085,NA,0,0,0,0,0,0
55087,Soybean,0,0,0,0,57505.8806,0
55089,Soybean,0,0,0,0,13071.3578,0
55091,Corn,0,16875.4062,0,0,0,0
55093,Corn,0,45931.861,0,0,0,0
55095,Corn,0,34438.7786,0,0,0,0
55097,Corn,0,23674.131,0,0,0,0
55099,Corn,0,1942.4928,0,0,0,0
55101,Wheat,0,0,0,0,0,31605.976599999998
55103,Soybean,0,0,0,0,21124.6092,0
55105,Soybean,0,0,0,0,102021.3406,0
55107,Corn,0,12181.0486,0,0,0,0
55109,Corn,0,53742.3008,0,0,0,0
55111,Corn,0,46498.4214,0,0,0,0
55113,Soybean,0,0,0,0,2347.1788,0
55115,Soybean,0,0,0,0,41116.0976,0
55117,Soybean,0,0,0,0,35005.339,0
55119,Corn,0,21893.5126,0,0,0,0
55121,Corn,0,46377.0156,0,0,0,0
55123,Corn,0,36462.2086,0,0,0,0
55125,NA,0,0,0,0,0,0
55127,Soybean,0,0,0,0,67096.9388,0
55129,Corn,0,6434.5073999999995,0,0,0,0
55131,Soybean,0,0,0,0,24483.503,0
55133,Soybean,0,0,0,0,18372.7444,0
55135,Corn,0,34843.4646,0,0,0,0
55137,Corn,0,18656.0246,0,0,0,0
55139,Soybean,0,0,0,0,38040.484,0
55141,Corn,0,23228.9764,0,0,0,0
56001,NA,0,0,0,0,0,0
56003,Corn,0,10359.9616,0,0,0,0
56005,Soybean,0,0,0,0,3277.9566,0
56007,NA,0,0,0,0,0,0
56009,NA,0,0,0,0,0,0
56011,NA,0,0,0,0,0,0
56013,Corn,0,1982.9614,0,0,0,0
56015,Corn,0,27154.4306,0,0,0,0
56017,Soybean,0,0,0,0,404.686,0
56019,NA,0,0,0,0,0,0
56021,Wheat,0,0,0,0,0,42046.8754
56023,Soybean,0,0,0,0,3763.5798,0
56025,NA,0,0,0,0,0,0
56027,NA,0,0,0,0,0,0
56029,Corn,0,8377.0002,0,0,0,0
56031,Soybean,0,0,0,0,4006.3914,0
56033,Soybean,0,0,0,0,647.4976,0
56035,NA,0,0,0,0,0,0
56037,NA,0,0,0,0,0,0
56039,NA,0,0,0,0,0,0
56041,NA,0,0,0,0,0,0
56043,Corn,0,5787.0098,0,0,0,0
56045,NA,0,0,0,0,0,0
