33.80018947710015,134.41406409497637,694.2050048182484,3357.472460623426,34.52717742371093,43.56189498999186
85.6450741345278,132.91960073068051,648.336422679555,3971.3940680387577,34.37716752612995,62.77598584343506
41.1789415164881,112.65582902963466,671.9999554878102,4758.27762450781,39.39763419357148,39.89312205336421
82.55603740611244,51.44899814350062,784.2593505312336,3512.4143552301603,34.205487329382336,49.640213127627355
48.96614155312803,117.56646161285468,592.2695635068534,3450.6941130671194,50.435933626633656,49.44170908981718
42.85485914006641,100.69959652540253,470.8141901731413,4113.6795761615995,33.333298860167204,40.276047430370184
69.15909154320063,102.32526473375165,765.5334910644804,3738.676905988171,32.896878827202116,54.29296804466477
96.4498666326169,111.99089386530855,702.4074069546375,3363.579790698147,45.24629113188844,47.688885509318666
86.55266166693639,119.79128518103259,718.2335761262427,3485.8478783603764,56.867736011221155,40.72162647527962
81.48711277781277,119.55556119952556,534.9118722622253,3555.661126486482,46.68742625292304,56.956841487646344
80.63258464345465,78.24783204226492,566.7661273724641,3332.5242829949157,29.12703135893309,38.05526397245294
43.185931986186986,93.78803447666337,650.4062222014097,3613.2519854436314,31.91937007246447,47.68899600469739
44.5058838999915,140.0525885115838,357.54772033637664,3584.391572591144,38.4165491803242,53.656189696650415
59.727879666429466,74.43357615664685,442.7798145930774,3618.683800236761,43.00516888857039,43.90342618344498
63.597336281323564,168.2662087544236,249.99697680628293,3649.9825036243346,48.629807229231766,46.70871758532539
53.137885285819756,154.99563998485675,603.9086643882015,3287.7563519681657,32.435438323413294,54.25277143631248
52.96536998352516,131.7961537111428,566.441264041521,3576.3173774410925,39.23808555281975,49.66905566004663
75.89874210879704,113.46413570395589,751.3866656343198,3461.546927405461,32.03945545053201,61.927249756209825
75.57572008128992,83.37862512295425,273.12134641478644,3609.8637974817584,33.33329772018195,42.02208130774468
72.62765082596655,91.82133472333138,760.7033932170762,4381.076902875417,39.86754639653049,44.77172866056037
49.617064261415486,131.2816611378268,711.6928339443252,3588.97356974038,33.68091286469276,48.96634068320634
75.46850442064968,134.9466120867558,667.7374485128194,3476.330224389052,45.01082701015335,42.86212198338556
70.84856899501612,141.82881418978263,480.32514988138774,3004.849459662546,33.14682627250856,50.08602194452853
44.879526302755515,92.39561237198637,622.570347206497,3628.1037613255403,32.46058066678453,37.456790100337194
91.14397069494028,215.37816586289395,320.26494451266785,4045.8037664392878,43.81527778712111,45.416276632578594
66.09010278124636,116.74515589069145,587.3252032358363,4210.195394579701,27.92175768555582,48.19149946191244
64.10954927592826,122.00513496441422,589.8397114115521,4419.043342313426,43.345894787452536,65.3534323495077
51.84211346016108,167.9182437951344,742.3104402249118,3291.3200924929056,42.52753782121837,38.586072975290755
50.295929910952665,111.26190497318036,692.9564424153939,3406.8933949192406,36.02219695735547,42.26922966183407
65.15635696835285,98.34990190372653,314.8361695685704,3081.5747737762017,37.3628952786302,33.58456471554934
56.99445368489113,97.82913270215501,516.9479758332792,5211.411468262246,35.14817473593728,53.89856888233116
41.259554421740766,92.83264773722226,942.2039038143309,3205.360225945719,27.43963186009874,39.205813077220355
69.38231277797364,134.2354536462007,466.96500257024434,3725.1844665917843,31.3064560111034,45.26769092963859
75.88615555978018,142.0098525761205,586.059138340625,3818.7549523715047,34.03291408572984,56.29172915222698
39.61764108701567,114.50497629770496,467.53104540541807,4151.617195841276,32.333609531102596,51.735971710181516
59.25573986654898,160.66976560737302,421.09340619297456,3048.8222790225286,41.36953431603407,45.723648316016785
67.75545718722525,70.11785502116629,674.5448467371843,2950.7512491909265,40.183283985841335,50.55836326280568
45.609744820951725,75.18793832056446,643.768228080779,3484.941515129621,37.01553976421992,41.89126107075719
76.67391588138855,110.26137691172794,650.3906862942647,2898.089230536631,32.08156880706542,40.854397932538696
62.74207315914697,127.59597683032936,600.4382713168189,3201.1807544962767,41.40498230454983,56.85338737556627
42.51936564179158,86.98632482384065,729.9344324309994,2820.7615064199153,37.16410724534286,50.7099994059952
68.1580011662749,128.17847568873387,749.596750781881,3699.2556040541967,52.714415283303154,51.67320184124575
51.636044318288796,124.86843766725033,821.6847657977047,3733.2079653070396,35.531499966444656,43.901560672333034
74.58687910150714,74.08344481855946,592.1175914276666,3229.226876240398,38.89824393047384,47.38617438840451
83.37027639980093,129.29105681914834,697.9598687453353,3371.4689276683735,41.022086727799795,53.52569259286306
65.99662032192148,84.0307089013585,790.998108122267,3199.623176656675,36.948502953107415,45.25906939926764
56.11042298748531,113.56017752932212,553.4874623042222,3186.7673802141026,38.02954572085993,35.364744245258414
107.85635522657113,162.25572619407347,434.1194768109276,3524.096114704753,34.84172329986869,40.556910969849554
73.55950456558283,133.14335151535747,897.7828430627256,3914.9503279722435,37.108679912889286,47.39870834543971
65.37208806185542,102.16996661855254,957.2370481630418,3286.6532227353514,39.59513422082933,52.9508252134497
52.377499777711805,102.91757786324247,790.94740109072,3502.424264378369,34.300488641921895,37.313215496992136
83.6185610887876,123.36612276852858,494.3399953007177,3069.8756487401915,44.56042247494538,50.34350133547882
66.76748956166881,75.73554420405782,301.9821930690958,3013.38318108733,32.03766135063482,32.34470621158751
70.33415841824058,74.38867346758082,867.2533645466517,3101.123587593018,32.66552548841403,50.03300006607531
47.06831534582203,148.00101792113836,613.3419139890393,3982.7755560055784,36.08251814873372,47.8307637071248
33.78259055955611,98.6458392750973,612.948366109076,3181.5060601333616,53.69356798044312,57.52936537698192
31.583571779507622,123.4239129333524,914.3857736288177,4061.9984370156003,40.329867020067184,50.539802971848644
33.987834000126014,133.08884834177837,543.237085300637,3052.597677087983,54.153023652631134,39.08886662817924
42.17221200402634,96.02011387973548,839.6765768733558,3056.146525924671,31.10263003030903,45.18551982974025
54.346635101503445,89.5410056882018,357.66793789433626,3786.1222670278935,37.59548919031718,36.5399153286677
74.28810457016945,115.99864510033395,834.5032226095136,3442.636779544939,48.013690128915,48.49834472244413
36.39903716109012,62.84394141936851,1183.1325188685175,4068.7149442675263,56.94159236166117,51.47209703298908
97.0434135936969,126.33651369733018,599.1757110135304,4094.6611611849353,40.311844133471524,52.70516836334646
37.79586160831809,78.1320395971873,441.1735654962772,3556.900133040164,44.36600257848498,45.06255858421471
78.3925131896672,108.65323559800451,978.8935707923786,2697.905072482934,39.20108829873824,58.14775455526067
94.33271462935681,141.96350228535533,595.477716753413,3079.1145728594793,27.345981742692697,42.80914382962349
45.31550715153012,73.39262413629781,303.2284687183762,3389.319071753062,40.49567720115686,40.73291743288753
59.34403543808958,103.8589996098802,606.0598693107632,1927.8349370739088,29.684634776316756,45.816691685696334
84.1490464752105,236.34932236778872,638.4550120167022,4724.258375173972,35.10967052116866,62.69958172569552
108.56472695773436,428.64580710982716,1152.842703208035,2321.5383182947326,26.546855555376652,39.33133108520964
45.75093600275009,107.00399675265416,1858.7187578513635,2622.9814194814244,46.18239335407708,64.8195381524524
118.5181602330833,217.96799811786977,1731.8590746915568,3695.048307657865,29.79253574695435,106.36979416889343
67.86670275031325,167.89837646639455,1359.5730710007365,2760.7471901283193,37.83412233823589,109.4931131086715
21.51735143373153,92.81204582530236,251.07936741451243,4556.918751257624,8.549817008675252,83.96327039404527
101.42975445727996,50.24746597756435,5973.594034874217,4212.584892009656,11.053981096223481,86.57411522486227
60.62311919526384,51.82710044862074,694.0574156038626,3969.52220963544,22.7733274211788,60.499353345370295
66.65571173743403,167.12632200864792,278.77174319024124,2023.0119538048893,33.33014397443101,30.725976425955576
73.72002091090542,111.62821611089323,839.8492486432199,7255.396997522637,69.3568982574301,244.72410546803886
99.31759076313304,63.026533641690754,2960.956348295159,4286.089057890558,21.178150668542834,119.83648448501972
62.150233911827755,266.81355344741513,540.2569698828793,3760.1926100990604,42.86800868456631,41.12317180757621
71.51677602269949,157.3994342983035,1562.0798463660067,2446.6305512427975,25.888451577975314,36.34184571213492
148.48598328069252,117.3316355565908,1297.605855235505,11660.050739717202,26.784124051700815,136.731120651024
72.52037796252031,138.32978443583983,426.9456810345875,8526.822128243259,57.7150073131199,76.83185927585521
49.84777379388376,128.13319996753415,667.3248983058595,5977.021787248819,50.09252792474224,79.01828806208218
121.5501620794832,125.46496263423178,337.9933706114179,6577.904201481317,41.40626291920323,46.82870534200347
115.75483350905127,144.76391814544988,190.8972228560608,4983.744724977427,46.178295450150586,41.254155462882636
74.66905384029934,169.11015069014567,260.3823015964712,4603.234597855715,40.07738688351526,46.583104232056414
69.69225102730519,127.83338809748015,371.87026527425866,4708.51726199169,36.55280110462288,59.3256038222469
94.43935853273646,74.98565868108324,298.77386698202497,5717.21930623747,28.72473511027804,47.66267607793945
85.26222904814234,117.85820520070179,282.66856769461856,5527.5358261192205,33.78126460607591,37.27171266983056
64.36057290694978,207.51064838162523,514.7290626062593,6693.6502699214325,64.56041214037512,67.9600441073088
33.76371861709374,143.85249394523902,294.50672279046603,4562.4737177878305,39.47546904585466,34.97203426952791
68.1737914170419,153.33918684300946,450.4959853677512,6622.14954860335,64.58438067422124,91.97157730363126
58.638820667967956,102.69007057209694,243.17737105267787,5865.943429348031,37.20162792485036,33.77323512515939
50.09887803362486,119.23624498375543,197.63658030438043,5755.988175936098,31.86896159436095,58.77494256631263
65.15030213538496,113.53864143279375,278.0621409898469,5440.671475442464,27.207606339796474,44.51907337831261
53.965255408623975,215.85813234488333,567.0223531217434,5149.252080033354,41.945753242005104,34.95563916401194
98.84574631126432,99.14473733047211,497.6977636038829,7325.163376599016,56.16046708792557,62.47894914986491
73.37357974188167,186.46487910866222,315.598524270493,6008.227241241027,44.24083836606738,44.68074173490733
55.56313956689995,133.67874029527655,454.7384423743095,6636.857252476902,46.699726106662276,72.21119004119886
52.09315559864374,112.55702322452768,289.9834590938891,7513.235027880401,60.12829520054172,75.32728710910162
51.761618632463275,100.27462291948582,248.51937339379188,4581.142802071577,40.84275157232881,44.02346432517111
31.139426207672443,200.23905187995456,601.8711733369721,7157.187929086613,57.298390535312514,67.80639653943626
58.74435960830183,166.4927494712644,662.415343643391,7222.150347102768,58.239438693968324,54.2339408199713
55.99601391011083,96.6908862142225,284.67774892162123,6994.867193653979,63.84737406841681,68.2239210722433
81.18325227133793,89.51321974572548,436.1924640328666,4252.102967614273,32.1387363090809,38.982486793568214
57.91194676567228,158.26547924942673,404.0851848931293,4654.992031355955,54.73740230201945,41.24682258811914
43.921344171598506,84.92782703278303,314.14402024188723,5498.083595518884,28.82342767905422,30.131872619659685
74.9030844337536,82.59408183378847,313.69595607045693,4389.786645875252,28.51327565848942,29.08086140921486
88.01196218716849,180.41446051647807,531.9435112320585,7003.174773441695,67.7809783717436,54.023668277401896
48.900568738627825,137.11490025845063,485.8537017905087,4785.225025683318,27.731026789947208,44.87275509372346
59.78582216103952,182.60154863345124,575.2820748300394,4781.716407619457,31.368895132344655,26.426866408982114
65.40699808778228,73.05363990115666,653.7433867938586,5478.96834483403,35.19198488756301,32.88627913222785
87.84013226784063,119.12594962128483,427.32851195980766,5852.510928623793,51.073094024240035,53.7200824670396
91.42019919870954,179.11883795355672,335.7492534722787,4982.464637031982,35.20170132465368,48.40448077689261
61.918372355491286,199.67464927789902,222.61906340809682,7107.134989274525,55.77280890883037,54.97519393197011
40.92258948835017,172.29183590377994,511.47088089478694,6810.957551225797,52.129085976071316,79.99554235243247
96.58704685866464,217.76334408695888,588.9373984589672,4164.100704079206,34.22260789264456,46.66983507622105
72.62271414403622,165.42571536619758,741.4918257968172,5216.781370570798,46.066508677869805,64.67601813629231
51.9675484693463,149.75137172917692,336.3951630306608,6790.9682069827,69.18037778825894,83.69966583844645
51.99194246216511,190.04385678878285,529.2075547238676,6647.785939013935,50.985229227360755,69.77996664558961
75.89704989630971,171.11800643472992,926.2251524321368,7549.032061986856,57.439888581027375,58.60101309867523
78.43468880805405,112.83577775946894,356.8424025095682,4360.165062105403,29.43937249340727,32.28339756537856
114.01334478537794,225.5788620979274,509.24047934249086,4895.545989648337,42.191179757023214,40.35422180940106
56.235810201901494,216.0475133007197,486.5965962773895,7553.794858084856,55.84407603763401,59.17453844599074
93.45160707415562,88.16366858587752,254.06914526909432,4643.139850638278,28.005704405276777,43.00481687060907
67.78067366549433,90.08892172998925,293.33123005291503,5051.31006824603,55.867917753174254,35.87430375212816
59.62216265211099,131.41789403086904,823.4803305763253,5602.734204047793,37.83493361960619,57.849290680843424
71.65878813438931,129.8781996969504,452.25269651500486,5832.234345204034,47.00099752327033,70.72262932484094
37.25045610640487,160.67416008924738,588.3130218497074,7240.183726972378,59.94117193481473,77.31463674388303
64.6080316476264,75.42526513436563,234.1004138991499,4956.728803603112,43.247687496955315,55.030598398970184
59.53831983459363,109.96081579864372,420.8597691862772,4220.250312320457,23.785646970619347,52.602489525051894
51.94248450025992,145.49088115962417,207.2712567092236,4285.365321288433,51.96530038843139,60.302005428543374
46.911243021289536,153.2429273977173,230.55080864063493,3961.967993733878,29.849138888967055,62.91930334291635
69.92702650546775,143.2050211613105,315.8247973889121,5225.207444780603,42.09004767651702,63.73968651513752
71.98012318116727,168.69881958471692,563.3509627737969,6658.447402801767,43.53995678591995,79.70247196770443
86.78145504153974,86.59356211526202,396.22363736625704,4989.570579256413,41.41366358398605,57.042920004000806
65.49443741711347,152.73603785645565,592.2868992666238,7662.982248217527,67.65906805447634,92.77802069899195
45.458161755696764,149.30935958480066,209.5524373194853,5536.616631065893,31.978133405560293,50.86329537318465
44.364216967678885,215.8699143711071,449.1578937903813,4949.535203393241,47.485751196081694,41.651573718708825
45.08403714197764,123.62082113736747,396.7439439945149,7744.209315582702,54.75947379700572,62.574289588428464
43.09009775364176,151.27893917234238,599.611414261394,6482.709588314329,42.6750489839416,67.32913150485567
77.79057138423352,174.8629402513102,285.58082169403957,6394.6445576436645,74.29779946541592,54.82156178307689
76.60087364245484,109.65572276091697,710.7067308868405,8048.5782443052685,54.29258273209007,78.52666041220836
75.84796511216214,101.95759610619592,196.45484596091782,5755.122788412647,38.507206736547,64.9074985342491
63.316267688764526,136.5060484733736,205.9128165749061,4489.7856666442585,22.775802444356575,42.618850310975844
67.72698264135637,72.49646228512242,184.897196894592,4022.424786797739,46.566512918223985,22.741582810550277
59.11377051843054,116.36229479369642,398.33223690833114,4842.513598961634,37.36871541897087,61.964691524160415
70.10701347042618,62.62575777705941,204.79907271923167,5137.502073998525,36.20484246016338,18.791123156582096
74.43054118060451,95.88496925996454,291.3540219749535,4342.477443866026,38.76374040793745,53.505445444645694
41.01693311691842,83.674569098222,319.24747503444087,3882.2163408231595,46.75371237378326,41.045312156578376
36.177109847926594,121.60670004033037,391.01442198171947,4419.117615389214,37.71159754411195,48.86008932885162
42.254137579715334,137.8227876739231,322.04007065879534,4388.830365400718,41.33536580166821,32.31454445417688
58.31007674196555,105.53686373300039,162.2513667417742,5287.450901550203,46.16344564210121,32.43357464109973
64.25711090629736,160.9567824263351,189.70572521797797,6122.0244730953655,52.70536673672192,43.37462298490415
40.43285387838624,152.0735180654278,381.35629642691094,6480.470414836365,53.22720412641468,55.70605375760026
53.085836210156444,144.36154991632344,291.87142699727826,4745.424407223427,41.0585740010077,43.94204421697706
51.021666204313135,381.3165943756486,729.870112175674,2105.8704521595278,29.44695729691805,97.52517454683192
32.491024545550076,50.02305907616182,171.1333700955336,810.1031000228029,31.35322674766822,43.09489816927572
60.43382503512828,154.73539856357812,694.0234569209763,3361.9797683931706,28.417667003731633,59.17604881247591
86.64659073615913,88.05472742191013,1489.7355723462022,4992.456156880455,40.31146138214653,96.62055109804253
29.293679524994598,69.7606170944641,271.4491393659143,3488.1014068177915,32.00993537416812,54.54123544115843
64.53823394393949,168.47682470327862,600.3484063631897,5101.587185934533,51.60686770746604,177.63540698248957
48.25355864164164,309.61610310430126,1857.3728695478592,2796.6817828354506,27.857235771613404,101.83156426287024
57.879796549994765,28.047379163569737,592.2508819482731,2446.966599429623,32.29225688460935,90.68751597767529
72.46002144555521,63.802468457585555,133.52255340495898,2904.608347246897,27.157262646755367,35.18848736699191
90.56546501163875,233.39207335033387,442.9755330361713,3136.827125988585,53.23636400708439,105.32253911514765
63.172957201386154,131.5997408641411,348.1049912886827,4873.0099306258,58.67886905675846,133.33331942303377
67.86156378734431,37.742078340241065,1197.4907759482758,1764.66649940334,24.187822456157683,81.08210318475884
98.01915250744428,94.94215760724889,4512.962003571332,7451.524899963602,30.436930173938084,95.52231460020592
44.910604329653395,81.15551068033719,1229.1908651283961,3547.022560160476,20.881996191823532,41.79703935050409
74.5818701735851,206.07826739173737,556.2384132898203,4479.621728401405,59.12649324775283,123.19529460599074
74.39291373455343,95.28277235894993,942.5615657250164,5770.015183830548,52.48592707935232,113.61816503585119
42.755529992933255,91.07751475216597,294.2599831426305,4181.300462702503,17.1081495832325,62.19997142828538
61.92376555939874,154.0321942784641,126.45323438825457,703.4274907620227,48.749466790022275,56.81424834019971
40.00529230940302,140.1298222228131,1011.5169168545772,4002.4539767427423,40.02530484755168,59.51758847031632
95.14399928590572,149.20924778400672,366.32415141529606,3191.2867165631405,50.754370551327824,119.83345287169466
71.23640579854525,73.83572614229823,1027.1726002348776,1901.0539627340454,28.441491850753483,82.02137054578012
27.657721258164777,32.73509243460457,407.47583215122637,3155.9232720531863,32.382523967725746,34.446859515651646
55.042911628351874,44.696534457741635,1479.5925623615103,2674.6790297524576,17.459293541069407,93.84330837724983
79.70408420659962,137.7779568604971,439.7143422075993,6039.25213052055,34.86061234324323,127.14167708898717
100.77101071626704,104.63601309860049,123.65726134487379,817.2893156847443,47.946622496522046,90.17467495441764
59.22109568020879,91.46191495637709,230.57355928175556,362.9208016449652,27.079331927649385,57.33784866064328
35.11634065430603,186.38368203360207,2809.644472581657,1674.5315931228918,32.266220716487645,67.73861248358793
35.46670960888355,58.89032808129927,403.83284394194635,4574.5144981987,30.703607062820726,29.0997541888428
73.31527642837,62.0650198648426,239.87499787813994,3114.8070934072116,33.64328583634603,43.20341393270239
38.40291794884472,105.27231817879385,1344.3871995606773,2571.0428311041715,23.187608369714066,33.992500799200585
73.44457167367804,155.74342874173206,551.9119786180562,3095.601835722503,38.48664963809467,57.34799937108045
41.11097533904454,63.82080232126522,268.94409298030826,1512.2309222776228,23.349288715808335,34.922807982935865
20.39298678638611,88.90911189567574,1005.2065051826714,5268.153843480972,26.386662664661664,120.50343427074752
82.81757640850424,124.94584671506223,850.9787944159194,5627.557708734434,42.02028185203488,134.1707605010153
31.12128175705186,13.732147178579856,556.8784013025582,2500.3738574940485,31.40215400036201,93.67669579264785
21.739006835103552,42.03718187406942,669.1286118197586,5276.7971306913605,12.79863936727987,23.32927114770769
29.31333200415218,37.53860971674615,852.9391836849196,4289.339374262021,45.076946285922865,62.858466191888944
129.89104023286416,37.04881847313813,27568.149016991323,746.5053547243434,16.7709023244179,109.39101128154269
83.02579940171654,147.4082078264111,1172.0181866408209,5050.850232352738,37.09738066661453,151.41084884377716
34.91437537493779,107.30290386389397,3525.997321077645,2902.788772858102,18.058081866920464,49.56950030065907
47.08861903469174,149.9031001514696,4973.979338363412,1138.5998203774384,16.535110363603735,48.134965731333196
55.51631663813707,30.044349482240523,1667.668636794584,1624.1981865622465,13.71165497582852,66.93749138600772
42.69326410639651,163.80331744062184,1296.3456943466263,2684.656926762224,25.50479196852576,127.09389184423722
43.38374928924746,47.69790507647501,7769.61673008309,1839.677102585802,23.41336426661014,146.93744784068735
58.00427953565477,13.719039415314938,184.74090602404902,3799.8200207890177,53.88355160731028,111.49987856692883
26.93064808003736,33.5041497104471,153.65904710066098,1455.3253263279132,29.11894001076929,56.138378444242434
91.36651005548877,45.25630470161705,183.68533171764233,1074.1881644310356,26.023008458186098,103.97679375962089
47.227833849419255,171.1214606910696,1028.3454933740372,4104.888058679944,55.96910003112721,99.58158397470994
45.50267467570301,54.731672431892356,922.9917994137113,2462.1509320606315,31.808439358149087,92.04599701826797
61.65601216341598,115.05872638656733,615.9748309300849,4970.222333208896,41.75399862532131,89.60231123894127
89.89743751438357,123.686877320386,509.66606003226605,6009.442765028417,40.3379666025142,141.490592978998
47.60765974634948,176.84093123485792,246.08050802460002,3430.723170842824,39.516927342733084,69.45666563419846
57.76070024766724,25.22481517738847,260.4005806519232,2242.8724583402445,32.06385493407434,43.14343049570903
75.62491274542717,254.15020375282,439.1194320489943,2907.717993527947,53.87993872436762,80.62929500185885
40.745575310175354,79.87561950588858,450.71562487864776,2589.570483810234,26.041380439121287,48.200531770294134
36.86972661282675,139.3406827349339,1992.9400875698534,2059.6106622038883,16.428222893803866,24.836861978616856
57.41941798777956,121.05784332973933,645.1861422256956,5081.479400514529,43.57520284403195,157.9770352806691
62.11634071949288,128.9871985052115,477.57303898456996,5204.202926399024,29.13189476888605,171.67146410248716
64.74631616429832,90.75440558239292,104.33473622755514,2594.9964812998364,45.79876578155324,45.07194788113133
227.54554653241945,217.20025130554495,75.5943677820326,1558.987337667892,52.34279215983636,115.4652146610168
54.308106748987484,79.76351910223585,221.8258770169585,2279.864607917165,51.00087858387582,34.96453887407044
166.98817259673257,58.90255025462757,226.7187635997073,629.9068221563268,52.53253087585923,44.78332154484132
29.284653355349167,160.20553051894694,263.7191200360292,3574.6094273534427,61.08939832784112,59.432069384338924
81.88992398869793,103.26711683355101,159.67981174854978,4332.599439455882,68.04752213390987,115.57244545428371
178.54422895098537,208.82967539532746,321.1058974441081,582.9510717297054,56.6684098729314,49.15039257354971
134.41363242363818,55.42620629743472,52.539583582890714,289.2992391687498,39.72020351128496,58.630427300435485
33.49675431418358,73.47119477286137,105.20706482529606,3692.690185707482,53.090678572865066,64.51828755154216
93.00336152343714,82.62652890080024,53.11707301725495,133.74656972104543,52.616068818985966,57.62734817789469
155.81806510102075,272.6114014127969,153.86434957165395,490.04172375106043,36.26982348493995,149.02865793244035
152.29760744377467,276.34290893566657,116.20954717381362,623.9742127607121,33.05262830910987,152.03370690387302
69.06406629047497,132.01833664717842,136.61248795716202,3625.5907342360647,72.63927342819952,71.00146550576162
119.92606545597592,37.31997418393491,117.75120579586732,577.0206623631133,29.103790698183992,38.55807737105797
114.46215506973904,196.6907401603648,231.43570706931305,1078.2023427388633,45.81433467513716,83.56659067147763
73.24645399543999,231.43785686111246,123.9035788485506,2064.694634779178,60.39644865418048,31.937406359527575
203.56939194689957,81.35924329742222,158.73377344061066,640.4230317955371,48.5940702097052,21.52975170244498
94.26710146871974,215.51530180713797,230.0470955891389,1324.049007218849,41.376151272514896,38.81625616987204
107.99884226628106,84.73731211809347,51.82819697184785,218.98883285064053,56.47854262305477,66.26779417967327
65.43757786204448,62.201544028021466,87.06279761551758,2412.926787481324,48.92015705594453,47.367863323219765
63.12151502454996,124.79120720458113,139.10607480972575,1998.1942950977257,39.902177536264155,42.12760588461579
63.141546239154216,26.023079192115084,235.27556842223058,1168.6437141646943,26.986190876654245,48.55606404323894
95.16501231217464,130.37923079215253,107.61821786136188,490.9572741854233,60.14743365386935,25.907229637057405
201.5353772960812,73.14022658704508,71.55683620358292,219.3901311681856,52.685894422423075,91.04125171161562
116.77130839809774,37.502788443373035,48.73336074015489,187.94715471936067,58.40011393717525,27.54673873568361
206.22547335417534,206.49164219834438,34.057790438156516,289.520442861627,39.04095135630283,63.01147698243243
146.74468899221355,52.09886943687768,38.77631542566542,162.66691340008353,55.08620590319672,66.98454079581249
71.06637389532746,298.88390938498276,313.0190988842754,1091.0274463736505,56.46626248427425,31.81809378326983
90.50463706407025,115.24247388156837,45.00412094645351,185.32340454133055,68.30873290184125,40.523564379948255
82.50899832622471,200.33450482308854,407.6728296750183,859.8436692596324,56.33230331020785,27.948064399067597
36.457503364947286,46.907330730732646,128.6591917614995,3341.594070271789,68.37987101831807,57.75663161753566
62.15878772404072,97.82014232728136,96.92133503891469,4301.369509703712,75.48529006106985,60.72510032313943
102.29812694939972,24.567272778000508,36.8932414658356,104.80731623162993,39.39572242660904,66.09941503428779
121.7043698631207,99.79551779192263,66.34348619471754,678.1084280028352,46.75706709077581,15.786928562921275
104.80056774920476,157.94482434432956,64.90949378870025,507.78975808640087,51.214805064762025,43.72822818430537
96.47371647218985,213.60299329131095,691.4504007903176,2612.397916835559,60.16583542300607,35.47142427929929
53.406942939504745,71.23170118225298,75.77675488700147,2870.489160682407,45.50454976418767,59.27623212295307
40.53498457175431,78.57529794342392,35.50267400161913,4074.001820855422,76.43402422066576,52.657684550767144
187.8566942193169,165.1727356314721,124.45222769084576,1041.8236068457609,65.41817655347964,123.2535481458801
162.95090417581065,37.07827701134744,14.424381481864037,200.48250952207073,53.97418334300621,84.61299585368313
66.08101908048133,300.4338249577412,143.3805483191716,840.5437872075569,53.68333716760576,21.9708929352877
104.46784176509387,145.73050706372865,319.3620478083694,1265.9023753389292,79.27861667113082,16.44755972530928
98.45611980612314,548.6929892170938,156.8281873924718,852.9530884073914,53.354668627960244,87.77965347733218
37.4156500144821,105.88172029959367,31.143714185129237,4265.526003857701,56.70969641789478,59.10243844813435
72.65291562353714,190.5031183020124,93.79985496545793,3410.189881765048,36.96380874918877,130.78404831918914
254.5357054601909,101.74780932170071,81.58520441798461,348.18099709660964,54.01342581001502,20.77127579533372
109.26106989017785,18.024239297208595,32.73855550549696,334.7864317260864,32.11287503992078,53.32365154673208
43.27904917936205,95.16693605175097,166.14868161904164,4183.993609528364,91.87214595786503,59.046995956051106
139.33037774914578,64.35661529757837,45.06437463238493,147.5422572370574,54.921388843072315,84.66519643885394
50.32718388704738,109.52647956635228,178.0856035751204,4653.367202186652,42.25994088890583,63.535418896366664
81.36531713702749,244.21544621173615,107.74768886817319,2993.584884499115,56.04158071244768,81.46010436665206
72.24824979255176,272.9097115592825,226.7198893747262,687.379604784832,47.569125593554766,18.373559863542923
202.457036529415,163.51602158347148,33.860771886723015,545.1310945430496,48.792039080432104,111.74779694765807
68.42920487618568,73.07004030590747,34.746520994740926,311.63189221748354,75.81052801415045,26.52993674492878
250.65562813866927,222.13430537057303,36.84702055429316,539.7949476373235,53.45944376272483,120.87809015878653
126.0063870931559,39.45228647340461,51.162186701532626,134.32076139276757,54.64197238522155,21.342379903496226
76.0420358749535,41.9404311629962,227.7004813460881,771.6878094833573,62.52403668503856,19.604797554487757
43.50827881112843,104.20890565098755,44.22043774726684,3462.802745161584,50.86150896344659,65.32406516020149
204.9044476546481,93.14233407478588,28.450810368106083,100.43124496117015,48.753120293324216,51.72955689579678
72.89837119477677,27.00585054560428,65.4541104833123,519.2991251754926,52.03155023570675,56.95514778617634
53.40304908799616,65.00507111221651,25.826412015213652,3167.8093169894846,75.15447628111431,40.18824811534758
123.42921096671839,170.18875308547553,75.40409761964364,2890.32027457319,61.02948109762717,58.86443627885196
99.52747227619928,155.6384380116563,50.61626387600985,4026.5053567108125,59.49247326920664,62.76240880397095
104.2173321342477,173.98239197360573,194.6321619929934,1885.3389798417993,55.45755713663047,131.79207325374986
64.3782021646505,140.6980027207472,72.61190280520341,1934.3909309391497,33.320105352249335,118.55213705125598
93.42774392400761,131.17129914861442,85.25024495156616,1440.9916279149536,41.080884111778474,79.03839002079246
83.90225054837133,154.57423858071144,62.22023659473603,2267.5824485987796,33.10624164231646,55.266146436049574
71.58073109972692,128.14076269586934,105.32751103824862,1923.3842249585796,49.1610401055226,76.48395516381197
64.73030018959669,448.70967497160075,107.0299846232443,1755.2935903824527,52.54557993594965,87.43747730391519
70.88597341703186,133.3904358667773,95.40845555469244,1656.9690734343872,60.621974605006685,64.52540700067783
128.833675649959,140.86812594810073,58.67690333721911,1888.8233327540352,32.82472297867631,61.938594289301555
85.31643963995461,164.0822827164664,134.82089017897727,2896.368129052975,59.08470575775986,71.16866402241793
81.89573709837609,195.4979267778847,252.30461460109078,3089.087468566815,55.12393753973506,79.00836932056869
76.41802303782669,170.14507731160458,255.93019592166578,2656.3675891249527,59.6127990665668,77.29757279910987
83.27637546474908,132.12734952567033,21.107972411313366,1585.9229944517472,43.07563271568324,192.5340352499038
16.258976422150006,97.23665063555893,420.5433704661381,4967.40212292984,33.97878162386576,41.671250632963634
67.88291243184116,127.23335193683563,243.8465959972898,4759.946768281663,36.16177228669179,101.41625486126787
36.21651870185642,101.19896349752736,311.1532440506339,4491.235210328157,24.93149297239476,37.49848142452068
55.45332322074121,93.21497043776735,690.620085539466,5238.805120938456,29.30253096924581,58.52990439014085
85.45325657920459,65.7223899239689,132.10864760215185,4592.430475791867,18.427174724057373,65.1522810447141
71.78678723166314,78.40443230031319,101.5030075726949,4226.9774357920705,20.561625361608147,24.87231616507851
41.0476688579772,89.7541314790085,623.6578314337478,4516.993521499783,30.774018048657602,55.141399574880474
43.729475422635275,79.97165569489194,301.29244524963224,5091.946294213795,20.009572594124883,49.46490845238084
65.25939559156602,44.08661062785476,461.6226696464957,4580.312985783259,39.023325082844394,50.186918429841086
61.51033646553553,211.02279791721384,346.61998371776457,5293.536067289735,20.632773733175643,92.27554759605987
49.883789762017,57.78519040527438,191.89928089453485,4566.397708054364,23.851577490740816,63.84556104373185
26.443256263306075,69.23897192150385,449.8277742904817,5469.581963723432,33.13373177281362,55.916772709259625
64.16572893216967,44.32658048355778,301.7283320234918,4707.984646332965,17.51623083018329,33.00412129443647
39.00028808299134,63.45696785039181,233.55718267362914,5110.517017097858,43.842526769277036,37.462409378103544
75.15704689556948,107.38615058610458,169.06493004556847,5256.213194634343,37.80458144029851,44.70089133756433
67.76986468202726,103.11516634685881,439.89585338648203,4619.8178299093315,30.834623356640435,55.76668054563491
39.0263342517853,64.13861617913398,250.22610037199553,5333.030645089881,19.460711791570297,76.53217548530003
39.61553064363399,90.86183798107056,308.4485889367688,4195.450446137389,25.115356234112063,51.79805125215531
41.162888663174755,67.5307544893871,398.52769165262566,4273.972375544627,31.943899831759325,54.754024067481
43.87951423920943,107.44671335114465,810.7919076689634,4703.258051373234,27.9642322317594,44.53133967027394
26.35992606096037,66.24176915179582,362.1951651497313,5294.931748300997,22.970109433029428,72.05671266727984
35.612594454899956,52.75574308160842,998.0137763777396,3484.659507035108,35.10357079821064,61.29194259192495
43.77452480131538,113.69597338000965,668.6433388957129,4644.151147663237,35.34257355843822,49.304658013946224
63.86851913313645,121.98733237592674,1153.11566231102,4939.073269890301,24.146900994364707,50.05097894656415
38.0508152513544,68.43595978466571,214.08969546116268,4197.64150435265,27.625852311803452,41.88786155136359
34.797227023989045,259.3831004667354,652.9750801587719,5262.183258159635,28.694943480667188,59.13045265144304
30.67989241495126,52.97410160899877,357.6080115682874,5604.805840054315,22.28021406370066,51.31231861351834
34.69032140255696,89.17365184640218,635.9574146143298,4435.867766917232,15.932698094601445,69.32552530540403
56.65228964916167,80.21426039616888,511.315378618496,5038.279080406071,29.880021167973062,66.97785046377841
74.21405950917291,222.12127578585282,285.3846557508467,4268.638499632066,24.35973749147387,75.04538576074155
34.70420107154556,118.78019370607635,729.0863707043452,4651.761359651012,32.15748765163006,46.971284177873976
61.82943941049067,96.53972087961704,547.1436558248579,3699.6147929658523,30.336931646435364,45.454340899416685
35.28135134848693,86.75993086150268,523.1803807545367,4782.565183246229,34.71377484323331,35.812291799821324
46.56648524475807,112.58071712787412,618.2936525155471,5345.197762770795,28.770313120791663,52.925080149283
30.404768656570308,56.63472458726211,217.92071183203265,4556.502764676144,20.843469994533073,42.11998892297934
49.60179213086087,101.27055475316948,491.87974287844315,4445.473614594577,30.04524109341072,74.24416493259454
24.594226350506226,107.70529847355533,719.1580800407617,4672.458626995208,37.370764001082094,58.3614384392737
35.62984021627694,66.6081564075962,558.6321160659941,3518.455124131769,33.3766847209641,45.26737873036599
43.47346277239889,102.33819194672708,449.0573600865664,5920.184283863013,35.91785223261712,57.38548021247609
33.98973566754684,63.13611121078062,333.0990926211044,6208.3404872102565,24.168957234385502,25.453199254750544
53.07213638997276,103.06215882098464,738.942100833879,4795.448487024644,32.726066951197666,32.877975963761514
68.82142225191662,146.81474327763667,316.0771601484675,4468.232289361243,25.02904212414868,67.40866817175049
0.0,0.0,0.0,0.0,0.0,0.0
0.0,0.0,0.0,0.0,0.0,0.0
13.113296148313612,151.41036857882042,506.3449765558988,5798.593841623041,33.360603509233634,40.17537871989727
36.740610507751036,82.84892822676146,478.00377638350574,4598.218396023979,26.179859339135287,55.51962453220658
27.96610995264074,158.22967752516536,246.8936803721149,5001.071685929978,28.955965031632967,60.325095560399916
39.105056421530904,91.56346116607747,215.82872247459528,4883.568447915684,14.377614688345542,38.55105167453824
105.65864647324933,93.33374288692991,327.25708132749605,6305.421120386192,29.8577891941623,55.67878306125975
49.957811059275215,151.20072785153235,366.2957513188388,4366.223791896532,17.74467740485118,73.94516646112189
22.087277293760177,129.50813944842702,321.53214068212037,4717.9831692671,27.256171010228478,54.82247053401854
33.9288596335934,39.39209959268028,241.77388804561787,3697.6451860629522,12.552769281962354,33.47949462506183
25.012778488240805,97.29036903119484,383.3158147478555,4216.292463323932,20.380230903103687,66.82910849497026
71.4103937184332,134.1859350490422,536.3969562421871,4397.010752087193,33.49555190240964,80.54975458323439
61.85836045422111,74.51277408230794,516.3164572321973,5018.675654041466,19.219012114590686,85.8583970029031
88.98369686689058,112.77497931796707,663.7885355529694,3564.206564617575,17.693481560067003,80.13335457203728
57.985685532693154,56.70219486002784,538.9729175387185,4449.992822517628,31.171298267601987,37.32305642986268
60.667785566526604,220.4029944163968,544.4211763030496,5059.3425435229365,22.057567490422112,41.821514798788186
91.74965023889163,73.2643091411391,701.4687891468461,4497.365976143928,22.96045033997754,36.231798711008246
52.055844880246184,87.46295503617691,375.1247164996146,4810.646560353624,32.39638346606304,103.7833381105357
50.18268736561139,91.94363372427222,569.2401431000906,5281.540788317246,34.642739812327974,46.27611545937791
70.7166779513917,86.5757439415627,667.2956120745682,4313.930084510434,27.967723872500187,72.00606420828309
65.44201670141283,72.09278897953126,633.3397584249815,5624.951054628256,33.39417198917958,49.079925094801034
86.02270454205589,72.31704218695418,627.4079098924874,4758.903768048792,25.89396807047541,88.6090596228015
28.24896967712208,46.717419175311996,684.213037349549,4471.134639313187,21.27265741968555,87.34222706549454
35.0751445257457,78.56892171698561,539.2478417142386,5293.94449739672,24.94483320001573,49.58842642924666
58.06994740535936,85.04538802541997,601.1601820734718,4639.185806061056,33.598163963258685,52.26450201198891
61.01794833869756,89.87657089094087,684.5344937798243,3697.2894300220387,40.40819951285556,67.14688034478345
38.23565470698606,143.98195362461314,950.239256545891,3927.5531009127735,41.73735350463697,56.195512364402155
90.80098719487137,98.68590570416059,562.01933634989,3913.212100440428,33.80007050973592,57.60080681378819
42.307265190008465,240.23497992644002,1447.5988722959582,4249.709316103921,50.328187670807246,65.33007936938846
36.74835966780807,106.50742342948129,883.0169314116353,3309.8637680715065,35.09155271049302,45.61850761296503
46.81991289530855,170.8307132023649,354.91727579622466,2869.6632309010106,37.29762316205614,42.056365360639795
55.217862840935354,79.74287510203655,159.8203450166198,3028.9384553942673,34.97492259413469,58.60475108621758
72.29199455413293,174.8881453829926,552.0412926746678,3323.0043851893765,42.499507410567745,61.7450179208102
47.64533709171368,168.79900644442858,1129.9372053341287,3973.984917484181,35.36052016231507,104.74819088088407
122.19910538418021,113.13419554224645,881.4250471726433,3632.83666728889,47.07464740109818,72.1944974587523
51.0465457866983,81.94456001631114,428.78772543573785,3882.2548734975558,25.358829109991014,41.0677656093807
46.29697357699214,167.04113846659658,1053.7310716902148,3326.8142669655,34.79882765224515,49.17635154883227
28.607660356734733,79.80660213464974,293.66072731085717,3079.8946961361116,34.027518230458796,59.9108531351554
43.92103279475969,142.2920540196679,664.7294191904957,5184.116812147512,42.31772355730912,76.15329577677451
37.19762829644946,94.01929108583852,684.0810598065295,4573.011631806937,29.93367371092241,59.627426352867985
59.80014777402478,100.58171882036515,684.5913678164205,3737.5515924497095,31.480041842151394,56.366182668125816
50.62183164206469,204.48215321998322,992.2209513653895,3695.7947700375107,40.33512181340985,50.90681069911195
99.06381954191724,83.60321019352642,220.93984250666193,3934.1771989087524,33.30056880433667,51.07695490360632
73.54678381280173,263.19080480593686,1154.2323114533392,3176.9859199886982,43.596531337353674,96.44675674854643
56.6711462618314,67.75055839597671,321.7055692908767,5870.929748081102,32.2681164290288,62.001172095701875
70.98842477537482,134.795503926752,897.1120257807819,3572.5626099417627,46.10223764309289,52.38729604808352
92.81060031885583,118.5408892446817,418.4747163238018,3263.4846682735088,39.218916424046306,55.897195626507234
49.9126196831388,86.75073672576919,528.0473724886765,3728.201673926799,36.18238191737255,47.12224917882354
30.81093606087764,122.59681435951181,480.59715583257275,5296.749046685603,29.292603557756404,61.08166802957303
60.47703495774041,128.4274888870452,525.9889559436758,4743.23746367419,36.734126666302814,51.29795882212729
61.71192348070711,69.49563419664966,251.74600639944669,4124.808480486667,29.08511553730263,42.962185820893254
70.4923077776288,101.15329426875786,434.7085289528089,3034.623585814056,45.83305832332693,52.44521738373824
44.532062633176,107.7687725058116,274.40810624590324,3347.2504866638214,34.309288567140584,42.384167591133306
111.10190325085773,115.66514265767492,619.192447560011,3447.0204943905183,34.83390806162992,64.17303295404773
85.94221674930185,130.49651296441186,1215.0703405139104,3437.6478329014267,48.40410676978744,77.66984477778922
48.034655979480235,48.61547007805154,479.1951625633242,3018.0314265499087,33.758829338348846,36.20647862577147
26.725038137881665,110.26987876829496,459.1947756811096,4587.317913470379,28.849353505661252,59.70593315251746
71.15823472641983,83.38492858138972,444.4208082184524,3421.826446348149,41.213530144655486,60.13218102667154
51.60665936054661,140.29680036110454,775.4914597871585,3113.4024377700016,37.16863717962828,57.229996504965996
37.46235510642932,158.50354674085767,1408.680013943494,4072.0039325692037,41.251316068360694,89.66364430979954
90.87323578257023,101.70089125265517,422.67512904029456,3269.621443138213,55.517166268912334,34.62910519778346
73.50651527542666,181.69667711845722,1001.656812135701,4492.614488219272,35.23673148858669,61.469900809736224
48.13411248626436,98.71303712507797,594.974102737214,3152.772654998992,35.282610879354735,35.76105189553345
76.24492229748486,111.17326764881336,532.8052623805871,3224.730300061833,33.644284286780845,43.20019545643352
36.68559754782713,145.50686699652013,868.4919123967645,3812.211386177657,44.21374257629757,41.415059344021586
63.56486642130115,125.44947937448198,385.09756686635063,3462.2650365931877,49.08910126190852,37.750129300064664
67.70248357767414,201.68604039614047,343.685604569078,2862.14527052732,52.67471185956985,58.91119356514348
36.78090565511246,223.3800803187418,1157.14394044715,5238.239039451192,44.17485361833913,68.52558028426449
40.609175812669676,77.81341118980917,460.9233414218062,3236.0254516976524,40.78234011594802,68.28502131101656
42.38776330322029,137.75574021261943,939.0845413247171,3780.502609474968,48.46794404462359,58.373619452297156
45.19555811925801,131.70066943478957,874.9329418468808,3722.1047304487247,37.35727161489611,84.77550686537275
46.432710855348894,195.58158003960025,1266.5598617637206,3755.591939443172,33.46027700389637,89.05352433464047
50.15777864764787,80.22187292764079,299.92722152759507,3927.6147063716207,38.95651720100827,38.29439292575855
48.81021484211204,211.03587222267902,802.6611787578124,5967.248902696587,40.309864175963796,80.75456755126272
67.56787953093149,166.94893174052936,1274.7258334146713,5196.776422653134,49.17742356922061,59.35722417857846
53.30148696837604,133.07229307680956,590.6250022223227,3652.9116530837227,36.487311689292945,51.28323833135504
79.33392086361624,214.37063689414202,807.3425228254434,3789.63826590206,37.612910974371076,40.20094220961639
83.52786634879307,149.42858952846277,848.7043336797509,3431.4923411750765,48.8960805831853,62.2323111680066
55.10376771294193,146.98324165317638,830.7049719523814,4092.5258953902216,42.102741802626504,43.580761792546625
55.4734420355205,110.75244410608892,282.6839009143822,2651.3903541116397,54.49231024947716,65.27067839886413
40.48707577565237,122.06714035304712,310.7782385288966,3495.766526495161,25.844371945773428,53.13037211782655
52.783886922714906,122.34696628621381,545.5239083887687,3168.0079946327405,43.42454384826253,39.891630213281
55.083893668030136,96.1965873472747,642.5552799996836,3250.4033424747295,45.04634622592675,50.893431872206094
35.0337463883169,147.14188036548393,396.19666081491016,3324.053226309448,38.256311075182936,46.27063804017871
41.258013392126635,104.51103688445536,789.7083301608205,3001.655794439531,35.660913030471505,41.41940992769595
54.12358851942656,81.80111507867841,318.2386293206083,3014.7432323480507,56.801351666037306,37.93480143323383
28.052793028058204,119.28545698208063,684.2657988150133,2772.7335790584293,37.10085851325967,47.503836657495334
59.650298369822636,96.27821198316829,212.43963794007306,3249.7942041092842,30.410622431036387,39.249932891585836
64.73339044120439,170.97407697944408,395.25899749131696,3625.808915010198,51.67264398259192,61.36579228800194
50.51853972451766,178.64197133352104,831.3802877769689,6111.448895579209,47.156741070338406,89.78099789435247
41.6351342156906,128.9717485838177,288.11189712220295,3450.5337461121585,44.5032575129804,71.11254159155533
54.11002031426278,59.25859786923304,333.96396224566695,2638.367911044577,34.700934481129664,55.46305732675455
52.941360014419274,111.68457049653875,169.19282631932262,3088.120825624315,36.28475030251385,38.84584353418149
84.78347326460863,155.74020518145227,343.5347637722106,3405.349801144007,31.124485012377466,40.85214089416212
45.105555809658455,88.0640877907813,489.97732672988843,3790.01532179914,38.736708289269714,35.744596875731915
54.84065177992305,172.15559871378278,554.7684436024998,3498.20921534654,44.2631397262623,55.78586972536965
61.03659384941379,103.90524108464828,685.3717454998421,3957.779503139986,42.3676401438025,63.496191431979376
65.82646826856453,171.48618927608538,475.6113912159846,3251.7639326792555,40.05875303451719,56.741348369516324
33.493390457350124,117.7449347398345,406.075132719601,3142.8466632270765,35.54341289836553,61.585708199164856
77.70008302765056,99.30833550934766,531.1831580213229,2973.291334870226,29.695461300917135,44.95694869443463
53.30137918192039,99.45677930559016,1124.1024858657306,4104.918262176178,32.4522137838562,59.062171483396185
53.18131216197925,125.13317549783933,720.8780493491626,4009.005682157189,46.116066827749925,66.73697693345254
50.42075021494648,86.0707855332971,360.28456899467835,2932.358549225669,49.02431038949718,35.77959145859246
37.97333872813464,157.24284314098514,503.7913469992612,3538.484193102394,33.82880807030294,54.25459486832955
31.64719839197175,132.45013781692174,990.7423337759407,3493.198681970282,44.369627226428214,40.26390008474944
56.456611042572774,301.11124920481495,1112.8964445165057,2962.2328485756434,48.64056064342789,63.140538162082315
39.6428151373263,141.44758622410185,1040.764435484531,4538.505781459222,48.53353997221433,65.89104594461917
46.58249413071725,137.7699316079707,1504.51461267096,3981.8721632197244,37.49895364253269,47.79733007067876
56.87741428732694,50.12591576994896,685.569009366353,3554.3200746142647,30.709678589232205,63.9362914370985
57.65369640685926,212.0678921963945,920.311178576929,2967.7362890984245,40.66670450295514,82.68606125505718
105.44524565942238,112.40367308081105,951.6685065556651,3564.3363308744356,41.87899990584682,69.89737484243494
61.273743476854634,127.09989552638271,944.9741159837515,2703.3329830703588,27.97872974874814,59.66650763861096
71.66557919490857,159.44228967843975,1255.0087178240651,4339.968638527456,54.569730747633955,65.19051678993587
48.571730735128995,112.86584848216879,283.65604140219574,3923.09432970137,25.69548687078652,64.16923191233516
80.3155508191562,118.95625758398,511.6522005563177,3968.737799561883,45.18295214440934,37.79414418411228
62.94529478934985,111.86123953940606,394.193127600404,4259.123751719223,47.61743089367544,40.56525431492353
96.16957696275117,123.6842364166863,644.1910060561834,5260.054742811577,37.77063248169761,64.14284202111998
45.61220451174619,140.51593732698782,205.7872921067671,2550.6423569110375,71.91350907746562,35.33021401841123
72.93695837261677,142.0590172038972,710.003042635175,3063.2309965759105,36.41808580605806,36.922215954037924
41.9760799870312,147.34287968738002,971.6136638961443,3229.2750848145556,28.41563499637988,48.20557295737058
101.10074844939527,119.67569487116552,687.7809496601769,4287.017742970087,37.672328586965804,78.83719583718558
38.22298772859922,145.33486276212483,288.7175497686738,3249.038474883995,33.270289219396524,41.349719890163186
33.13163430441724,143.00363495667256,731.1671095914064,4335.814459508949,35.034565164577046,53.082187088149226
50.865492675238336,106.18724048314546,412.92284076693494,2884.224718144686,37.75123852419063,47.302322974296295
87.30776942186135,184.47087789703008,1571.2511330161228,5404.081776377139,54.739347960132406,122.06463723245278
34.08927549259103,192.29511771618746,1575.885354395772,3724.3143460170963,39.71853458958554,84.18054768443997
40.91332644424851,135.8013575770103,937.8360833579056,3156.1976407459797,46.09212319952383,41.16368585206565
33.83849781548355,122.38805174194631,752.5693680079282,3375.0590683942683,32.15358179125303,62.59576653454559
40.807651497254724,128.88662283911196,504.6587906587899,2565.858935245423,36.6985571215013,44.77350336638677
68.26900662098984,146.9405290295099,457.5976095018992,3253.4717053387467,45.81290577602892,45.137008866603196
65.60961365682344,115.36828898466436,1081.7382222293083,3927.751961072586,41.36683257650107,70.03800336385784
41.11436613314736,116.33106062140294,468.3153849193901,3052.8863034230203,24.947739997178157,48.22809726612825
69.92554439878452,160.48202892856577,476.73372071460744,3587.6500915181214,39.4481102723886,50.01477994202425
45.17587041026353,120.78331813524487,405.5378639358292,3274.727826687348,31.841246738378793,46.52602855802547
38.727792057735535,141.0730586596943,498.0595577758001,3100.209560340754,37.249538418166,43.126735142457434
43.414142522875096,101.28355056434279,929.2923319609264,3768.258714782331,26.359113891753225,55.34273779451646
69.81139841739476,84.51834805509675,429.25022970265866,2539.598655584771,34.06814756752627,41.785168290821204
76.27428974307904,182.20451296827054,564.5323473597141,3457.9981422060605,34.15337620917488,70.68521041411347
29.994322473426326,111.19138438647806,652.8234295225018,3819.416282572021,43.89364118729137,53.32828161137509
76.53108718622033,162.89951193069547,613.3568963517848,3149.025664937398,37.504564199198015,56.14269602978277
63.57151088072703,178.79297277594657,928.5839261582117,3856.989853353613,28.64979815195622,47.83309544632927
55.284732815521764,113.15171637061121,736.2682064199835,3446.7808343524725,31.78969910556865,67.32813994191349
29.95258737182997,132.73646065933667,818.8230991393564,3323.274542603662,35.10548602268439,60.84323810534282
47.59670782571716,131.69589454745798,455.36606021567286,2457.661778709676,61.396113351737085,41.17997753675934
30.25155016057779,231.2263437443572,1315.0880674688353,3292.9927602874595,50.2759504526777,83.09394442732824
65.1588897380719,186.0424522878434,673.4993879597603,3199.4104930995004,39.11193719438199,49.88985185955435
38.353220047941534,73.49772051247163,381.8264857030995,3431.8124613929913,34.04887387230956,26.856254550814356
27.42784160003115,113.46937287759175,589.502521502599,4020.2967565393433,29.795330480804232,58.70181376282643
43.03507028492124,173.61689350484681,994.7105337889867,4375.420072124614,54.940847536604664,53.46917764697152
45.431342552877155,195.7571966601343,1006.1576021782263,4243.470654467868,52.44326203815037,114.58856801264415
37.12129827350392,81.9866396841354,557.9362218290158,3350.7438754648565,40.78610078122642,56.3777564331539
52.26571677929428,100.01120011678402,402.146627146189,3104.156202257817,44.7571739909407,44.98384156590284
33.24567774672278,160.4577242791369,895.4303695157672,4061.6847738863507,31.339228092512474,72.32705242408652
70.94482078011414,197.48688401934425,634.6673654170835,3236.103969505554,41.29507070900338,64.09912267025216
52.35201777875593,129.13661405242175,269.5805597973434,4144.61599203147,44.0489896512059,52.08257848727502
60.41053254362673,126.08420760437158,826.7377364991895,3041.1718681831508,34.76092215158935,49.95721237743711
49.27047348752759,120.36239599948752,651.0859098844887,3708.1830760126854,44.63016980705666,59.87751775339159
34.996969233547574,145.67590398495798,860.2421168799067,3315.9975413776606,35.52930532238283,47.679804758245794
56.69788548126762,194.05942767340133,820.6639608009909,3985.5253942506847,44.23607563939021,47.03518180650675
42.034732145430276,183.68427066389785,1049.6503521064442,3858.1968057862155,38.736057584958694,86.42520569272669
59.08442580017959,110.46290291039767,776.0367985089122,4684.560887368605,45.82474489396154,115.82643716033947
33.01864864765268,206.3418738669212,1223.3529715256334,4343.528596076732,36.39444394022237,55.56916004064923
90.74642419151687,153.96169100520459,702.1677719446429,4153.014352859738,37.900040359320045,65.45650267563668
42.43672718446217,97.51286922130916,193.2257089330937,2736.8739704935915,50.39345461120006,54.03321265327244
50.11788275251763,129.15563755216692,1051.3244874476377,3743.510603631151,38.338793272893014,58.95969806791559
38.32265514691173,77.72724166116771,379.5701727188854,2839.5093161121936,31.646370253066884,59.01255878910492
105.85424710185279,135.21878917181138,693.9659562818176,4066.91595617595,32.595523983133916,60.18385745184624
55.66133601873946,161.51683885209485,899.4402112355181,2877.523773095031,35.22200504152772,49.696805859256685
101.05930772110368,116.06300564307696,254.36802762823467,2257.7645382438286,47.64743740981082,43.20543368383555
38.27019074408817,139.91613905777584,739.1210479278359,3956.0125837653904,38.22739431569978,56.753971126020915
70.10365996191946,176.22176731497808,1020.6474079757954,3559.8339443644713,53.4085220412378,48.92279541154309
88.13191237945617,58.83197803261768,477.747034278276,4058.6867555037434,32.75880103630071,35.92797254238191
26.836701591109268,92.62168530208163,674.6414074530841,5743.076639219204,43.87170672258008,105.78843543271073
39.426395073069024,78.26653237775301,530.3686349215391,3303.436455447371,27.237204910174434,38.335809852900645
69.30534995462136,145.85726093545196,819.5175538593861,3365.4851497537966,38.4886979577059,52.16327368600317
56.383688142846566,101.82753498852925,715.3174878248544,3488.243443087438,35.67975252460702,83.86691598433158
55.35792299331698,199.98836247938146,967.0327074532754,3902.358444422174,36.68771224899142,55.3906705271274
26.64567050529495,166.0024925327018,794.5751503047621,3133.309472335647,61.667598638071766,62.64529999864946
58.92671751692262,175.6863067232442,624.7042955030649,2582.457105080338,60.54755263361985,45.20337652975193
68.02065966017713,121.45254477216604,346.1371442741145,3042.849276624654,42.70472641026195,52.89043194706935
68.67364963740789,167.4097555913646,1061.1909458262705,3682.944253201408,38.42948410198496,74.61229297386322
46.012430202467236,176.84406037699006,381.5396851995175,3808.471328160164,34.3124674904294,45.29121975445641
94.6170541318734,149.47359454217693,773.4368419358432,2927.6125972672753,37.23357732501659,53.199301597027294
61.15617018527896,178.58401275004442,1285.6345433249073,4173.495464610287,41.320008545624304,76.99323641609318
222.59671812155503,241.80074962999296,403.5146888625194,1725.0125840627093,69.58443984661244,194.2419354312118
137.55085220427333,96.57065065105047,48.637636486677366,658.28135877214,42.14813775248003,61.95102685201465
139.58160901972377,219.03236997000795,128.94143860239038,593.0463332151703,68.48760035154821,57.4014509317383
95.77567724886181,234.80184684744614,45.691878235589265,385.2150584672977,65.07691526430611,31.571338798463877
106.55539540872307,67.55451126332214,206.5022195389678,625.0757332574047,47.59323663723386,69.54001462498283
219.6942088233321,168.20630249954078,67.09912612062033,757.2049474556443,56.375551658754354,141.24431762873152
150.23727390970373,39.968204343483514,38.8334428710876,631.1473914663061,29.082303750560424,100.0128383693271
205.9993834608103,44.2940268383682,63.70158111307146,642.0988033647207,40.1025001943719,54.25254256932876
102.49937566034585,243.5537840798382,74.8378989037009,491.9389574968458,36.31518142178241,78.58705829427267
204.32896786957375,406.9807134414468,87.08148282706404,498.2480369597407,52.00926915265143,77.48115488315602
102.03729808929509,97.0590622794075,42.90691677372351,479.2371232011175,50.537812921803074,73.3418285786354
158.44076033673656,144.81444067487732,40.120106015323266,796.8196869422156,56.51793936715528,102.66001808639388
73.7242659253172,65.73140474529042,23.24033372897921,664.137128728248,37.245577613273255,24.466433776152233
187.12924085348752,424.04401021418363,355.12062376669445,1964.9075457163642,52.42198074387643,239.24050705600894
139.57971880829422,150.1750780264473,103.53500813251995,411.70869274802027,51.51354813825388,57.31001978392639
185.3232327885068,289.83404509154326,84.95913262225892,770.6955886194834,53.02578450849054,126.15784962885445
178.35680821038392,109.45383096717553,61.35531098079819,610.5983026786092,29.971500790318494,112.60514771586568
107.32075888286235,103.00327175878238,134.01559411394615,558.1583250243896,51.48119198800789,60.53376031798915
154.87729747285152,62.31304317849409,23.664134362422903,204.59526609897367,38.06508479369113,99.41418657870706
117.66858617628975,246.56833009715086,114.11006127681381,1287.1414509583835,52.00630963827909,139.0387209361946
116.85026803905097,287.1906023492423,107.89950990024454,640.2431146293919,82.47178976511493,51.70342790868551
189.32118284524165,102.96721431751234,59.94001443318683,581.6542396865133,60.18603682959508,94.43879073358332
210.8786646887154,130.57617888419796,165.79504364183964,1284.1252538205422,57.15803992485737,182.8241497565462
170.03672265726198,296.360706718904,299.74534719463475,1688.832191105906,43.8038341639556,202.46464534730723
99.32397649910135,88.28686427374907,110.83506327865105,281.15660735277464,46.58071592387446,83.80132940056879
160.24943789173588,132.9602907592586,31.525141863313774,1281.458700811505,36.65175883335204,130.3234533222703
236.77452686030443,263.5660188118875,307.37226711766976,1526.8901484904923,65.08541504019298,193.11428684920247
131.521576853235,43.309098344709646,106.1790790266011,709.9307840945223,42.321434919152786,72.40016224515912
78.8168927501363,68.81093539131385,236.3680148762556,710.5052704189486,35.140413377502895,82.26340801509488
137.63633505994923,88.07009941873602,41.5180886128956,242.82749867241,50.50923480612288,72.92839473145106
93.41306475602147,158.7983618564165,223.8800416055928,477.8033205133106,60.29225968464319,65.23636521042016
193.97630745985865,199.47968419957687,107.93758341727974,1400.4477027822588,44.05192718451737,148.9588058484579
134.0672539433155,31.385302018000125,37.528716119991756,530.8071139544264,60.7250003948612,93.3271421795571
188.50101427062197,128.63258677241214,521.5549066462956,1154.6455024604725,49.94197200993787,155.62457695595816
99.52567160960987,70.5212983265081,260.4218984968969,807.4741119434286,64.06220740125856,72.07377933384943
83.93574821594896,137.4507262179284,103.6617682759593,734.2653081196247,63.10888601867562,36.88314783460894
126.26653787418425,285.8045771829901,290.988525063032,831.1183659361232,62.25589004164215,114.73276087878335
116.5917463061721,374.6076505899151,77.02309704530903,2460.947191374858,68.49325852471225,189.04288689423785
185.12608119729583,263.82655881471464,80.8019899620055,647.455197970897,80.84487051402246,103.78990764407968
117.02888146650375,64.11016190619485,111.63648632451427,585.4644776982067,37.65655404343461,46.695113424076695
146.07585522313903,101.59257259144924,79.40076596524004,383.10648040831455,55.64087264561457,54.98102545381916
205.7373047318115,212.36412860818336,193.72168318131378,847.5403142513594,60.813920904486835,137.9587412739099
136.2187166511002,27.63964227927965,78.52680901950279,259.0068530708196,42.972993803201305,70.27126095628917
97.52185765243091,128.7681514768568,87.52002365976492,1443.2345316460473,35.27793543296142,112.98374971032645
74.26594261806788,153.46809855973842,40.42979744960671,6314.02523382353,56.44618505633734,66.21679083774067
56.439703622384414,175.51923050757608,72.55426774822045,4746.699720549801,43.421957220309764,49.62260145108188
71.73804788025915,224.20884778278,312.5649286113802,3151.054595286616,51.6275274544635,64.25825783528892
107.94173518656585,199.60594436529806,65.0902481175154,3710.125448476738,54.283092945585075,92.5109400092678
58.58939589670755,144.23714260121912,38.755652312161395,4207.037314842343,50.632281855845726,62.22790470865074
66.9687746205511,166.6478164089666,71.31496415846067,4406.5349444799995,57.64834577737095,82.92493748387058
71.27907719000285,158.5650193373664,103.40573057455816,3685.4126881636184,52.99197715812128,70.02917019593538
100.67622098591487,226.11252116180935,30.570883844597486,3612.2080354485247,74.64314612522507,77.46119655489852
103.61240361009463,190.98487929783724,158.79766599112222,4302.334477238278,52.008167938188286,63.04135004843073
66.83806855165791,182.77613101329666,147.31579098884708,5044.972993213607,59.61055151990447,84.57982947475742
51.88855992401234,155.06003916330914,46.65577433551208,5120.717052727511,49.023006910946215,96.19393824938803
107.6126698310899,167.45886710499144,372.247683990099,3962.192743710862,50.831079763845295,68.2500103621345
58.62460890124163,170.21254019435455,125.94608761332827,3750.8025570213076,47.61491741760099,67.79672659526037
60.94290829332626,158.7695520640725,141.41699646389063,3629.616143565283,54.113681584203356,71.90340488087114
93.3622392163428,213.66659457324118,223.5966976434228,3775.4083730319967,61.37360158859549,67.38381067606012
82.76609681235234,167.41488860028005,134.86492053444618,4161.210289312746,51.49842359172929,65.52567328310894
47.103349430751585,166.58909345094526,217.00884837855537,3900.7220980769953,59.35674492640847,73.70088730772486
55.56970121234448,170.90094029699634,100.77360813108052,4108.020220633068,51.8063612272213,69.63086724615826
63.7512567620664,189.70819264730397,36.295258071535066,3466.21061534813,64.67005606263533,87.49805142141425
69.1098187392264,181.26849095686353,149.37312167737014,4261.372014629309,63.881893807509144,70.82710400313384
55.704915443145566,186.23229784728431,236.4429790240804,3650.5739509297173,58.327604628812196,75.65953264806407
57.3255831622357,166.753201884074,106.08989257893847,3220.7302910321696,52.63989029960737,59.245072549302016
58.06112093583364,163.98124058455807,127.29183783683558,3662.10963787771,57.46106381906342,78.35485014774068
55.548765310552184,164.0206925662768,237.80338963847186,3594.800200219129,60.445814858267426,54.32219245826765
76.37822964020549,157.5123133259504,105.9257761864158,3404.7156977628306,52.97047330347648,56.29429295816807
86.5085977437008,128.45746759137876,437.329591281021,4796.09835986861,58.08308766710966,66.5575377427148
86.82878583396617,172.9812987737001,97.01820165940967,3186.7614888109215,55.888170621470024,81.37652529790623
79.29871123177331,145.18514771451464,200.08390149496444,3527.8745724441433,65.90899281303288,70.58244499777179
71.37253572492675,162.71047165045542,178.18590492814445,4145.074531283482,57.83430629399087,65.35964770711477
78.29958111621585,164.085413123723,246.11503120807978,3713.0549610902717,52.518308153126576,73.75531740696928
97.40068219320317,185.51194024564234,78.549923023981,3918.0205492273317,58.265708940212804,74.94644254573075
71.83827786127586,200.62358436718276,57.70577526907325,3397.7727007704298,57.87637695329878,69.39981879296934
47.47864889025023,201.4791441698012,163.46106084350052,3362.7566026336426,55.481837333233294,67.66101859943606
61.15117683381518,146.69680830435328,51.751291608991764,4213.7197226093285,48.62963237136073,73.07104446848061
49.47320550487545,158.80633705961216,316.4029066076097,3784.87559833949,52.630977223923175,67.5165570351318
63.43829754822658,195.30142911559952,74.59391056092633,5182.676641917156,58.404169583532585,64.75426208007306
85.97562212560344,150.17319605655481,100.877798693122,4547.106032676537,60.30728652515654,76.10702137370677
86.20230514779757,173.4507115164337,37.077165935146326,3398.233533048811,59.08846247295527,88.53131349686507
65.1905056455154,142.7452209695353,403.3393533346226,4678.13728398831,54.070417120607715,66.14331402407916
72.56119477278503,164.8609821039478,342.5179160927658,4028.179730849571,48.563560969641536,70.9604488147814
64.8896048222273,142.29215048989357,245.40161932210972,3358.134415467494,48.3403939762286,66.0301526214982
69.47613440048941,215.83633756920895,96.23773059749367,4110.260312266125,62.02487753073443,71.31557463640165
65.2559385212261,186.1182691891293,24.18397334813159,4227.619336256938,78.16358992984313,66.59501682702506
65.5709404027128,135.80241665790282,176.18081808180798,3949.8877083047455,62.68148495372941,64.24301425463821
85.03360740162849,172.0867528183685,189.0505707243225,3871.581320263193,53.80219626501351,80.64593073172182
62.78537210060897,172.1574915593587,80.12118237039277,3884.9449133980584,48.1064997204878,72.00844284975128
62.85771744903392,217.0737904430197,120.3314354862752,3564.3332808862083,57.95573130895311,78.68816885249757
62.15124504832962,156.39967226866816,322.3527233254827,4408.380760482539,62.16808712872463,68.89883257835709
65.60236922404279,160.54121160829854,41.54829107543481,3153.820374182664,45.523383976940195,69.26744114909376
68.40392472843057,230.63618520006935,83.07611868143816,3636.3356812051375,46.147320014388264,94.81917143146823
77.1671783171467,138.5322150749141,235.65115473823312,3331.556758057746,58.21341090925672,77.40451148168195
73.97431075437332,221.47594582376172,81.96133183518424,3438.1928825236705,63.832714306998774,80.07925919758455
72.92360666094264,154.9694657112163,50.780655155956836,4166.949593154782,65.58597735110155,84.34329108010088
82.61395905194018,169.11162153469098,112.95653363572303,3986.6419487615194,57.572537307599134,76.16942885589489
77.44584248892924,194.87623984519774,91.14265359382141,4642.826646563426,61.15721171603762,55.13283043407496
68.93448762290646,162.3708410945305,25.58586861582559,3700.32706596375,63.214777840134914,80.18529693664297
58.699048997046326,240.83994148884918,93.79817928263358,4394.636908128957,64.20333999510396,90.40576672587437
54.995039000032705,223.73362541720508,206.95690198739695,3397.3377200121367,75.3865708746901,77.80714554139892
77.02072917742377,173.52068552515527,292.52218965917507,4405.603538060881,45.170299550815564,69.99303683848494
80.67999187533708,186.52653252869501,341.3659315069635,4937.203710264274,61.65503399248716,71.23355023125296
76.94415414116236,155.45639416199225,106.28243944510662,4005.4659033574876,58.36072343467636,63.79485668819984
51.04356860465411,146.296482317326,223.6071877321379,4330.898976917014,58.8813297418033,69.36524740278792
68.63045968586405,204.97394052323813,57.511905790385626,4881.498418394125,54.862635465136144,77.37587849129058
73.60314430356019,149.46457171780276,276.7807185234033,3899.6355761623067,53.97913595158847,73.57574520785323
69.28420529823634,204.76574390247214,130.0673040280921,4252.479975322642,61.25445606510706,74.04435967168948
80.50247341009666,188.7164954789343,52.33600571709691,4651.179391396252,57.905060082259766,72.91769129732845
57.631803394663834,172.2985451115084,283.8115117132591,5330.4143065773405,42.19997189002861,86.34024829524809
73.12480499044948,192.05420304833592,125.72484031930844,3729.9038533349935,57.667991375172576,69.01210665397225
73.84077057144808,204.23471700851158,200.29372403886444,4367.448121711858,59.149827781274645,99.90812399825248
78.80475634833337,227.6534533503641,490.6249850786355,3407.1765450375324,60.84792511680306,63.75297708766986
89.83691002320045,178.0318163603782,50.06098257683796,3897.0521421318654,58.45085890674211,76.97565012473657
81.19105794021331,195.50818063178923,97.85789836167854,4350.978926093942,53.35838461254424,62.49953995261577
43.59432763034838,160.05901739964028,211.3987088910592,4407.000030412377,56.35789205120801,68.03315148812446
92.51535002522618,184.952567777404,233.29221264702414,4757.7407016701745,68.17226125202882,77.37016472214931
73.85532147300583,158.35951163043813,155.08898235780777,5962.08729289974,57.8116667483655,66.59510189556426
56.21964432506893,161.22291080831184,447.4402870642019,4433.56196096048,49.656436762043356,61.322470070568656
62.244619447924194,143.18365177091815,166.51589833551265,5511.8259834954415,45.887301902823786,46.390502523105845
62.96010752818988,155.83140919113748,140.3382458841234,4338.5385760542085,63.1574537467841,76.11267529193056
88.22252763315029,137.2069747492521,194.08751807137529,5709.909509292231,58.958514950685455,76.39923070116123
88.4842286642481,173.18994192827236,292.0300713629476,4286.657218039657,58.92454221300572,77.65776239954509
80.32272648030319,179.541790371868,79.30159440362786,4030.346997115755,61.33344007382484,61.57557556571645
54.4742718221046,159.86104072040953,724.0260482617523,4065.4182075905155,59.66961198287028,74.29244584363165
60.782312119926495,130.4042769039672,351.9564914962902,3265.116605993312,51.79610826647736,74.32333220596591
84.06677275032031,193.03785473162793,142.76079590344636,5288.571476696521,54.395676541230856,75.06728257993362
86.49467708417771,150.73434454361913,234.13475969524993,4437.489530634074,52.81052927195253,67.20639227110341
66.99610107603027,158.341422396572,218.7323708641737,4119.883248458784,59.7450127125292,68.33944913188324
85.3694120143563,217.77092100309278,107.8398759175171,5129.145110658674,52.001131696441824,74.03554496343091
60.513619931060475,172.15189967735537,145.7134260870482,3680.1891434567406,64.18201975841382,74.55590373766717
64.48562988495713,202.59082247345074,17.98285177838892,3509.3520327651436,75.71136829139581,62.14008347101369
81.61940972013443,189.09123619741916,218.6753735334834,3795.765687530677,65.49847864102355,73.67329226391533
62.1381541134737,129.6018988556705,218.8206170470427,4526.0903137078,49.581552342630076,63.69671212696405
68.68932577962022,180.72081840368574,340.5282377997054,3847.740065646484,62.10381950932467,80.61565078091077
57.550516104130416,187.3010507348674,162.4339040008928,3486.841618960145,60.99876961675581,67.64579487188192
93.52845519521505,222.19327879741041,62.7524379304365,4141.153839743322,59.35099863615297,84.18294251346947
64.52548005950706,176.05193915092747,223.5445744976701,3862.2880694791374,53.43973353982919,68.41446602338951
58.58907880891347,208.40485530508622,363.12886442187744,4258.873058865086,49.50480090749314,64.34735651321687
47.88390078738417,164.20143273211315,201.8076504787876,4576.39811534599,56.74313924292376,67.69294729094197
86.1742702798975,141.16310800624174,52.87521924122801,4143.781344954728,60.270611954958255,60.43396413594551
62.86386489838141,154.4344846817815,119.21610844850235,3921.786119800484,58.28754716948413,78.84409448672491
53.71388563625487,139.72746216078485,624.8375139660805,3568.1354533514073,58.28756068180179,56.641476013901524
63.458135693970306,163.32803418588526,82.9114767140646,3850.9201256570423,74.45225583141557,81.81230227781393
66.09886071524349,210.6588643034401,87.58270624266922,5009.451726928755,64.94582633763608,85.10773941411455
82.34250132447323,200.45027293324216,241.55391605270833,3463.304907795626,61.83676744446285,78.15941771790763
85.901902210598,162.93603484057675,49.55687143836884,3040.006273196841,59.75940816835127,86.51592545978977
63.97174066226357,225.93833318734238,100.93365808058255,3461.1533904611724,64.57687409686892,91.97100107393672
54.32644342280615,217.4114854230546,117.71886876011747,3870.6412697778223,71.90327106957722,76.40240921603427
54.7529541321774,205.0912434462995,49.32243733936845,2982.25524659992,56.20819732383886,85.97444389169178
58.80665704313225,170.80511652873003,51.08785585883465,3265.8657971568914,65.84628782461844,97.32317178690968
110.1301930680443,206.42550330962075,150.985838824513,3432.126010921091,70.82186022185972,65.76625531324585
57.992934882248576,224.85952551364863,41.75447964850228,3304.214384112689,66.13101866304852,85.90113115311445
57.62523223139713,241.88552238407843,103.67876238032333,3391.913410882765,70.87608182435608,73.09472826383767
51.25649502605214,180.61661549469775,566.3610595420039,3328.50210960693,58.28907749285224,71.62025676758395
55.148997656093556,184.32066364491692,118.7767151236053,3846.9167278805435,57.6397566403291,68.21014513066203
78.0408930000309,242.59654700845968,152.59524980474936,2661.9322547471857,72.9186612518326,82.45365915637043
57.27277894996556,189.59517856146127,361.4474846643655,4739.26935786815,83.52226475041633,64.73750030511627
52.119583704506866,190.3159149568176,949.5072263417254,4681.221597471749,64.66696507981317,70.19905291296035
55.25477809146504,139.58684301442673,161.69104640597678,3196.2184228706956,65.66580919280419,63.424960503492755
89.61135283185801,217.67070820476835,317.2116100686383,3326.8830244673254,68.56292835047655,84.29012597489074
57.65074950699916,125.81016783812834,125.6259944987385,3260.9753514317563,63.100941817485044,66.83496802077079
56.96233688982852,199.01322783644284,117.92322634767667,2673.218767020822,67.98933890048674,82.78142284945368
55.949215758751606,173.08779616088685,283.4356455179099,3730.4352279608383,68.36325012973325,79.50473965235358
72.84709915619501,190.3205361198402,90.12148080465127,3239.7710419883783,85.28504453541433,62.459194104128414
55.16623201534897,181.10393722498958,175.69116318388274,2567.5053102362835,71.22725118415782,79.6184380756259
49.59962218116932,165.8834634387154,179.81429249469903,2587.862607398146,51.13809289951847,59.37772236686361
91.22389755925795,239.30713895944587,86.97031077156068,3272.0025571384713,57.547484060688234,90.04219495839259
56.7385672229437,186.31993658438907,83.4521798969927,2994.0701835508,52.05110862233387,57.41935115767768
59.26937202425141,190.54395137010962,230.51904504749527,3634.396311011305,62.14144199556024,70.04925021448413
73.33792094886866,188.4572670402065,725.959059950095,3711.6188961551597,62.00640273591124,79.6016117437836
69.46892312214649,305.6868255161959,46.81131693182085,3052.8243803449764,59.39297155020323,63.85598758595395
58.10742002537298,179.7779849462712,148.25565422828714,4182.992994846128,63.352537451741924,61.409614743669565
65.39704333895239,176.85273560734854,310.56421171621076,3869.0858900162334,58.4163698232325,75.98466595189774
64.46141495323666,231.2119837799582,287.4427700598003,3621.2964701003607,63.41546334864548,80.77444518631549
74.42129808161293,201.71221434671577,184.82291604543292,3771.9473764414774,55.564688115595104,61.0049424830691
50.900031862829415,174.77563288329938,60.342865177441375,3518.086874953597,49.45738606762649,79.5969833340897
65.91599023049406,185.61941326510407,106.14125054702541,2708.0970272993686,65.68948477164763,76.30654849873018
77.89602703347522,199.39421940366051,162.0657701526309,2897.700304499698,65.59904202832723,77.90815185901795
87.00658152997582,224.76809417970654,156.0901672843669,3203.6398235732927,63.25239909370303,71.36981835005764
78.02563982646082,116.62878235525265,169.82441935080158,3519.882397866798,66.30292418073694,57.8958208480474
70.67729998353474,200.0394751221347,103.60725391145816,4056.5375300011997,62.74795151715824,74.38396358337664
42.21125558209765,222.80553391073468,102.12357539659058,2808.587303512693,66.22284129061946,79.52873289293521
82.95574022537599,148.99859764194466,251.32243288756104,3298.312040115556,55.62202552006088,71.41361120343313
77.5420055654105,186.37891203303894,141.5040336231446,2741.836205468585,67.20293859291502,64.97590233427015
70.602643958687,187.95138589242802,760.3541153066712,3397.2049328649964,59.89300293470599,74.84811863766777
52.988717364222055,152.96988590820337,265.6128463994209,4521.925985533251,65.26211948891766,78.07582790684661
61.6154016458441,173.76082738118376,47.67349657768584,3106.7258648666757,69.02460420211932,67.70241245253598
79.69123804098402,210.90840419210923,63.18076951169195,2595.661970359225,77.58835762403004,61.65113382126698
76.13665536770444,209.2577373730347,52.99456282493825,3110.937390426283,54.97682536709915,86.69086346755297
80.83825364528869,195.31099781115196,26.99832478169399,3730.1901977115035,65.14670465768809,80.518036800325
57.97480773376958,183.46789048042052,402.77889645665994,3092.7641201298866,52.776016050754514,62.1135387038931
91.83631103317525,196.1627451273011,73.16336194702214,3200.373768932898,59.81890046210183,73.3281797009639
118.40792625910743,177.02333684244496,191.7067455371662,4263.777916006882,63.17813590841706,93.97612608456605
64.30185691576102,171.98454815903642,27.243793595399552,3196.3616349779672,61.89106833496921,60.459781498815346
74.21861192526495,184.201414356985,260.68480927410553,3847.1013405672434,55.57668282947266,67.29402767358636
69.7602546216257,179.15455833912475,32.476451578567165,2307.5157845067706,54.74627909229288,82.03151647905939
100.67825755303825,162.96911069095538,260.9684912749365,3797.7822938442414,49.94632971616515,62.47780909681143
93.36239773549912,201.06945574638888,107.99234507642105,3830.250937885651,65.34261936835755,74.11801126294418
48.02374294205748,170.00363859711,421.13932282675904,3734.6826794029853,60.822744764784986,67.8753106722977
77.54757211499971,219.18640857410546,107.74916274779672,4088.635192419235,62.635885408240085,72.54936196850443
79.21389459140264,181.69252082412078,108.46470483905371,2945.229255137331,79.59268693740123,72.24733592530919
64.65277370140878,203.1236196406108,172.61137624346335,3258.5598418483673,59.76811269401812,59.30367372616445
82.08832234050115,165.85888724687624,155.26167802643153,2866.9876396880636,62.156929888670376,71.58514569213757
96.71572211274939,176.59985707951162,253.985586494381,3430.9391136609083,50.55232238581555,60.97145291002763
34.05152015619804,158.58616113929438,156.6611262002294,3453.9435471454444,59.10176123992576,89.04288506129424
77.77201668999922,171.87719886485192,174.7027265844361,3368.1462155894988,54.57015666561004,63.80314865487837
45.19808913875717,190.17682313491102,429.7646444773557,3917.787861474114,61.75027947204633,58.260279375931006
74.97676940316813,224.68447319598812,107.56563324317658,3092.497340946997,61.81052791948289,82.30636526882071
83.20627142316141,191.03356671259988,237.12052809637962,3546.039044800058,65.54165946498077,94.23619803833377
82.36384762745813,172.77425927861032,160.23879106874563,4199.654413796636,62.646219016392934,61.72049522414484
85.18957579758977,194.1546161317478,288.3710013125316,3354.4376663671756,61.695618589593764,87.51789061585687
53.874045582729835,218.49699799171768,53.25792346535695,3252.9813680282036,63.891893069759064,75.04498463751767
56.72611306230833,174.13067611937336,230.35831599079955,3086.3686809914093,57.580274159395856,59.2096788337427
80.08075382067281,152.43442842219127,163.79203296519037,2847.353462622687,66.48628186338848,89.21178838205152
48.59930334980222,165.61571468932135,68.18078557812792,2734.152549076336,60.30842957065754,75.45678685667959
58.35985354566312,179.24219146558397,200.81068220528044,3584.7909581748268,66.23200423866201,56.268355098886374
92.26770331505624,145.5531512789512,484.7782735628007,3232.490021980212,71.44889449109624,96.39206800310343
64.85839947945541,157.58456833502524,524.324512567386,4202.214785445984,58.03323349411585,62.70331473823853
69.97233364608222,153.51921669019603,23.756938692204304,3185.2816108286306,68.26512094291797,57.52496057390006
70.05015364003047,137.95273763806716,90.33422488357229,2034.265744951697,59.678954996955135,67.41158730794713
40.35509678479014,201.79231879979633,203.34180142878864,3660.3497320195447,52.424722707723845,75.72475873670722
85.40001093877353,147.70028102930974,147.86308274199496,3786.0180471597077,59.90215404949961,73.44443320574244
74.666261491141,222.8486028263638,85.03762725836043,3582.6997063316585,71.14720879836973,79.85973204227282
96.71913416952421,213.857639303197,51.41488121380381,3341.8865691381025,62.42081691465596,98.86437637694534
107.87335057634338,227.16531119792552,134.87580479470134,2686.3248379803,75.9537894693062,85.75124388728747
70.8933943915006,187.4774721468129,302.30409413852453,3660.02375834584,55.53528892587819,75.79400741523784
62.189307893229355,170.77515694004012,168.92600286898087,3269.3793679571136,67.32720261855283,67.40648151834844
63.688254867745364,197.70827823795508,198.41832961041283,3788.404454730703,61.37892742709296,62.84363040289871
62.39355152519181,172.50733371110476,59.74667702225601,3077.8454538971623,59.88131908984582,62.814884933653026
114.94046407305561,255.77089276094952,154.9671647460983,3541.801927866397,61.461886563649706,71.74658615939555
56.216478555241814,145.2082431629197,145.06707209720645,3424.2255675201,52.61687731551082,64.18442187780488
79.80157447455161,206.38021245396536,189.22755318275793,3040.052072145707,51.980578513554725,59.367678915648696
42.26628744537822,195.0292630266822,225.7271435454208,2590.5182487834068,70.96603947090134,71.41281633960554
48.93877131777203,243.52881907602983,158.7465899631368,3551.0284526076803,59.74920157532837,80.71378399605342
85.42313735402945,211.55620936694353,60.01849284757945,3075.7224273253983,64.62112719951614,71.34543307543026
56.35613115724976,222.2339145545835,53.70161160736187,2718.9909565707717,68.3435446979129,76.22076641244024
124.06440525552944,153.6141501391383,116.01635437658881,4527.76633268196,51.16509907765514,50.91238761689338
59.758795445354714,155.46190953219062,75.24752806674101,5640.327328046595,58.743587726688155,39.8668866091803
64.39859559057706,161.0809767842985,12.95745814303738,4511.023919726599,71.03464639071453,47.41617511282329
54.91179622423052,139.22700611853293,50.950296737703994,5597.662323162143,48.78854974308241,42.269762152707656
102.72510202515863,149.77309317848056,29.76273170761989,5289.200397717865,62.44742573215889,63.24882693885054
52.68210138566563,192.4103805643753,12.12495134931921,4885.32831203719,58.05620586852799,48.56349184364446
75.07481422380123,157.96307883328774,24.29812098666617,6191.695991203978,64.23357780454778,55.273155855875345
65.63296255791093,186.4035328680508,15.37866655844191,5602.213776148087,54.92723781120135,48.89991018306405
56.09034743237813,200.09169322727757,56.607347872407374,4074.774021031991,63.242196960483724,60.0128645526472
92.10246519626423,193.2016608714249,64.01882849729,5082.16538606594,55.72846978481725,44.90722989803901
93.61822858803741,233.1647878584848,17.5508103229554,5400.104651545678,59.14600996126694,41.15572618892714
72.9865873230788,178.1727958915526,90.2351835404024,4952.292292858159,60.85937464588467,44.31959328992023
97.33016026097232,167.73113391788,18.11133787971313,5093.137889197681,50.532459046914454,61.89572810472206
81.61315889662283,145.19794569771898,57.27023745500291,5717.423916431927,59.45426139546773,58.005628507123674
40.320441550772514,175.4325985790432,25.504424835050322,6455.140065539669,58.92408208826604,51.53806742810438
54.297837751958966,180.8388800796058,49.875333983192675,5356.6839058812275,56.274282356271534,55.382906669172506
71.5176421077243,188.66016705063362,12.663550960733255,5563.736254592162,60.6785669863473,48.9447672411578
65.07825744260273,191.38417564305846,41.27949530542932,6778.491407778798,76.5160704249673,58.51421429464513
75.86636890217898,189.2113747656671,20.64297258351991,4753.516584907363,63.357021102682594,54.18501378446744
48.78720826522947,137.41850079987768,37.16835327527763,5142.8136792969,43.412948016767125,41.22158942831654
97.44319147381984,195.20539898013845,61.280266658046116,5432.592991847213,63.85807074834575,59.72295587961116
61.03052363662689,175.86546970309968,12.96511286175795,4852.8662610149495,73.80401211751011,52.18834974386353
102.51522454872165,194.66531123085832,23.413568476586313,4808.14596491989,58.51936691380911,51.44465321176396
50.91997826033422,164.59059751116766,19.539554647860943,5681.011978217075,64.0085725351086,50.550685105508165
82.40440094984318,161.86566944440403,26.136366431266474,5148.279749280477,56.05808681179733,52.4334490917019
71.742423081938,160.3460794246806,98.64801308699126,5005.670520915444,53.418714295802104,47.392665917975215
76.13658895617488,187.75846523287615,18.631952171919735,6325.491842510686,50.97354571392426,46.752735661492316
79.50637026253436,152.2806040962319,11.810914892217516,4991.325948712682,79.28422188049733,58.355289549150505
65.77080922143041,197.32502435186547,59.76451082425922,4756.101963056259,56.60827675668909,69.59155029159936
85.4965387319326,238.10834878988527,7.934006515023368,6119.782224406687,60.80296321330589,47.732997212033034
57.652533491923464,185.20130844995342,30.699299688478913,4406.128093258604,64.3658000296403,34.49487896083852
44.43297445695566,154.64606159540256,21.761772749612753,5092.249557973286,50.66712387438391,47.98373448170003
113.40812051263792,175.29184957735845,21.696047531908704,4999.560495933772,59.77517024382247,51.34124836081277
47.946203157285446,224.98169767915292,21.920344218491586,7143.82688585938,59.30630371525282,60.639750597880244
66.22710558647796,169.07738199597114,41.23819053465604,7859.9038540226875,54.482859816116004,61.708279897761315
31.406613096978372,156.30885901305726,68.2938523780513,6259.618025007979,48.932003663867086,40.028323764651795
46.60131735656661,165.3172402077127,40.80340144946974,5232.057812284731,56.07005856354384,61.98051255062474
68.70286031148126,194.28926918458006,48.96674446197652,4762.649056004834,57.87098341493275,51.777751879312895
114.42926372873433,137.78952729679705,118.20184191003216,4869.610621012564,63.901238074477405,35.38580689898714
60.69064529988365,176.38170282157773,19.59134352412601,5746.237664971929,56.0995626112293,56.155363412567716
128.13916953143755,182.53814800242563,8.92192742459284,6027.887967139079,52.494494169760536,46.49966844928501
54.98811456238101,181.0069346220411,34.39665045121454,5319.319399649388,65.8229292414795,46.74570577992354
49.2091188524772,201.42619944015544,71.8022183726454,5814.425850851228,58.949679899799946,34.53888906430537
43.35222270197581,190.7669755031329,42.02609469319068,4649.655082152756,55.49159166054178,63.23317976597258
68.67695393653423,211.7734218701741,15.141459084926481,5228.450779816082,56.91718725837683,55.82150578912783
61.458218897256394,225.98505939437396,13.984805157475583,7315.010541421507,54.69667957419749,45.75922232763049
98.27963712069482,213.06370666820231,32.687945298412615,5014.895200283724,70.2941110851771,60.06711612795442
38.92775229139359,155.4626032352452,10.313756817214907,7094.442439003396,57.64840632917841,50.11118708170463
100.19867586588043,194.44565173036904,23.798597962626026,4752.517703563419,60.71506969575553,54.415862123465374
39.08848361799971,178.93230584188825,86.35935885740524,5046.721522084152,58.459323586819515,52.29711336282255
68.75955607238369,140.56901364085283,66.46100225562883,4890.715735422555,47.15769169825073,51.77887332624732
82.7272474937397,200.14819634500125,25.259036198624102,5340.157166003857,53.66416768917195,58.16953855554105
78.51905922338422,189.4423120076414,24.61593270514263,5187.986486986067,68.11316699694042,60.342339956805674
70.66147478561021,179.7752229683121,40.660405047976624,4814.108732596731,56.44168953445196,48.82181561082912
50.70805731308017,170.18328396498686,10.131283530487163,4821.7184823617545,43.67432091450626,52.72439031660082
77.87645244810464,192.63208925003786,66.06414896352047,5339.062295522672,53.478252504079684,52.74033255719519
59.38167759240217,170.85495995797646,23.468755583344475,4681.008485799379,69.38510101965092,40.48292070039911
82.75269926107515,192.32424777852566,25.52909956354078,4791.7372714422145,57.47637918073441,61.418347840852334
56.18807095590929,162.34260167003086,53.24265213119311,4941.1306465207745,48.925139975156746,41.593054471197135
48.86484257605779,224.07351528434907,48.213085741699054,6684.554592068753,63.30097510122505,42.34322586421692
61.124224275311576,161.1326059147395,41.05046638813916,5798.057752681466,45.36387189845771,45.989579821011205
104.18591683588889,162.34147543111135,100.10656176122656,4832.827640054415,59.922737847897416,53.85298742046266
55.97773733956539,167.73054650684156,74.82249310201318,3853.6901550941175,53.60601123309838,46.94141978415344
76.83490938058254,177.78789559116314,49.87957252317932,5098.217376499992,61.74491709824373,53.908601823570756
77.31692525431859,104.18463266085215,12.366672552055773,4183.243672213318,53.584279860731804,40.701063120656066
72.90152429179729,222.3461989786916,18.51850664245842,5194.831160082276,63.25083847422941,50.918279591393556
83.9617984524559,145.1424776511992,42.582874145333264,4530.668180798986,62.498772515940075,58.696630925317606
81.87891923010748,167.47757767478967,99.29636343252,5623.777551346585,49.554758834317475,42.07062181894595
70.90556645008976,151.9882399461431,71.11917658793254,5476.422596836737,45.842351117014275,50.000476942725015
65.22288763687285,205.21452635030815,109.05846987574225,5101.418795951517,57.903418376957156,52.91276906725475
74.41272300079324,161.3502517498936,20.750982775693654,6224.601618963223,74.32667473512241,59.61826293082622
55.33391319734649,173.94362754241587,23.391458088113247,4825.3572960569645,61.88807370756816,45.659833079083235
81.84645720392017,141.3728032746223,121.00201158046391,6334.399051019918,55.704508813719386,40.04450896860751
49.891460058672564,173.95275789737468,22.513756478641493,5310.403926831182,63.51654691927522,55.27205005572207
42.43337566562421,217.10573125070476,47.76816349773978,4805.950474255505,65.61473654937616,51.47943049428316
57.479746553694696,226.7125713293383,17.512650711269515,5698.960028444092,54.8132943210709,62.21754183690356
39.96847678541617,159.18224423397294,54.079318042872025,5371.000813077214,51.07708415426187,52.56414998424517
57.25762198237122,166.35303976597916,30.2854644504413,6134.13790433393,55.62251905162316,44.770513119248406
39.77033972568296,125.46214522918858,33.08740515110039,5476.201999882714,59.43180762257013,67.71624523214071
64.24292168564193,129.96529805633452,26.681503897100107,5822.057106748398,42.30577228188912,41.48810500970366
58.50192344406679,155.27971809808315,73.7166200477013,4875.264317082268,65.72089398228454,45.62809502314056
59.42083931001457,179.50787207546517,98.22290290692163,4114.344556311446,61.4516718133745,50.98957146198724
63.398548086591646,168.22555236654284,26.896880279243266,5709.470245293602,69.81294131987919,59.322119794599814
48.86077886264187,227.38649843426532,39.30043886346297,7081.079250138308,63.544658295332894,53.95160096291098
96.71447192059449,143.58503323557306,41.36210951853591,5418.531845688155,67.49609515686225,75.59983664664698
59.72710071432844,156.2309702459366,17.083352999881964,4271.882889710448,64.14825401197064,65.27363970903257
88.98793011346693,176.56520985781864,61.07050581963959,6763.159634357464,51.36552191861108,37.46983508022619
64.79226330267511,127.16897217385562,55.99829561813743,4824.1852292918375,45.430708547769385,39.30981069166613
79.01761402286574,122.73465415368608,71.58037318020233,6255.504165190423,51.24732137138068,56.884562194016176
64.01192428062112,144.08153151801437,45.185137839211905,4526.849168583372,48.966615681129824,50.38789276838758
53.99340119482952,161.83685777624245,65.83460906233873,4213.54598872426,54.14092676172828,46.347033537818824
60.083302112422004,152.55452306794075,132.44573096598234,5449.38905486557,56.16561540698183,65.18634074248556
54.01054342412063,119.67252688636191,69.07199469744914,5654.138436767551,58.223493968958834,51.70098910033744
53.88862668084094,194.72463316878157,5.1833190461875205,5682.49849645938,48.210666026108285,72.43311942039699
85.65637241848597,238.69807970860498,14.856038306726953,6614.808039250941,44.06173965958911,58.083504019075555
81.55932796614105,184.96125957776596,8.608269588525262,5063.017614753601,72.94965201607118,46.82818313351237
66.34323020755002,181.24422747508257,44.32191599359406,6180.998233987081,59.12030007492651,35.571032610424865
54.685867716832924,188.42235624691995,10.054533607974468,6943.102897316696,50.662642745443875,53.735436004929
77.25102470159761,133.25153885325983,7.980064825969096,4897.3989600393425,50.648584901821536,53.76767746145314
71.8788546572922,106.08876596917011,77.25418278519119,5100.943756077072,34.285041813210015,38.90628366140869
70.22201960594063,105.29636984980212,146.68426231479592,4879.4241577771245,33.586603489660945,40.4559874615382
62.94803389280978,131.96189831604335,72.26111177413543,6287.521115683083,49.0114628612349,55.93489904919504
60.523275860465006,131.28416982676967,378.898936592136,6278.084474127549,89.75159418473974,54.87816949042299
66.22426365013499,184.73508810820493,79.92461822452472,5616.648454474713,73.98012146199164,83.60340164881889
50.96594178182032,130.36152459848208,73.22627598693505,5400.370225445685,30.79390734746646,47.327512988651975
96.42686950451575,139.74833978464068,102.07938138053487,5846.125167238577,58.34362386361164,62.9634109094485
69.95390218608193,122.28202816077331,229.5900267052271,5111.3948429577995,39.61248374775925,54.73334881218053
85.79523681057142,114.22762439910427,256.5357877806954,5536.504319939912,45.01471312025079,52.91940781169701
62.12469023911336,127.60857019156802,163.20936654180878,4639.2948692349055,29.79581817773009,59.020297971411935
64.11098877954134,100.6638416439927,372.72854860063546,4711.89050918463,37.638063769532316,49.10818911894974
74.02474813899958,124.79106685106156,188.8058356393404,4010.613666663526,95.0803534770924,55.47936090116341
50.542840914513434,209.63538975549068,144.88375838811692,4979.255176360169,45.41537186978731,52.014214550349266
52.039284306156766,131.50475086604672,62.33045473613591,5139.242108318636,59.17323227208176,73.86177423378749
56.47816520414989,135.25079131211493,57.73134579492732,6062.431779896123,54.332722801153054,64.29435581906974
77.51547854298761,120.89895599450361,95.65173693041163,5459.63458343606,33.43655657135223,48.87269587263766
52.34805459725989,328.39844339576547,118.44583339916483,4621.716165436776,75.95404703649184,32.74482263599761
73.16983902710449,77.49577692964843,433.6645016180188,4689.22025854799,44.31507675642912,65.90148721294715
66.51025911871115,135.2828305833204,202.66175722320668,4804.6832713874155,31.13251250961086,60.07827597909396
53.0429436605765,92.54686423240352,60.99166357324053,4307.128897296771,76.5101112386715,77.16457306485913
68.03424637825212,124.20574534614886,189.22914328295317,6098.092702710395,57.61489221401953,60.907484724072184
80.17636450810326,124.32557253460168,31.60246886823801,6154.056674609225,68.69027106600817,57.21881998920473
66.1804284767471,86.87751809148014,107.7890455766064,5115.716069439889,42.50063593414275,58.023956780421926
74.75569512189524,212.6717056126936,47.11115528930303,5141.234458028579,117.16259307546395,54.995525616686294
73.31943905261355,106.96075131565983,156.07772857655263,5574.664836408215,44.240495263503206,63.678011895139136
65.20864018347152,56.72325296103297,100.86249571939793,5081.979466334419,35.49586257550783,41.823468732554446
74.37583429505045,78.78594066868557,103.05801042132578,5942.254638576554,35.804617160679484,57.60674683468464
59.533799984930305,96.38603922915503,124.0359846743982,5344.863046910711,69.40030252999154,51.49251090408633
66.24226420739159,150.44611920584376,108.67269666526254,5846.239589327956,94.12584911385692,55.39230634014963
55.1019352252373,106.87409751537068,142.15761126378223,5386.874273066296,39.65759616074064,60.6568857366719
73.89593879565068,156.021788598905,79.77187286360105,5928.358675641804,53.01211609686916,68.81320759986002
62.77342244723123,109.36214875892654,103.16829339970687,5282.239725553308,66.5234415103829,53.89658670869145
64.56717388669105,77.4439442500018,71.97204084113281,3960.0565391911564,42.41992207057105,51.88629312775903
65.69807083180936,111.28798894650997,358.38689065030985,5914.726505669413,75.74425802226823,51.0745254660219
58.30014440854825,110.45646364937325,228.14773881640212,4693.040936249357,95.62928012778653,44.51880983770601
49.16009200837334,66.70436994952266,51.313444572923764,5158.487945866183,77.7634360203396,58.3555450314926
60.3828612984604,123.3959846513781,375.8160786406216,5407.998549733039,49.33479385010147,42.056247760024334
72.80261669347271,74.93534662229338,97.43187235112359,5121.074799790762,107.960133398839,58.5116614352817
80.41147500430559,89.96408198332486,260.43096938705116,5863.775545651299,65.72426969977475,64.3645506715965
60.25116558495283,98.01662415448658,140.03336648071124,6025.284199764232,92.57388333193657,79.7492231582666
63.02884954286164,147.9084257042106,294.0490123850658,5855.8785352050745,90.50186231502651,57.17393960220928
42.62931590138887,93.0640046853018,101.82544315179656,4526.650879169507,55.8454532143614,30.053284106709043
80.52115296082536,126.37986527006103,21.989742027430193,5534.079354367348,53.28974495007295,52.18651691165593
71.88801708948543,139.62150063443076,149.22919308480468,5243.296110507582,43.279010600205055,50.70516207601527
59.14732596064906,111.23818887468944,89.11309003558183,5471.943657999151,67.96342339797259,67.14559006147243
51.73041759106951,118.32079560832524,161.30872787165202,4564.361631604661,35.466960921635746,65.85110835736441
51.82447064265042,126.38353925305913,106.65459690811629,4495.406845455113,70.19941552856653,35.71373544748266
66.74770238745103,122.79239437446267,207.64193056529953,4687.818112863608,78.57353959917252,67.40788827016209
64.63355764761532,191.1071338972705,71.8014314489194,5881.443606160933,119.33680451621203,50.44019301876731
57.5627960081777,99.37253764107425,328.8521002761189,4797.57846992504,36.41142923406684,69.58696495465075
57.788251636782206,65.81123771729129,60.78344148790633,4997.447358338273,64.06420662024776,56.74813895691803
84.38548113377075,125.21828562673977,130.70156670265482,4698.86720809515,48.502187289702796,46.93047599347665
56.41846860403929,56.80697778691122,42.18764592681985,5522.051727880137,55.09556684806057,84.47550395025215
61.77824311186222,107.13738736129683,54.649016214985146,5357.889864554082,38.012023398258556,41.76454502862716
68.38782386525686,69.48476360714875,158.07067092486378,4770.641958982274,64.57888272544125,55.31019024920264
46.92429881782524,113.49814017942279,40.21736895313004,5064.159140937632,36.40562027907648,53.71940593706505
67.90297488937522,135.43314651488325,107.23489329988516,5410.316797374753,80.6965857976491,77.475469292873
71.65024702314089,69.8673311329787,63.50947725969739,5390.860884671911,44.42821764145246,68.64581453209374
65.43711094364171,104.02538288527293,71.35998812838383,5710.40312872906,50.230542140652986,57.95156881097368
57.983057659261284,187.62705112094642,187.54714503084415,5046.555691748585,84.4247184360465,45.14237768479859
66.80966631676202,127.1244966924293,229.8127218093946,5006.609832385034,48.69810504406406,61.033731193255925
63.533348231084325,73.56470336064069,21.484665802359338,5652.48087268794,41.82472148287045,71.2960092735422
50.04685777525238,110.89050888184731,201.51376686048144,5996.283588793577,41.1964091051643,68.92699005950263
57.35125202079702,84.0376548606589,59.63570227951617,5275.633893391469,45.32093709454905,62.352932927472885
46.797646095240594,96.82070195232282,90.92675538374806,6028.472317151486,77.86560912860617,45.567684238558556
75.36053222912558,106.28082061706391,88.48885261788874,5637.819119241505,60.424056379042064,69.91128786063241
55.33325306295516,106.8943896157394,184.63808361943228,5238.822441243288,34.09548790113347,49.648300769455616
44.72725459493377,51.224914139649606,52.82533656171522,4835.567137365297,51.04462387798107,47.30262330489764
66.42623335324984,63.60191598265261,179.07323452380925,5086.758690173798,45.06183368029591,56.18021251857988
58.72078120228141,109.45477102114008,82.90170910682203,5438.038261494749,40.52395605477551,53.00038762944681
82.63519519166233,55.28494999985414,94.94165235411637,4464.011849392476,57.075392924352,73.62007718365308
84.95703004018631,97.56729532810735,55.357070030676255,4867.064945149565,65.74515006696691,91.22627676941826
55.22562367693845,174.94743618378715,378.5333715702692,5711.640507799297,85.60537742013801,54.56396050925389
81.65237957193828,83.48856388077664,44.62495241584814,6537.527425410556,60.87983802296744,56.210564606450944
63.67512186917624,136.67164022498244,54.064186020685874,4978.567646422828,53.90386227672773,56.364808505503035
64.63399108026671,151.60373334022654,364.9831691526811,5529.191095912374,130.22881725035714,54.26977863163013
56.90937657543624,122.67081909961712,85.72169040019634,3996.9829293289717,94.45194095160531,59.330279140323036
63.108180335386315,158.6480321272198,72.4696114470988,4590.415971386833,74.41198032033756,60.6532986298054
52.53493691868897,137.09382934228375,159.68377806286412,4799.414575410656,72.47197531254099,74.88355023216688
69.71635414523487,102.79196229068074,231.0967311287171,5115.435522058693,71.42198208295606,80.42895412486557
73.43385418154047,139.56017856037772,61.413501942377124,6433.331537109345,59.882676307866305,64.29895424176922
74.33161423237057,48.348148795695174,61.89553041285343,5088.802943669414,36.01196029157971,55.205933634306746
52.247069956909215,73.65638223255947,80.56417385244086,5683.553426575589,63.19547576639784,60.14106297045216
55.17517230476574,42.87603830946411,53.54727510752515,5642.409928507169,56.58867054934395,61.36561045241778
53.81058734019807,96.08644515339266,56.44334886512254,4641.829781870425,58.77845081773448,82.0910103359659
51.88271273513875,69.6231346636258,116.92885382143285,5443.168780320988,75.93543674516928,55.6483354453051
69.43882733949671,159.8093003278048,263.58315154979493,6472.341091539278,71.50178914077391,52.16258419370918
62.77033749033028,131.25038974522096,378.77706202912657,5781.947897290532,88.96651688547689,65.15556725576936
61.45689584864821,149.85121533744936,125.98092097897742,4692.2101230968865,58.50598365756675,51.20304637430063
72.95941677036005,135.68692106739425,177.87556156231466,5356.97901199919,92.6329462884683,85.06176948857815
56.320566629491665,87.07081975107587,46.95609651611527,3419.953943720354,68.54119562026321,50.31929423924034
63.860262091766174,125.95574516287095,35.030451833417395,5070.762104335631,51.78404831903862,91.35308306094994
63.67458699688986,173.13919816781709,197.31011195905825,5998.571363589284,112.22747827667642,73.79207527476663
64.49090914451187,83.36372060614968,454.7666437805885,5246.543234016595,81.34480914402873,42.35455223980047
60.557880961164905,181.7643842316434,130.42024723423785,5936.3655857868225,77.96930187305355,75.2697161346799
78.30459622134642,83.03006695401292,357.28879540323067,4972.630597110038,45.02518994060391,67.8376403152846
58.91294341027431,123.76541034169236,56.41387795810124,4184.20688695265,92.51190166244984,55.49687376161889
61.41784951216023,95.42985884518953,70.08514583366652,4405.322163529039,69.62384218180031,50.63669920966463
74.99297460913465,88.0514898027457,143.8910086769128,5167.397514703354,53.580437650706095,61.122815393329134
69.66723384818516,111.28553566500857,104.32348124867296,4441.249009756897,56.9938748204782,54.91461158737259
56.67389109658789,121.44967054853007,84.34263371681445,5140.453012312039,63.06103603279007,70.78581171791524
56.538969369752735,90.27912807772398,127.85336373418257,5582.384485266293,60.31311112523501,68.06317466337933
50.38085557824197,94.39343578335959,289.6181312768272,5181.075379502755,30.35310171775517,54.104997540912066
53.95554030455323,89.67897055998431,379.9520032106826,5489.717058697366,40.18316224845875,58.541342713454256
64.90174833333202,95.79202587037929,251.30300525214142,6333.353073673549,38.28761535207911,46.60710914817567
41.48678782055334,157.21288649730639,217.69436544015315,3062.291686232551,55.343876241182976,60.04784032476131
50.80103832195492,129.56521042519884,260.1462844615219,3409.872971780102,46.13123246236298,64.04724620429442
69.86365221004851,174.64537722940815,368.49295861868836,3173.874417806145,38.06481577242984,63.81153072709493
59.05301414054774,267.0354667088078,166.5368733635685,3963.6874649391407,48.357924822938465,69.60180127208487
60.312683879907354,196.49694081649335,318.82810555304536,3562.431032366131,47.9512884561931,79.50207652051834
83.14543705601679,139.32552980535365,169.66434369094233,3624.0014886808012,49.89794268515186,44.00764087139699
91.63430856407469,248.42084188644975,363.6523841583472,3128.9878403441053,42.110654003831996,64.91986399553285
62.67586411180954,175.35715211497023,134.9567308304817,3656.5546970716982,51.98766117061424,58.42719849484733
73.4560214143697,157.02686213364933,478.336710993054,2942.7470422755478,60.85323458266716,62.40541515862501
117.93560741268595,169.6011021830346,1408.0224377450515,2940.7657439982045,44.01068143040124,53.30356124664722
87.78424525690937,126.66559537785693,299.0098458082415,2735.1301072911688,45.98383788894527,51.48697831451632
86.09236284136,177.0345546065553,202.4950579020916,3062.9729037985594,54.75163427713652,40.075012564212514
80.45741384053531,166.7633121206324,234.83743139331486,3673.6758219838034,52.36004938399891,59.19837834383618
52.01940198507153,150.4789138329882,239.64424398411686,3376.9373976430434,48.35209330373903,60.94627788494936
63.142054391249516,91.6444836878496,262.14787239287705,3493.0215556423727,49.43435312588411,69.67987226571708
96.78068909660105,169.21426894777474,197.61784174440504,3364.9800095585574,47.02245502537988,54.58423581608859
51.835221657792474,158.47030166747885,386.2296572223266,3294.830785456454,59.7422783015445,67.77606134217613
95.90009175487461,147.70758798112115,269.27813971026256,4155.227711157119,55.19203166305797,63.21408705948629
61.167634664887416,168.85417009830923,196.4823224360744,2996.0280819796017,51.92466370400457,75.9853786095384
35.013470980418354,181.5495447860617,192.83868680173583,4054.1855738030877,53.76830569269443,47.832625548809226
62.427809818889145,174.99642136042115,495.0658235865573,3319.4420930466877,48.085239449946926,64.74440713879213
88.3918305720351,120.0708921548447,512.2432021194643,2550.9694857944514,94.61589778876923,96.64126428168487
57.60000462518467,119.37276740313887,240.48799810268065,3288.0076975777047,78.87299556972445,55.001362593490626
80.49623500946569,171.58015645753335,219.79896554154516,3704.9590840607134,56.73460563277994,88.77960891338473
38.9030139272734,130.92051910970582,337.60087929223084,3500.2728747281217,55.252388741940706,57.194261470319915
103.8670758923168,148.69199676082152,231.67342823151156,2642.435159490694,49.19719129433993,44.61892735373473
63.20652328340812,127.23061400478889,258.801834575351,2795.0122349037183,58.75917566233217,53.05794292456009
75.62532999914265,119.94725455527956,1084.1127269266276,3587.9981998437383,55.21737199810527,88.55128323256143
87.28032689008123,171.6768061429826,431.5986149834204,3182.1008524946396,59.66638778828519,67.04482617095944
90.77269786605765,166.92041931755014,123.81706167239042,4459.7371918594945,53.05547709337244,73.79300693039355
66.79684589945448,101.14883024318912,742.8069715465712,3368.0352635806253,79.32570113954564,55.01450644748286
83.94034726008378,217.41071353169795,232.0901136660534,2660.4196004878895,70.68828698920584,64.37502676534349
64.14552830072152,114.78286003006083,363.9226153144617,2895.6762282902673,52.03653066408553,67.74966053846701
48.4129135964788,126.76760248078065,358.3069961965448,3255.568502789988,48.960540065952905,64.67122561868433
91.16513630217806,114.25094327598087,353.86468231001317,3258.530157704818,45.05235809074209,63.22766650710029
101.35332589034624,209.27042436489882,420.24819818340546,3186.831487851542,56.77381817363306,94.63891977795372
87.66561757791918,143.5541515862466,152.97673925933037,2982.941832033585,51.98438925685285,75.23307173307506
38.00541914197716,149.87591582981207,297.68266148904485,3542.957742255066,50.424227189578744,84.90139527608491
124.54408257021278,147.98732782955176,151.6220120260453,4089.108196283824,48.71274987572826,61.50841614404765
117.92689401855792,132.35317791828044,278.68444506880957,2608.85677181112,56.393289074431436,41.99591420338362
53.48676495727284,168.10005649102632,455.9843567767833,3264.38167075995,41.26040151927213,45.98985444432466
71.1101953913829,146.66216491276737,161.5700902531488,4326.246700204901,52.42290513918905,61.174889640505185
89.33036828133983,175.4435797545463,136.7894093271501,3089.623529686722,78.60949202794049,56.53478940023425
81.24769386575032,96.21315127239588,359.94868997691407,2960.9280211011114,66.99776555236248,50.38673525589702
53.354312658804176,116.91018409459919,197.5568593923113,2504.4089490000015,60.819816568156014,60.25846032781071
51.57878363578025,126.8225551732781,270.9714869901024,3604.665674120587,62.224783731772746,61.543913550389505
62.62809271074881,164.31474133097294,873.8369401505018,3201.446373922472,55.27058289313644,65.7230588086182
61.996130575393124,179.33049318784177,249.7700266246722,2018.4986132143088,47.89820222561057,34.52702260093829
119.7761864861056,120.81890949758579,125.25850293913648,2605.9865814643636,55.21612098359983,57.166493657617195
59.600519697513995,112.00816872526222,368.1270030333101,3061.634563671577,54.75855420528368,51.914507992235784
48.36465120707751,157.96678722912242,454.75411260131386,4094.03419629168,69.1169539528519,68.38463966339884
84.92720284394463,101.42096611994903,166.72368462912397,2986.61240831141,41.771000737916864,60.98952463917476
69.36829548680926,172.40008737066162,188.01226025967804,4366.9590192778105,54.40748596894303,77.92944325773574
84.76423132402573,134.59345536641297,645.2612721801786,4214.705700912397,63.488111309438736,83.13161355235584
41.6960535069715,119.5306827278321,454.7172858484022,3019.6076645698886,45.698216454618056,59.604854655826486
82.3471371752926,134.28006248414385,350.3808718535269,3392.942909074039,37.55746230402702,55.863979894972125
55.910003510930416,179.2384663030642,209.92536940356877,2922.627002162897,60.21311517127319,44.686676236389545
70.58883420434438,201.5846038024441,459.9548995653402,2830.686468554983,55.387429807581725,50.085770532360094
118.6112304899755,179.04649943065743,131.05763592355464,2835.296710757203,57.25647503625795,61.38283250653499
41.32260512188286,207.83983585465927,604.2580028508227,2622.471175004173,75.70033324856215,39.929999517799764
50.60120893847325,153.51935689893955,123.92556331795717,2716.7360130902407,62.433992572819555,65.20819945976771
69.89271547927055,152.76968034515485,210.855297617951,2800.031427836683,63.95014210138366,66.17745672005587
43.099664235569904,146.48833164183463,162.99868968160803,3547.093833716466,50.666435807345785,34.769926886197744
62.083181779532936,157.16090821643155,203.14123686608528,2266.9495675144026,62.164509766226615,50.759135423100545
41.99718375395966,175.59919654884746,225.7545537292013,3110.094984619268,55.50436854836172,33.45047676326077
103.47838580391958,202.4117552240528,362.4960719870452,2886.8618113885614,57.42314199006363,46.393165533985155
74.60306388892931,128.4684243048488,507.56723616204243,2523.0005211589996,58.168591464466246,77.87363801712054
115.0484441526622,131.32852260643284,169.40851460667432,2704.9919603116323,52.72563291279772,50.62896018832218
49.21629650643645,143.9793244385616,150.95231246568392,2968.6465011767054,70.60326862257614,55.34298298151356
101.48806492077463,180.31826768519025,202.01034847959772,3914.759170984188,51.19360795615669,59.69098964041392
83.36107480472825,163.2071918130378,617.0683892641819,3524.020368355095,48.123198836071154,103.39425329930452
76.28666772152354,194.662214092877,539.6099606221342,3614.2855742970883,48.42459303662491,74.16314783147912
62.06578140522009,137.75449923789319,290.3571877638566,3704.5079587137457,51.49643630846896,65.32850345593519
57.75107621357158,136.9278389945666,295.5021389105162,2498.164419320052,96.12199560137262,134.17803030230903
46.62486527902267,322.592080260329,278.6902036768198,3680.391919905299,44.13758316667678,70.92728487029902
104.58670565644334,125.35358549164789,180.7934515191788,3128.6256706247805,38.261570305170494,49.30824516072533
95.81059287411031,182.74302584839455,479.4586434065096,2697.9317065201117,74.12882271357333,62.47283998111742
60.343275076821456,128.6804783661205,350.497598036001,3020.3902167283113,75.34063968152991,65.0089158484358
86.78152638604745,134.71843658421943,537.1606335464301,4418.466414935069,63.24296225428831,63.14525517059336
94.15610115749425,257.506384643562,243.71652416224305,2639.791580508773,41.95619867895399,41.43333518295772
48.52713441768516,160.5640470763289,146.81566037455508,3164.1474276788495,45.50799746210222,47.42986852109816
62.952398839531256,202.3355905823234,234.03177410936752,3520.9461902359712,55.95417678155881,62.954457591304525
83.19052339683155,219.65430659560826,413.1560604477731,3019.2266816807505,53.229483428203466,55.10724374773281
77.10360962955463,126.41981677786393,532.021159683771,3147.1602732341175,56.56569805816805,54.92741675771761
53.18483966177068,162.44542508298358,380.0897147219704,3614.7034139650214,69.85959812788113,65.26542374675036
79.16386271833863,122.80049158543864,194.43780038368547,3282.250235279819,69.56085932274469,47.713903958270336
79.23236694675761,113.17660530148228,482.61591495811643,2795.189008804661,49.190923214889075,48.98825095218058
92.65205471739291,192.06445686336139,484.11570392881384,2927.096867033074,83.86264809381439,41.123130017135715
43.74851295913992,169.8318862096243,232.27318655147755,3204.249654521875,53.825299032442466,59.3570545247684
52.48208598948021,149.72149241252325,598.0481043615548,3174.6636366692096,52.07019866770075,58.08394978550655
125.84985752098746,126.02506788400038,205.03865046674446,3210.643182950862,53.30579545461238,52.694315393276156
62.68647606446617,157.80896765816402,343.61270051788034,3509.6656032496976,54.563050305240175,65.99636346877486
58.61135699270286,122.70719800764236,292.1225697108568,3276.5393067097584,52.61159004920182,60.38205505484442
55.03773425691581,132.73807713879916,430.8698193838574,3047.2172002877496,50.80255185336046,54.25798416417732
57.94802889123243,180.41685321106667,301.72273858784126,2920.6085977046655,84.38027712685735,53.142634631098474
74.03632586279416,161.74587984881742,295.38745397578566,2560.4520477904907,51.68283715666479,65.78607729305665
91.92526786279083,133.6295334184215,435.8931457532864,2952.5427749413493,53.396766148946575,21.144205283723092
90.7175894963764,174.18709147215995,482.6185575274864,3431.8313354299485,64.70172333857442,91.6080180746907
113.40547276250035,213.31392542207124,445.35120374253495,2455.86623168493,49.78064311704979,105.1134122517226
63.71398156376195,152.58276894041774,952.3660065007364,3476.6225236058576,68.96438404416149,59.54282708088
84.88251670188421,140.11321865113342,392.18078345046547,3277.233117822245,47.63256442698754,58.349963561506684
60.46434492881558,150.13888818773785,111.96893731119467,2885.911308593084,62.596668831540875,50.122004258112554
51.99307369806975,228.3514104463808,506.51268141365983,2986.24231053232,59.87974439537244,66.98213092815708
55.76421885327799,158.34332303832988,333.76088479332327,3033.4112661356994,70.49512885197,52.94511993453672
75.83731303380765,158.51110380558188,222.92132725177134,2848.853366405038,60.76077223949697,72.10991824004103
62.84777781997616,177.724134513877,277.4578922020383,3102.207347076134,48.96102120194598,59.363921169873535
81.78592511920286,191.2782574553401,366.92507645774754,3388.129573619173,56.32433307101327,76.45481507539189
43.408636943726684,128.2327665581683,222.30225475770436,3376.238586400813,56.31478993534195,54.07535100307622
92.10801029942013,212.47747574065505,225.28437355907505,3872.9955837983907,57.407120619762985,66.02217888950534
99.05144973843123,115.4353329807769,408.9420720002007,3262.9033510418926,45.4305923571842,73.27007046495038
52.963521101550576,108.76822075562643,310.3680049062749,3917.7285857632037,70.64103775493228,108.18387722970824
55.136403095424626,141.03869627896833,259.8745961800009,3465.131805389806,54.22706402185621,52.088065219469
62.849001544353214,175.92201665848364,453.97018949356624,4253.455639783966,51.81448504452797,70.07809885531788
93.55536953906032,232.12467660239972,369.83003866930045,3907.9507398464,63.00329383111872,76.80528909421
80.44543178315317,132.5279929341165,323.8184800552037,2947.299250472193,59.210698730000374,55.6796889829806
52.99617872688041,240.09398111535273,610.7452110905498,2815.0212518609114,55.921060167601034,80.04441491553312
50.084655544644285,200.039316718426,113.64368877861382,3849.7469339935597,60.23695837587811,63.331496681887984
158.9601240308223,123.91730735068336,386.71342251744676,3003.3253971174076,54.337954402056354,72.82598793571907
86.06344995576356,128.55608413908124,372.27891905268064,2847.8301450541258,65.91115196626488,53.01194745050786
76.83158837528437,181.3220563838871,180.67930669773628,3164.413837623059,59.93794182367435,70.35294474936869
82.28574054054586,159.45578238861236,627.422247359978,6058.440142533584,44.663737362047435,66.48171565926499
54.142347373141604,88.38871223641401,596.8012361815787,4519.27205334656,27.39399139811414,51.97867158324997
37.72463036593355,182.48223736940878,736.6918358905439,4378.3177362995275,38.73384387249101,73.21459891623748
66.14192277001936,85.70570154939409,296.15603751329877,3886.6887843726117,33.713537076258085,56.760346991352115
83.88163551829089,149.36329427059235,501.9660741914913,4911.968683976863,32.83921817085983,55.67842648005275
64.07116949439947,104.56624344381093,571.4782878950591,5961.352814190598,57.356605205180315,78.1408390942505
37.62816053989321,91.89290641281552,497.22366186046054,4702.150833468959,33.1288538614541,49.95620411561775
61.95354387347193,165.2157542992041,409.0586488153899,4199.757167954337,31.74059420782845,43.60121493687888
98.00100418859292,196.51683632404576,551.8448257094427,4741.361232763065,36.05090564023828,41.63389467933697
44.066042252585554,55.69921300914264,594.8739968452551,4359.471865559373,23.080903526997172,39.589858184829836
54.22781828081266,112.21669910406881,384.1157744396236,4468.025643639536,35.806751344220174,54.989005009750414
0.0,45.58617528101035,978.0658743638872,3511.1239888268874,27.01672565385862,0.0
59.292318174204425,140.14011049288717,692.8272800640232,5146.771938373573,30.446464594677735,51.9747233037851
66.16075626609722,124.68071600515489,286.18590493346755,4733.989112740268,34.84440822619352,47.30772458357063
43.47973147027746,178.1010425863853,599.9599190478534,5025.342103442897,42.64516334021411,64.60520783239404
69.76221190429165,108.20198287606847,601.8241978804505,5894.348539332673,45.8446412440624,42.66039872431826
38.3846068865074,188.97555059665575,451.83086599231063,5090.896476950395,34.349918452305715,65.2560514242252
84.23922780517155,153.06720542940621,476.6115841107723,6217.387947106783,44.77440701060401,49.24958783661496
44.24593936035235,116.52355427140199,544.8432818428759,4836.486846531821,34.40116253641575,57.19601408956324
54.522526136430926,146.90309239039746,587.7180094629701,6388.0115978169615,44.48433615788343,65.7889067008906
52.05219217701144,223.93560486863288,585.2204676026295,5208.645950494259,42.81520628365598,53.89643600088257
40.39348437179003,184.47341464654474,516.6667611047903,4665.6833856064395,27.687460068767916,46.845469121795354
54.178259270810926,96.20922104648523,463.4998430034898,4448.510904121236,33.39877206591915,41.13297346805391
33.27162625943533,197.3372143215501,487.6839178195188,4123.450913492174,41.354163362141215,71.19635761183417
37.166990009435736,71.62482707499979,370.29909579217565,4921.102448253163,18.082649103315656,62.231214772520204
80.48559737015805,143.50521351882182,279.90742919977964,4719.440565602327,24.676492570650332,86.95940064695662
36.99672237865228,169.40368090522006,481.12081814096734,6368.983581322458,41.6063642666259,58.49562939744984
65.8927989574304,222.56889552870862,275.79641053490394,4868.651733856594,33.02676272667141,50.848276404581966
44.734119606664905,90.75122660686326,713.4804687916821,3864.314392537115,31.365604127278708,42.63275624352683
56.29908744146341,78.0500306412427,426.6733938516535,4624.36195790467,26.815911486461495,40.07091312296082
93.4231997796845,88.20494934607368,406.816934422223,4675.1320988822945,41.02170485942626,54.32163094088655
67.71576884477464,138.93167070148206,679.5330363530871,4901.8088570588025,24.386200256987102,31.139028570419278
47.27062287001541,159.8148299065702,363.7997054787816,5545.174216030963,34.427304677320194,52.851203824475895
35.14605020112758,153.30212130357577,530.8332731897251,5908.337180439736,48.090446873260206,43.58743549165835
60.322656224565165,188.2019977822999,561.3041852247632,4525.336527556694,39.62404695654954,56.851924843803246
53.43576171987278,139.525823363859,345.2920116621987,4453.114484574081,21.005041830680902,71.50126921946608
83.20020406385962,130.59424972452325,571.2184144604778,5409.40083949779,34.74750717275194,58.31141317864778
0.0,132.56586511905968,165.60989699053684,5131.400551012438,20.900146917593364,0.0
115.16105127737907,155.03022890321228,568.7503956184667,4965.28386927222,38.36921679810634,83.63374027313736
44.35355094517305,159.07293558827794,580.8774064697611,4781.456583235731,44.60931916301341,59.80701259508131
65.68293026383687,147.73151783570987,452.1054544962641,4431.569656284328,28.045204458867516,39.54315820548337
38.27570784392494,177.27285801858935,658.0144519194877,5867.403589169031,49.2625132141332,52.3665722024528
62.10055467079875,88.93353126422635,415.7266926812091,4528.912916834553,44.20142970147953,33.16591112531199
38.8435092069799,173.95632116601445,236.24990349501857,5275.9915720592635,23.300815600367105,75.58888290980524
53.89678396635477,322.6507124219747,207.23218744624583,4346.533413402054,19.174051372855317,69.38337681641296
61.10368541415286,36.75647084090896,815.0152406809857,3978.627212949536,29.859574776077807,116.05336904679946
51.31208228731307,158.1761550739604,496.2934414667022,4339.308655075203,19.793254309226093,70.83685596990856
42.729887505558146,44.53281194044534,491.1572232197,4875.462558462916,19.125002068804317,38.33343521103851
52.46722225657587,85.81413190765684,311.2740073355229,4682.894830501354,28.751398143790816,69.16874645531846
72.38255832726401,59.57497532305915,533.6053828796629,6228.719668690008,35.14973535426445,23.424684478671807
56.037998897175136,141.60665918834894,670.0453672162844,4972.554977457077,20.498993023436633,46.75941813855071
47.69454066137416,115.30578511101264,379.71149024159547,5102.760752642234,39.58673908985266,64.95350283519943
32.19611272704894,113.37111175179469,496.40268408268946,4393.383842463418,29.158491040531494,59.08521822997117
71.20361766730609,131.66374584828947,666.6968972444081,4922.29215707726,33.944801232864855,56.41495727250101
64.873632134218,59.18877109282791,501.2608289157018,5239.339007425255,29.333958630663204,37.695975587488576
68.89915269884972,139.28643825102859,1223.9015027028315,3914.480295775247,26.505114572534836,54.56050945388989
40.173992653517836,84.54675678549054,315.0809394324381,6079.557947059647,36.76233233667885,53.87506359068668
71.69718561956633,117.47321321407644,473.00572206854724,4548.04355376024,38.02173899070079,45.314308324549074
43.50356786038908,113.8519317344272,224.8577052782785,4774.99969326553,28.931296897365677,43.75549031504305
66.83460009039696,101.34629798549066,457.6987262856055,5357.723410518706,34.14612738925923,37.966316355066
54.32881824782138,240.3558134391783,586.5636578237458,5533.125488787525,33.09885917918501,62.53400487009293
74.67208559311891,201.11044937379145,475.96709342129213,5621.270185636112,39.923404180216735,49.941240446323015
72.02841122881682,103.53951255906074,390.41530344561653,4006.666419725478,32.50086895595846,55.413328791849196
57.30598216346907,104.82997886059195,271.27803152091235,3836.751693706,28.879227046576887,53.28910068460108
62.90277755355159,152.51324230816894,20.62721438907326,1665.1937892172814,87.51570149896888,65.25214290711627
89.68101787450385,90.2040962913494,3.3387878713023653,1275.3631640789308,62.13832954996339,41.920722385701794
119.00054419056724,108.90969221683596,51.677843349428905,1555.3541433896785,67.94399627965026,107.51778811767788
94.31267884344769,57.77419743170001,6.885169457994744,988.8025864476006,63.49995780261819,83.08880842013733
81.81289066989291,171.16038499930926,33.589732648011264,1408.269161865345,71.74619294860301,62.86994840287433
45.017860796426575,113.30828852633411,81.2247086425401,1788.3882653319865,84.87976737471918,45.28956103409954
90.28169726750295,271.2487959677495,17.449981978319933,1823.5884950344657,69.46974602092273,61.752795665265886
89.79608306280548,48.11652174502369,33.720852907136646,1384.8799086294262,44.923644517488384,84.59454958357375
64.24713838535074,161.8615633424977,6.560458517712601,1323.2021243669114,75.39941101226108,111.19832733607595
105.80481038765242,91.0521702815738,9.028363427987598,1698.862926562178,83.94528999165796,78.42013983047445
69.50185456604984,146.64849870915006,5.39264294328128,1420.9173966292722,43.28326320075972,61.360924760223426
54.948951942284246,245.8350884185018,62.337121307536634,1393.6028085597318,67.88569610556665,82.94826916883058
105.29256291553716,58.985983888156696,10.154333142329936,1102.0330280291705,44.13392597040077,31.465470827430522
78.28765416632943,56.53637389484279,29.74408978899362,1810.4171841549044,49.788626963860224,65.358501943132
61.854378982049084,166.30386333341986,34.86719497437189,1539.1067183657374,55.48940115105893,68.05800044431194
48.61742609950694,124.95526600925378,72.30659515376783,1939.441706480287,76.20019799552055,25.59400944573402
85.86345336684042,205.46468375527775,144.11681501166575,2350.1055553551078,52.33272526417952,75.96290221303397
71.28229542113628,140.21350774754168,383.52134103763285,3521.812192674436,56.60610006263855,68.8517945665145
0.0,0.0,0.0,0.0,0.0,0.0
73.67214240252217,134.12722025979355,301.22535869860906,3282.704825991862,45.2123574363592,63.92984530290079
81.18981034762105,167.7517435683436,602.610958995929,3638.0628440992236,55.56851887142001,67.49348993572747
92.31692061502517,192.04139087161545,445.8338084961122,2547.10765015021,58.2665292332285,70.36980333896778
85.35348817369365,167.7027506379107,560.2770274785082,2527.7655287976386,61.97681716615349,79.92349316356606
76.67246725646419,187.07693563164494,509.6782106581153,3199.012853064836,48.42268275270662,59.78525352233961
71.0797138091753,225.50791530215156,307.21864300997123,3806.8705265222825,48.40152815302586,79.9173587016342
77.8661048128631,173.27357445837345,163.65110658006014,2540.344444596641,62.03748690169438,66.80635950670053
86.73423794608283,223.8373923517673,78.24867765485195,1471.8896407859568,55.851453876798175,56.05807330236754
75.64990466136854,161.0972436227835,288.1589793494988,2851.4799761808326,63.31597515627353,79.05801401117836
95.79377343087754,201.16508093918975,161.6200525116306,2627.9788561519736,60.33303018479158,77.1923407949931
93.46591070314153,186.54884317633608,272.1221294099679,3114.8396299848464,58.05867248550535,100.29476878673748
90.22257343605378,163.22034420593664,218.78532101340497,2958.524751966991,57.898376665259335,68.46314129372313
67.40322737172562,181.84869385452703,389.24374574562205,3066.0344278453385,51.58635329323744,58.946270091189355
91.3157876230596,186.70108505232344,289.9060852861746,3364.8941847795236,58.34114931424623,81.60453990206248
91.247041755352,170.33499224503862,1080.6747992000485,3445.971762285976,47.427706848179355,63.41410480729833
88.69325403182748,222.0747955328638,83.65778868989938,2653.026624422841,52.146559664388846,72.0520101663903
82.96901227094065,174.17385349678182,176.18491745955322,3308.9817354429642,52.60374152276436,77.65533335515458
87.21144109062178,232.8924873301762,266.4917206619376,2852.9520966259174,63.2537686078151,64.28793703668654
68.83641681403607,226.96458118019592,513.4479758841501,2960.777199107165,51.33476152871687,73.74270799575564
89.53315418632414,201.50664367560202,218.6963941713259,3570.3740688703488,62.12605481745779,69.38412354099796
89.25522766960735,141.05870032380508,140.3407710835583,2875.773871018132,76.4235585939604,62.411404125517585
69.41327207085958,237.02362419250608,86.22770594375177,1427.8575361378612,50.16984505180956,103.80303623064276
111.41825932079874,234.54130334626876,23.980473093874053,1701.4559842551032,56.38553039669678,60.106623439305324
85.79709184240181,112.45570311111744,137.68623669431528,1937.5502325593566,54.71104730830724,119.2272685069814
0.0,0.0,0.0,0.0,0.0,0.0
66.21383341907392,69.96476046901441,203.37206988799485,1711.3001600999141,62.752483338240225,92.75413186920397
60.03393677503789,87.92524261726211,62.69132428500475,1467.967925489727,54.757988637306696,37.420966404542
62.05761771258061,118.29545714353492,87.39477036035241,1963.7251136264906,41.05883377903611,40.07218835122314
114.5287888209421,378.9581072339015,70.49545216932032,1683.5366503331782,64.5058578996412,70.40996308755399
65.23201889129766,120.09496284865654,184.2140461629958,1995.493996285772,63.58352778307344,92.11645293728522
0.0,0.0,0.0,0.0,0.0,0.0
95.36656204755226,224.29041452219516,105.12622941103339,2072.493894485451,55.54406252307034,62.31161044611641
42.176637028935424,198.03704806983683,269.25254967756615,2251.141448689747,52.3027822892161,75.41744214519152
103.95434823634625,180.87844638453987,170.3603095627565,2004.509584711744,45.24924019393723,38.05289628746268
84.93608757222681,263.58562726310026,229.09538263402388,1599.8487874329167,46.51718548394321,45.68255951004595
110.60402903840604,158.9758264427805,30.959812821792646,1430.5546110836058,47.283601493717114,65.28214503198988
62.93558123853899,178.14532577082437,15.941200523746843,947.2121711398186,39.569729750293675,48.768040287547
76.76552059895212,187.3443793620989,67.86559685312905,1984.3388874136022,81.96033399306114,68.5889775467696
75.90536914694152,144.45036941902842,42.05566859309075,1440.0881427373572,39.43141431797239,57.870139374712664
85.1274745048097,203.66383380971394,71.20679849737026,1428.2514789697236,63.08692945868317,51.38765833585923
88.49830911006953,220.8582015535987,28.426108895792403,1901.413926645448,67.93140996333253,80.35633057287559
118.2724495606783,209.40819978900294,7.843124773181837,1716.4949180250642,50.11947049071106,46.94736674761062
62.63721448112619,186.40407517037795,91.3934287070317,2227.8913751579903,79.62857731751045,64.25696572316905
64.64478560258463,226.92628775172187,42.3763894476182,1747.2981574067585,85.33590081653311,72.03379012271643
0.0,0.0,0.0,0.0,0.0,0.0
74.07282891527883,193.8918203730505,26.416276322339893,2602.913001478074,52.32885320827262,61.62812515613334
87.71445576476789,192.03489462047665,91.78289760903817,2313.7377799946153,67.60951009562781,61.98281237022064
57.205650402953665,149.0235152614502,157.16732628757933,2552.0140183119233,70.86326427637452,62.53780740533635
57.18771254259665,179.19060509729806,91.1036700976852,2633.5551693504617,68.72858523152286,52.17028066711508
73.98806116029144,199.11101366441815,33.05668914746057,2012.8736853744656,45.57332238221353,51.34130944098697
94.16851131956265,125.89789946540631,26.124087263608534,1500.9914963002718,70.14740321982978,47.31397964922606
115.05325654827807,176.2529726878408,23.821463977603457,1020.9454772022376,56.53718310771844,46.85723918955891
68.22250837648053,158.58596648610902,23.20746834929198,1946.6293312892772,59.064273797823446,52.95269252395896
101.79590922997892,250.09871911673136,131.8330026694095,2106.825754446146,64.2203074984429,71.84131736502393
78.49799124452593,62.33555663451803,11.370690629786298,1851.6831736490865,61.81082324906208,30.233188730104068
80.51543886074565,126.08312472763502,7.059986187551777,1143.465730417157,52.269085876858114,44.116848359593384
79.3080423771991,171.43848505684085,9.917944290304455,1559.0774347740107,75.65659782155738,39.52533794853453
77.0801643363644,183.90744272428438,46.2269180242784,2005.874240322164,66.01725511229216,67.53153951570856
111.38049658099433,150.48081631267456,45.56252624381266,1049.9991422976482,49.538055160778114,44.93310831823365
73.11123097377478,180.88652155940215,31.091115617437453,2362.812588917742,52.29779524259408,66.59035233453305
83.6093005672044,150.08442519048376,30.258299306031063,1730.5899884123405,60.68731524269005,62.12533789635317
61.80613109941087,53.16471978404728,3.023101651766148,1984.8810631928475,56.79624860408516,31.9838203887134
85.74113232385355,149.0293742649954,46.00352699438959,1584.790360063317,45.75016933899202,46.07295108577579
52.242062199625515,197.0399403927159,112.9108750443132,2014.9638486757844,69.32150393053264,78.99737251993061
75.0883767921559,168.94016111946902,56.951368542125614,2134.137898207744,59.49321136312692,58.722912436219005
80.126488606275,178.2002615552928,20.492098739330466,1420.9244264427584,46.962268349928166,42.06999169586478
83.25629906451141,217.94383617782077,156.11521727510075,1627.2454287469682,64.80244991135491,87.37846931416593
77.08679091105364,206.90211004281946,73.73825205462413,2194.997727907606,68.2595771490997,68.11793641392137
78.09459609711533,274.7484869805807,66.97570597672154,2779.361962177431,64.76460376491505,59.093881714945994
95.99110207228566,216.4079193218544,36.48006643619672,1542.9985046057022,53.14785028107622,69.24481152305842
63.44032524736183,84.95122442780854,4.1179248908515635,2432.5855231061932,49.801585283812024,50.698090549528025
93.71347770173608,163.4416694228924,17.826889171320914,2129.1581213721524,67.09849716918265,75.54624198753497
77.1166541653932,181.25846957483407,137.78969420895874,2528.79927619331,63.497776554767846,57.80584060603435
66.47286132651698,184.41600981139635,49.39260015786087,2405.8185694945996,78.75149679420394,56.76892438247326
110.19928067831384,170.37695086986983,34.37344013563502,1555.7204389824424,60.39661761696284,65.41541481253219
60.697301601281914,194.91912618942698,65.42612382886367,2091.7872674710898,69.16414157243848,59.4763627988224
0.0,0.0,0.0,0.0,0.0,0.0
104.60525728643151,162.06097912650404,56.703867579418876,1841.3430857467508,78.37470366698628,68.28931178326852
68.05413432496243,189.11688280141473,59.025860785474244,1880.1146640338313,68.98710983228918,67.74651253100126
62.51677186553469,144.34661724424328,122.74985788170156,1612.7858278107324,47.12747545226522,55.066786232788616
92.8771733761541,183.65789042280275,277.9327669645778,2267.6962142531584,58.499592798679785,77.08397314597246
93.67287491703514,212.22636813460872,155.38687940422176,2263.213058292534,67.64981262766084,61.8760094776394
119.95256048740862,162.71620066871998,22.509755467238914,882.2089911849386,60.567190576051686,49.19925477756193
90.25324409810767,205.79897210142477,14.848790791265802,1257.51314426904,70.26992441295658,52.85813164366137
73.20132070176714,222.9852819401875,24.29039117497042,2301.27220160695,58.79597148349725,59.94595172649133
68.14171720370504,155.41670740642024,46.55525758763625,1650.419522606034,50.61665867761373,42.30631211242409
80.219375871559,88.39389857576406,9.406005248071057,1437.2746846848593,84.40444123374132,57.17752365560581
77.52083796441289,132.84224251744757,62.222798337997176,1575.7826295592008,47.725140023860185,58.35152093254411
78.45605027242121,159.80267030934573,35.42538432408872,1879.3673661025034,43.63821653942934,47.97238643983559
79.1811804448133,144.2422841652915,11.029619750244569,2165.005284746033,63.86808615501468,44.342803109572976
76.81890767605196,185.37047027370357,52.2217694893867,2088.1499781036737,62.23052611709382,69.43996992171435
75.88497337663222,196.2592715882335,30.341280321569464,1919.6940695122696,63.50220712713949,54.85442786548937
68.71720884489177,202.57634560891134,80.95473307366383,2913.3950452457602,51.72280826592165,77.76869277391845
64.18998607313188,161.64253093622415,63.93883628548366,2275.954924716782,57.14980070863417,59.71070025907552
90.72028259068192,206.58414620622517,37.601877021027875,1593.309096199224,62.81243311017348,56.94367819429889
62.66139482510066,207.31206640542786,111.76478452968152,2002.9988726855895,59.91720547004503,59.48041217989167
94.28970150001975,190.62458418564046,72.39263717916081,1952.3246234677408,64.72634165621591,53.00795496380708
95.7068615758072,243.58131203912188,126.2006418122156,2444.9765500082585,60.43292123057146,56.24783292536294
54.80792687172883,175.0858342156006,15.008476003084507,1654.8236725314468,58.16543170884789,52.74948535368321
64.15789890048961,174.98587665677317,12.17802347607027,1495.4390586835636,59.89924634703645,71.53539656844946
115.686298584979,174.22575549075503,8.165963081855761,2009.037576516706,71.36667791551561,59.4484242741734
113.29351803386348,167.015553038351,25.207016993059636,1780.1657812284545,54.88642383908374,51.77545179006687
116.15244825417037,142.23626593541798,16.260792823295827,1815.6385017804864,74.16218768976435,76.09897268970295
69.89942614777513,159.68446452122686,13.06708352428996,1461.8823933253805,72.16599030446936,57.28894120611714
56.66323861194794,224.06742872577396,90.83154265789472,2129.5325144935823,74.87962098946795,60.79043069265815
85.38231848300178,160.1189825564898,28.104870090553284,1229.2224844765674,46.99233000460585,53.94225575862048
98.79943797634635,131.73347464296447,33.590998339226545,1575.956101363809,50.83734614472645,74.63076522828351
74.4771407322767,230.05192308307977,32.37971549032151,2532.8338274112725,61.4547696971233,75.71642574747482
87.64077080625657,212.2772992392971,74.19319594763321,1842.57208615645,50.45993593444092,69.2634112728604
62.248790246010664,178.99099636645784,176.49498310752853,2807.7926065048428,88.72406075674749,59.47428980022372
81.78979299461074,274.0062081554216,56.60408550121376,2018.804815776546,68.93914815471769,72.99066115297678
112.66306367724619,312.95532887925873,6.622975024038453,855.1354017031472,70.51108215380255,63.39240830905415
95.85411358035476,193.72936721015864,43.92980907776264,2667.7759517734075,58.03396349444303,57.97676296349675
79.75109683600544,250.54217755200662,53.630460437480465,1651.7137107941028,64.62851640392074,73.30225736351845
61.62179960192168,194.56477447347226,47.421636444109865,2412.303042893759,60.21489187754472,57.30008941926909
83.94475021530454,200.85728834849823,94.12823011088196,3003.6047266799105,52.63574031170275,61.15715692860982
57.501846751794744,225.82940311705457,39.07973134396288,2317.9863390734567,49.37211490590947,48.59508616510759
93.20045906909284,166.85248365764414,27.926635706738058,1500.9451907304203,65.23574043934441,57.093886288834156
68.19834506358684,69.09435807939352,4.344401492046159,4659.594028503545,59.603542568279025,40.63890518650488
49.96094015959748,145.89241915612473,25.485052950443066,4851.2706910839615,55.22593532392098,57.53419850395757
59.65265896381609,101.24510112771648,2.8641489002426743,5379.935480659244,49.371855508424666,47.73701994025229
39.12509932334281,94.69375653975098,1.76995140858932,6060.292025710369,40.31944249945438,47.112107816703094
53.079741720090816,124.19547218346717,4.396437971608126,5155.355033720592,59.45078400852229,52.7960921867299
82.50400133454559,177.54290440120394,8.593879620504115,6045.317886137789,66.49950434798724,64.9455912582796
69.3290334931738,218.6683875990062,16.84678604234967,4694.965901817756,59.864288326822034,58.50338326134772
94.42814871291613,187.10609818394408,7.064010398034654,5738.140252985999,58.05186365560021,58.480529812986845
79.0141555415765,61.16011117956581,4.23090219067665,3653.7896170156046,52.43439256392232,62.12421270377374
61.35816905852104,190.0653792958836,7.0776753724395025,5905.008112192854,68.9897353406665,51.64665158111656
43.384974315549805,125.97758346175003,1.5671437040575174,3874.889657249087,66.2587348315002,60.73700638240234
64.25566141015706,204.96503300040393,9.075115377260529,5126.2347401239995,64.12109298051656,70.88371604542778
47.13684400797735,148.8091255263415,11.602150654758853,4813.792890516475,63.13477522956133,39.26826609850151
54.0843053178646,174.34557685595024,12.581390015732715,6330.953095856931,49.51735047070609,58.1616113548322
54.25254799276091,86.83346074705578,2.8696159653454996,5053.972940754071,44.61253571703456,44.06132385471419
94.95147636752495,59.154989842374945,1.5118932788508574,1454.8648522232236,45.86158678426017,51.146688919744435
81.21523446689223,200.78664838178713,8.003542878330979,5216.1591711747205,51.76062106168696,53.259197714561765
78.36493851267085,121.55807286458746,6.6617996879936925,3926.227086002034,57.08137242091694,48.97734645569689
113.21202809658755,205.61732876388334,27.569537970174302,5626.175572423597,66.57340213761077,61.7402016508251
75.05676048266925,220.27040704850393,9.83865600088047,5337.624384176124,72.21647540093822,65.45816863608647
54.099950554361314,157.5401980051537,2.5516423902477334,5220.826704208496,62.30650611661118,54.284271224209874
93.23928413541098,169.75490046888885,23.710200648185097,5944.948376622621,51.93519848057004,69.71258503728352
74.48322732254576,177.06137837153295,7.70603113875776,3643.9340867009,64.07869139686797,72.82159318576853
78.76582390550561,170.15382616081334,6.501201418806852,5328.292348420788,56.523329441998,62.141714705948765
56.29641579735811,167.1138001138381,15.264412360267821,4509.055080609178,64.83115070524079,51.964039912577746
63.07810965456065,144.95614374297446,5.717023721787543,6286.044199671729,70.4507013679705,64.0935324643757
43.00279127923057,168.88675432229417,13.712882042282265,4682.072436595581,69.8341427128325,52.210042290674814
55.49356914763475,181.40430930874564,17.238222265545424,4905.268641275606,60.85029917094114,57.93721120033657
60.74676301571499,135.79314095048952,3.2420054584105267,5032.324484178558,58.46366619035446,42.25083190531949
57.3371000465649,137.0328799489037,6.241674019087235,6226.900458411601,58.450448076831925,40.85982627610408
61.5562519598176,131.40471873169767,3.1857262539972555,5778.326210642811,66.44415765089255,49.39114164090784
82.6889697841146,194.47382058740172,25.719958822449314,6279.240505399776,66.80593415067462,66.65462127631686
50.66268761033277,119.65941602875765,6.900756328313337,5271.232815278758,45.70915975098978,49.844600106034555
50.43948234776285,181.18555515352813,12.048908067661936,5989.111764897291,62.02554625543432,58.52360113118152
58.17521639710655,101.61553358977793,1.6528327553412567,6211.087624043469,54.97896877318662,55.75833046415791
69.57374819012847,78.66060201032529,2.343481121097412,4867.438352283249,39.63633804913127,41.85443858961975
145.15983765844513,180.4342440793207,11.515468422471294,5878.873133128719,61.406330532411836,66.6685825844601
82.65059983519384,55.52313909349546,0.9937043620628104,2138.6951796346657,45.940760212878544,39.32744129670887
70.32724781493742,59.3127011578844,1.0478174232224646,4941.074070372765,34.851384914925646,50.36268315405958
52.1693358616403,222.7627496264193,11.789258027876459,5704.714566145101,66.47352321145411,54.58549233582981
82.24489293678953,176.35671175130304,9.29840757094123,5378.484212756639,58.98999641303065,65.23430960270233
79.91406585190387,151.53778764356835,11.902269704479872,4846.628243534727,65.98876544212747,64.13918279890434
71.13990684927298,163.10676226272952,7.3363861752024535,5529.5261899354755,58.66183467372455,59.104651397429066
66.0539894155509,75.87734001455081,1.3934195691516962,4837.827378325298,46.27994226231744,55.463599914552525
50.64099271259157,89.40834086686566,2.1946406788617994,6647.980540425422,42.19806904677762,53.82561624037679
88.09455683045698,156.1416473704732,11.865361383703506,6436.194829533858,60.884241465294224,69.73760782392395
43.03025706261944,184.99094235222674,3.515675834320149,5246.865357222612,57.223911011877775,54.027039174430044
46.26334267096783,166.23516508645076,7.853206340655984,5009.367075546227,57.282726458208415,46.70676112591156
78.34025345412732,131.31259136904995,12.585269205178873,4675.58700041497,67.29717391911463,43.01167215470134
93.44584494543231,226.984055148026,13.385368514835793,5364.81723797956,63.831326268729185,53.825018506421245
73.83366892122942,196.70764295277394,11.171320245518462,5344.615544202998,70.01358693705896,60.45595378660583
82.37046174518011,186.09522007524632,13.631505475460955,6612.65414916284,61.88082925621825,54.864446012265105
58.18782124755794,165.18226040973428,20.874866868034026,4654.772492844446,56.29484949067297,61.25735209911145
58.06141630172626,109.29977414939135,5.903205868206011,5740.165436279868,51.132904537124276,59.87782880394383
66.5479557460332,194.77882629213838,13.692470980037147,4547.542957856755,77.2281723349067,71.79570501083252
62.3652584804542,156.7978529998679,6.426348619542151,5189.9823971438145,65.06175854984238,57.38802562239617
50.62327639364611,106.00141256783874,5.36244864251805,5358.87057630929,38.63268882115653,52.588398364154955
57.90893117715209,131.63965279872716,9.440668083969125,4603.219501065308,56.664326143345434,47.110061928782116
76.67193401762913,186.8808714207196,9.55359035839549,5679.7682006849245,57.18376684772768,58.66999722272506
78.98721594896178,133.6892055890192,1.726498563481132,5763.300944710112,51.82299898579198,57.46401024093641
67.30975503367685,167.73177727919926,17.0711025987825,6073.330612008025,76.20971435859518,63.501650795051034
41.797414364585684,229.6697991434794,24.926038601872104,4865.034349484111,68.88809994481645,72.27061951558065
64.88144500816051,108.74739896540011,1.1674669178457333,6293.419499466398,46.32778868863552,50.35051202379315
106.3583942370055,170.96758200188827,18.196324785889928,6181.398000354421,61.93584565114742,59.32151978450388
109.40893696778281,189.6120551212231,16.03897810138563,5364.3091854631575,61.89963959677142,62.27373921666215
73.26247923638331,161.64122907522497,12.632691590096648,6266.673207660725,59.914656262689974,56.64703135902952
70.93239489619604,201.2031152609614,22.965482080479276,5041.908069147792,59.915675238440556,75.67694111955787
53.17927218022777,99.93917006552572,0.46699258636351004,5956.822740747866,37.48908129092011,50.4042283391682
122.97333302307773,38.99044873936293,1.7262100052919753,2898.380420080501,47.44926882977015,49.40874756165777
76.87809112976801,198.56022686355863,6.168782279824843,7410.208428916022,65.26434229276121,49.88762575804823
80.75810234160414,199.66821768371136,5.748905134366074,4845.4370080377275,76.11323048615189,40.43902266482554
66.45920086315496,197.6720316975445,15.682762694013215,4999.78388666552,56.14610891812269,55.8776118605086
67.7208252501633,200.669759015264,2.5806203178335023,5488.555522549544,69.51851819621132,47.84104137785858
68.86433472330744,174.20911027762892,11.427116323458012,4539.152604894667,59.740757021605496,68.0705062920051
71.88846443365368,205.7436063948108,10.420686149564848,4672.242316260906,75.37005221813294,57.618876058182614
70.59331732066093,263.7185918288505,7.8415642733248365,4763.6873955948295,61.48241068448991,66.80305095134125
55.007566389605834,138.48450233774878,4.831175592431502,5744.934488606471,60.838774516209114,50.59083187537475
60.506847333294736,216.15122860419874,7.52701694586,6256.191949911943,70.50275416755248,58.120152829817926
55.21373073655779,245.3783730577335,21.201231570953947,5099.738417449413,70.43124185521886,60.12741824610215
68.92219964240296,147.60190455310664,2.6775739899592788,6087.4327277698385,66.6316205645052,58.977021154423156
63.88526638919507,168.17232037633624,8.710446915859915,5854.637886554395,52.73475513352869,72.06022041444888
46.275490394771744,203.81346782920417,9.256954200606057,6151.871046460588,74.28107945163899,50.79765564120105
102.85537017177678,196.1233490016745,7.092326828108386,5262.223862914188,55.77943560402336,67.92877559606131
65.05524125327031,168.68175037970863,6.53730299937056,7181.82415785284,52.3959808545906,53.35556326067744
71.20315575231874,202.45663020586142,14.185345211724075,5948.36198840165,75.19132934407844,77.38249389123162
52.268865721291135,183.78243500002264,9.612502028588322,5328.494653960811,56.64751419694246,51.11170331267411
87.21380485332324,158.32446757289944,7.7058888230119695,4498.575997952243,69.41786105843487,62.05311080612463
70.06868775272275,99.21453962912663,1087.3432592629065,3273.78371931465,25.141985975535242,67.0700628677136
90.2040505555226,91.8171707569804,314.25137749533985,3071.7658389168514,30.227524483751647,46.447829546229904
51.44443178433072,132.48369689039583,286.49994145327116,5115.775638983492,26.121119627107486,69.73778058718861
63.40132820941678,98.60944241012166,559.5865314321942,5654.373024079199,30.834931051303766,69.36984594729304
81.6333576959284,150.69146976065093,393.7872677218319,3519.850407735999,32.189644585694516,48.333945629356286
76.66322945031193,145.1973851395926,540.2214495475489,6880.484169895806,48.07822492690599,104.37913510493141
74.88180222357535,97.6427053491188,679.3077896562462,4588.669745083191,31.574073652733727,55.716699149409216
62.00378832336711,134.93665602742027,528.0325916694794,5011.3486426716545,35.60378925222978,56.276372342267884
80.48800390067858,82.37732023698538,456.07399594295646,3649.407538641534,25.920416947758685,59.48699026603606
44.67903943531441,76.72580328509386,587.8871663953324,3145.9634385566533,21.21283385388497,51.217291875038846
76.68475308282663,115.2058438608705,655.6642475414841,3991.0984587246508,32.074977976192784,64.54132709529846
62.27130233741974,107.94037366273808,627.4083249636295,3610.6595221644407,38.38884653116927,60.7150229226708
60.63855829797031,119.35014521118126,596.7058767733749,3353.8151343979466,36.57890914341452,69.6295993520487
97.25629199261367,143.9731520015197,532.0705543286264,6861.662645395205,55.24350438691977,65.28588032675353
97.55948650702197,142.27410044522898,816.4873098917892,2548.612349188347,27.332142131220373,83.16236060071067
99.91080999008204,115.08089160378017,765.1967739499545,3292.2103165572858,27.601453239253306,68.41132257610082
40.836831707257815,176.85013716820032,498.9130242604507,5374.3159439349165,43.043135244405576,67.86152302830914
48.47993081295463,105.84175492340754,563.3700863367067,3408.9095698092024,41.470895902253986,90.63553062263091
44.09033769122182,103.81477739557515,404.35420056072496,3518.3333850329373,26.135448386324917,63.91794771613564
76.21904066909012,99.28956298353366,515.8464149022193,3011.2667445429215,29.529879602264675,69.89376146314257
62.93087087248223,77.6687560528293,541.0297056838986,3441.406332149711,44.28706886120653,89.99069161891559
80.03948422323401,106.94685539172914,631.7628143144507,4471.982071254166,34.10845334396771,53.64461161805697
63.86617380087224,43.583023179801984,402.03003339163416,4242.209760337649,19.78615477917969,53.31101349351006
34.09100633312086,80.61251698561558,280.7493275765032,4772.771901830832,20.938123524874662,76.47304850067523
67.32255844699179,127.82098209283201,590.008269234211,2926.128922476828,41.7425818157346,56.824512867468954
63.38722248107683,138.70914264752477,697.5915615490184,4648.293198117301,35.450998130060356,61.49358402423026
62.97197645505319,125.09378413566007,595.3651089664756,6354.195660978456,40.51294702437942,88.78120258915676
34.79752881137417,134.25480739225299,477.4429923517993,5395.960818521654,35.20841057979822,70.68641209778102
81.40978747870545,97.47974826822545,441.9360890002531,3374.319930347067,27.831450098353912,53.03596777446425
64.30195842644078,129.20187418740406,494.13810717204933,4636.638277449067,22.959611940402834,61.96663469480232
52.52571291822854,84.34461944656594,424.1799071013223,3684.8595760009084,32.14181539062834,58.42767488735929
55.77865131128804,196.1733855454574,797.9694032550102,2918.3172772918974,36.205990755166965,72.2174820929842
65.28248457953939,64.66665050415118,506.6445951073366,3862.8749985906506,36.370523898085835,76.58685370440617
60.55952470137187,53.28622834607437,349.1972204348883,3009.8609509711832,26.877694085782128,72.90425605155649
37.13694868022905,104.88553810809519,605.2807692039289,3979.0094472280434,33.6511056189904,74.36051842919872
55.3255045099297,120.9660887721199,472.2518593036675,3660.893195356179,27.524949491774304,55.04408121993888
72.20033310715668,82.11836620070645,557.1716200439909,3197.4133098866787,28.390503440652317,55.75729758717853
52.463988949310554,79.36753552571653,579.2769941860079,3020.9039822985023,25.642743442524676,66.27658009627872
61.0730623816115,91.6918339696159,320.3826612628994,2834.3847932488525,29.055793787661763,64.40129031897867
46.32943833679789,100.22692849164719,661.8940996714573,3544.44763853573,34.123310090044754,58.01858866221484
46.754633570847446,171.28233488866516,351.9263793215674,3297.421487316672,27.15217139537781,44.17186845532158
37.71876570662916,165.56134728023397,512.7593260129981,6949.138127640555,46.9377977259883,73.89194838038036
76.46259221099068,112.10160079222018,403.45588133940043,2928.0947425148092,27.751538008558747,105.96368919910881
59.13336515087565,122.30433638456577,581.0588008289624,2929.801433698331,38.08451051615409,45.97557021970884
41.205490905434026,126.50660900922124,849.4478931784819,3240.40180014318,45.52012252310107,75.27506359151076
32.638590083710945,73.03946624329465,329.10767809098627,4516.833894635288,29.049653406613935,66.64090062529455
58.46404006382338,140.97667686163908,387.08389786859806,5392.362521172659,38.8786148051562,48.18021234010551
46.73255516064041,128.28176454798557,555.1715355860182,4525.067945747448,32.28635166749666,50.91096777611603
51.05879828475356,115.19491314461906,585.2912175693269,5024.039280778555,39.15889004081778,52.07159282277587
60.298781865798524,63.78301514077951,508.0565937663714,3053.3454904826444,24.078090020054724,73.9704053507509
39.38510475578109,142.61578351861826,519.6224983481212,3598.391130037447,32.177171785602575,60.30651784673023
48.86923690772469,129.56631923656943,1030.284816947633,4009.6797484840654,36.62228652132717,55.182736917844544
84.31252474627934,141.5139255001064,398.81709468670795,3419.9042418725026,30.31683480504565,54.80718602303521
69.48500229412402,134.67211653815048,422.21003654874085,5098.257308803487,31.065424108539094,84.18164777550373
60.45584509037259,102.18911168674444,621.7285787200732,5817.9119098285255,25.140778951157863,78.0953101276643
72.24284932976295,128.34174558175286,617.7354089457418,3737.945956407245,37.045339362003396,67.23386835388958
114.3343472783492,88.06862291234353,321.8104389666079,4609.206161628866,31.13329041612686,88.30567483144497
70.96907947233333,153.52961754889955,377.23607637879866,3199.9098780583618,25.62867978701413,39.29849125363637
76.32893809296272,98.48044116086757,385.90243772674404,3367.9331890667445,30.338668969652183,60.106588420240016
30.371244883977617,149.24856434841007,497.9213611757791,6270.247276919779,35.833750089428555,60.985103465106526
44.715881741779704,115.34624048801933,715.4104426339976,3127.115794958287,38.64293071927728,76.44405342938575
61.65082218278087,99.10933923084198,910.897203754336,2814.8149601491973,26.08365832538187,83.37763132000731
67.74097218808758,176.33848363088777,566.6399957513131,6242.828047382592,37.73228339705138,55.92628776229485
49.70251372331637,123.51768165395166,291.8433182150973,3846.06292516772,21.93325510756521,73.06945950507952
72.97209462346787,108.42786741526291,546.9771110072784,3363.6626595461703,28.45480609446459,85.69343629256637
54.847385255497514,108.0354575299815,665.2671064707338,3466.5652050184553,31.92901881802971,58.76445906431725
45.9222106282087,100.32549640683432,422.8677618925076,7101.87143905156,38.93336907087594,68.67297515092011
74.83692157064982,131.84281329914523,535.5324588434512,6196.476637378635,35.274262105620345,78.05910593603797
105.39665922093033,154.52171628739384,442.92014001670236,4479.888630947835,43.073303500965594,66.72933949205049
47.96072203903391,106.20813725588089,584.2951183082621,4333.587529358694,37.30731221044776,41.6439833976983
35.05335322650315,107.06271837644499,447.4207286833309,2928.435262812957,25.939618862586588,37.17596003375582
56.105763879823655,123.03825814849623,472.0162946633556,6565.343652670044,49.5348972521153,54.56207335548528
53.49364713813831,113.83276506608732,471.95332289062316,4502.804776036336,31.22365089323,52.11459310850593
37.42481274165049,123.70328967808936,243.7091731852227,4892.073132156148,30.15999976587002,94.33807988233441
78.80563518078381,156.373738769624,594.0443505507606,5151.500792613047,37.569832026636256,79.75615436804152
102.3603671511946,120.36864328401009,483.5745456223406,6889.566049974524,52.786105336219485,112.60215058045196
45.49672244257307,116.56972882836207,421.56005973815337,2930.3751539528303,39.8025422315702,80.85625032399864
42.821256296982845,123.69618781202254,663.7381109280846,3998.078072528423,28.437153455949264,57.22622010365253
71.36120777474758,130.0944838920039,420.62978698743683,5133.9434087906475,27.3156860514005,71.60672271847696
122.41850095576623,122.3855975648465,785.1733955897456,3883.904975363338,29.47375328325138,57.2921233634199
84.79276404744532,115.94600327144511,734.8892876630982,4087.281262579374,38.195689415615504,57.186749427217
93.73460474660291,168.87282188606645,417.0943604865437,5408.009682267459,40.636411734114056,70.20112141001833
93.77641080191613,130.42491318040874,97.65102525309723,6433.45134215124,37.41744164309475,48.223635264135886
83.69347126351293,151.89105335258665,72.69027410520663,6828.392064162642,45.85338257193821,57.53333572998438
79.17289752930317,123.47083105438614,29.61015747362822,5866.767672445175,60.88570090290365,54.84330400280303
67.04566443422884,200.72184900866196,125.61022878042017,4979.039604653184,51.99512616619286,63.278604799415405
33.87227843216599,172.11367341724608,137.17482877980297,4586.156607552994,51.98016716273211,54.72805815078709
66.49317492993956,205.754932678157,169.3011062960287,5769.160462292593,49.984966222148806,49.84662215243789
68.61204335668407,105.63633069564794,425.6230373470444,5684.005043769855,40.94638795986532,60.71461538660169
64.7540861689566,121.11980976381685,177.7100142619512,5842.2182280977195,53.191277763106804,64.49129938005552
47.37058622493187,126.65125652609245,358.5796869583771,4444.266186763478,57.28232517086301,54.20058294723515
51.1826909318288,134.3496424199178,149.86451694360647,5104.806619494046,45.16650450872609,56.048490160494076
54.205686756803956,132.27655180510402,48.54113968024421,6029.522777707202,50.34560873963112,48.76229592815078
52.332141120889084,207.50483160762096,262.6451119554203,5969.116395892806,90.22917673182869,55.80404568706139
77.38389348826914,146.20073955352095,29.171961601771432,6612.022530039705,44.32424143767771,53.796428584301545
65.09127945554403,155.06672684724813,101.46353570672059,5678.430242359378,57.82045115011655,53.53412198744229
70.587120825659,184.91841661794464,74.71577095473725,5839.339802539907,62.32348767710554,57.168342511635004
65.84297544684948,163.08237464906486,308.35201377046025,4345.014554592997,54.32283575006399,46.90773914837993
66.79809585784821,137.51970304357997,117.18026483278065,6179.023128477,49.78466850116522,55.27490492082886
84.41946176556976,163.91795125183816,265.6195691444294,4735.729314922189,58.41733030294654,55.32364384766606
63.567378917244085,115.49795398077728,69.95697763221432,5449.549705463486,40.29940071896526,64.50309327948334
79.94472653024692,141.99284272074811,136.31725635052643,4828.896101991103,41.26013479800313,65.82891231656848
53.17223239438097,140.10397745260522,168.1349000411899,5554.876969503986,41.9976217721435,67.40261533597342
67.16145567039688,126.68424427973846,45.851993489523664,5111.185436346013,42.705383037384834,53.958148087716836
44.000718471364166,167.30051354118476,53.78627988399734,4278.228397980705,47.13429135837923,63.67792624100373
77.24184484660299,132.78558459333982,129.35903868339003,5390.976696801113,52.52712786251451,60.816838575966926
49.59232739717922,142.2368001580709,52.37888547421933,5837.754338582902,54.844174278911126,50.38801908369468
59.521924880983725,123.17413704599568,105.63024087037373,5327.530188059224,49.01103205729225,53.419539512154856
40.679026982810456,143.94104265503455,79.01701192947452,6000.039541239701,49.98590295042398,65.96500602532527
73.37904128931669,135.14215099173722,236.60870702925163,4430.929051077306,51.28426210240279,46.34089527850234
62.497364221872715,145.67193749632622,201.57980803859866,5275.2739736414715,52.08703319385593,61.85890730563032
59.42559565036623,164.0446579927065,87.55447980280292,5845.856121217625,45.85641363867816,48.62138403318714
43.66237555282474,103.23326816484925,40.11350377482627,5908.644972919774,43.61017666143143,64.94061011385844
66.73190915530583,144.49745405849225,42.97635624716843,6269.846917102781,48.844125309495496,58.12825097450916
45.92881536518366,184.84025993024238,137.56832656943376,5037.201577764023,48.30904555307387,51.92964398312705
42.39811181143327,127.45087349514638,182.5992435613191,4796.301403205327,41.27776756712923,41.30910948803267
43.24632000106408,122.09896735432285,458.5128281881891,5586.351230087933,42.552755315501656,72.60565192578129
101.6418562461653,161.67730690950432,187.25117996261312,4973.659101763622,47.74893472846355,49.67487458055585
67.18706360220236,88.63530566396673,78.1880954029029,4070.8589710413407,50.64245325362375,54.46238867769856
51.68681012922964,124.07199629163347,38.84927000907765,5862.570222816625,50.364335376306826,53.38173044653631
69.96376354980904,161.42531446280447,195.33318499336292,5175.314270030023,50.33119689516418,68.98212702385995
54.503149550393665,116.89743466144361,78.91681366306048,5247.091329049943,37.62597816904704,63.460277725092
48.16397201678469,119.88587771876216,70.8818566267804,6919.962381235491,45.96988873974071,53.39780018914962
93.94126574690424,79.2212209481968,95.59335339267557,5635.906793198726,43.25684337338661,60.144466535184016
29.374043055374795,142.03215938403366,243.47787863131845,5208.38608677157,44.82962511890849,42.89456188773257
77.49217428441577,141.16082684230798,122.0621955947206,7120.920045484495,53.078200368924946,52.70570971002129
73.52463554226593,164.65867994831967,87.0166278160684,5523.268932032728,46.65113421139027,62.89168393192044
97.83267264467867,175.46077275266373,212.85240763258616,4904.763099641595,50.11504469668223,71.51784495886831
64.00460455749396,138.43751129118183,123.20606910007754,4287.6800643708875,60.36838074760785,64.855040250901
55.326462304016275,167.89580817821835,55.44100030674447,6656.660130531296,41.09256969015805,51.442262431292896
27.482157263479156,165.0524350974634,88.57942873969355,4865.974527228091,38.82736990301046,71.61542380255231
46.29204995396267,123.09921037206955,140.05137215464262,4701.79355358995,46.22582527374992,50.238403346427454
73.9372371295984,126.35608955057778,117.83834405421979,4927.1014875140445,40.29878923694613,63.89625936822457
56.87154111970234,154.66532514156765,81.1461864710961,4734.47370555485,44.288285429708544,64.2807559544382
88.87003513900835,125.58053188527688,96.18785158780975,4880.13049339631,57.240547388009894,54.51305307627164
60.26464584142916,144.18752538861418,63.085391777128244,5532.236541511417,47.86348651069538,94.63805159278117
51.08054573197364,162.04079031282754,187.1691674431356,4070.20892899006,67.88798546333842,56.38083461762692
46.237602374061105,200.885654514817,45.36574596664532,5593.832900896426,47.02332889985703,64.98085836412781
59.90897411482823,149.56553317765238,137.68355146599487,5468.867095118692,54.42919474899128,70.65105966147766
53.0549016815261,127.94265912957675,74.31101674300415,5927.892155053067,45.02721509486569,59.070290033572064
56.69673400633974,129.87428659608403,128.31821768112346,5403.313594810529,45.45647126948916,64.91877706628472
49.76978232259667,143.55857959818744,182.1619966219844,5905.717988099088,47.441006467627474,56.030645822491365
44.96080595057989,146.54670278123876,217.42056686604525,5636.568826860871,49.55451481742184,59.49376478166577
73.14681060906497,174.70000746790737,94.28515968547545,4132.0336237819265,64.04068962263698,59.13663577723206
87.66840251488729,102.36287135112443,286.76324468851664,4841.25948390196,50.9845536410491,52.47344620005937
56.15941065283611,156.12348551836448,146.02055891506706,5673.806286306697,49.27150836259109,72.81804738220129
68.51532836554716,131.07114901141935,43.62420680358581,5464.481338857296,45.97877298965493,47.60781578836275
43.8177381734949,95.33086206057646,360.4384459193109,5990.854618436328,44.8837781093678,44.22435251099469
64.26546814498883,135.0247670865905,332.38948288641643,6384.9401195905375,42.289714232303105,55.690096635835474
57.97627744558797,108.01704716175678,166.62546096785948,5763.681862787721,47.9216304070656,51.87220152845814
50.20237668037151,141.39528602738923,233.70806490529634,6854.960562827677,50.09581263965693,75.63231834768399
81.6025435729767,110.00441838737902,229.15686116565297,5690.763488107109,63.97091905715994,60.00308521268452
50.19984306653764,93.04425809766144,165.74277481016446,5378.007426506166,53.67739106777758,59.80221099158492
69.94765043036259,164.2434011146116,495.6183030649211,5587.315796266127,43.8619367164411,66.88579686634333
65.52951130535033,166.13840064005356,232.8409342400292,4962.628065067692,57.292877407837544,59.13776789478131
41.48862807485024,115.16358703985824,44.99027131606131,5642.885435504426,49.19796015193113,47.885722611357785
83.15928678513494,93.25579142314636,341.355068100613,4469.287972102563,61.08627071139424,54.23606948955906
61.96868365771239,125.4527305778316,146.07679271307597,5710.632841916649,58.75826742515302,49.5389161061362
60.909922473428026,179.3711126437899,257.4823634012611,4425.9160930428,55.09826874026557,66.57434702506455
42.71809445508288,145.8688031869883,374.1706557544495,5751.408081989794,49.36430476056288,58.80624547262376
53.504763334738946,163.800635970179,185.75082569751441,4828.938665806847,65.72047962441246,63.25571989157967
47.62070050887442,108.68523257671617,55.07831944229439,3825.712928728127,47.677873035022834,64.41677215083146
97.59516682839225,154.88084738331514,97.46999261795398,4840.232192572077,52.48296709742355,44.27488627198712
39.87842712232496,161.28604023638178,117.6372743591658,4796.736029623203,50.857503843678025,70.15308767231396
67.71756504872023,194.91817488356327,92.4632377192257,7522.176002516554,45.516618705851094,65.52971299301305
49.48800765783683,132.44781721936494,286.4698375151447,5041.344913048141,48.87235229107762,49.96756864240264
51.765405779222405,109.17504477489679,109.65326705761647,4315.442136170603,52.266015963469556,59.61182575093885
91.35007318541975,128.29152279083485,126.96173949823097,6523.877088708167,45.62437169599114,52.67964374186808
48.23187820380657,195.38579690418422,99.01165037041642,5483.421028279141,57.416138374069156,60.627562170068245
35.39160656361018,153.37341575812056,74.6797795677074,5683.353893823938,45.648460496967324,56.06864251354646
76.32071774248244,118.75719103051225,36.1418369422451,5948.924905587524,44.715286447568744,59.894164555727215
88.00786928755478,132.08630270533692,139.38602122135003,4330.428614584163,47.292724183945545,47.97418533518213
72.33702766758876,145.77087187249708,457.7158437022257,5064.143768787457,80.57435143290317,62.51777499916644
63.09574344244768,181.45785094833477,254.47227015480422,5575.93845744771,54.84229676069581,55.00616485021639
49.15622014177062,104.61975888366155,131.74402454297993,5670.963339555207,45.6671522182985,60.33335160357733
90.78352926319783,131.79321975019667,401.8225737013743,5371.79274560092,65.75314393908681,66.31737410654111
46.681827464138614,121.33696151257959,269.66467543500926,4896.392557547788,70.35846784680325,61.38431578083767
0.0,0.0,0.0,0.0,0.0,0.0
78.05609715714444,150.15051817121213,102.07432190604122,5779.720386284678,50.15001885490772,65.23770937866588
59.40962572732461,117.17675094026251,70.49769419282883,6363.5000709240885,41.78990477610927,44.534871564270475
42.53145101320913,169.3797529435795,100.8194957889356,5524.5883906429535,50.86584865480618,61.23006383241077
28.8165354460821,170.66835323057396,460.5461647330433,5424.342943488413,57.195425761732864,54.454189183844996
68.26208981581819,165.84876183705538,141.43433906543675,4421.247285533831,39.55151266849498,56.20142613854144
43.64003139798283,151.01959169089122,149.85096662588268,5891.605918191415,55.3152971429911,66.93089374657521
47.121641324767005,107.17689708356824,481.0135649437769,5818.679773750297,57.76159352890362,65.9347785189344
73.60196235848687,128.3148016082347,373.81638284928397,4280.81942125452,53.71018265065641,46.669373619211626
77.7796023639143,122.51040905457849,89.94172424627295,5056.618901616753,38.63351075921773,64.10416304045057
53.54874609397043,186.95950631562084,151.39243296082967,4924.791861512438,36.13016052152759,42.66490314844235
33.970506586123534,117.93751916403933,196.59960856959387,4677.116725030579,45.59138958193828,51.94119639197406
48.04848323810013,139.33458084636726,192.35610123051646,6507.20669913299,36.49343199376248,56.141641089699625
120.26644060742788,159.362573335162,62.7651698795569,4662.175741157458,48.113987540403215,64.20505192225482
41.47018836767809,148.03912669039886,216.52966460673716,4519.18910770416,54.75635504841132,58.700301025138955
75.29395536750326,118.84786453974561,796.8391201162988,5944.476897652041,59.90425388790497,42.656861356976194
25.75180826194093,150.00360560216365,282.9031409589526,5398.843686103612,40.666040021739335,45.59613600921281
54.454643334805496,115.7008773174214,76.51556263303138,8296.34076579172,43.55692258262982,41.11755403661208
42.29257931677855,200.77054105990456,221.32462443821623,4390.258691295726,40.435785116823865,45.80388048399758
31.15821066673708,188.3839945802556,692.84442025111,4621.212118595415,62.441944076218796,71.47669994255769
150.82659965267365,39.40932515484475,55.21962857619324,276.55134167332716,44.42591265275861,62.25037630206897
103.65234162083668,106.81504344174337,46.47901411039806,1774.3306445974035,38.35298232732047,51.61704885869749
72.91238689093076,61.402379763761154,13.400668736257291,2763.0358451300003,45.969219149787534,37.853468299808114
97.26732382627978,11.79703092407691,43.52600226750879,949.0167210467923,55.031469245452584,46.211404869683726
184.33146677484385,269.8339887032097,47.94059071954037,766.3373654473437,53.73299002901281,35.654049577948555
64.41720926100359,35.90045067330175,25.023076971433287,2718.545741070554,45.75936830956885,30.708219704109933
77.39464480156899,35.19713959727769,69.58314507163773,1250.956311809077,43.5570439450742,36.5205811714285
39.35193016793322,30.15175645967647,35.64065259489602,2240.046136970139,43.554545773183186,39.90647267659275
57.12717882552751,132.15798867304412,12.82640701660294,3380.2262375546998,48.01855348666438,45.00552038547899
47.85771740123916,25.331646093673523,4.879739377640896,4125.010761252876,34.88118537131727,27.281024183738424
87.16015246242722,315.7964292736527,7.030802707579684,3770.655152215033,45.59330552047481,36.50868910146275
158.88232655344154,45.824608719503246,89.86083982965413,239.73367168891167,37.77892133799149,62.57912041517924
51.2132421019957,85.35584799222197,8.224987304537335,2914.871580549612,38.26910349452472,36.222547949050195
35.188840556965474,16.204249057428047,30.682800114225223,2082.4942882249834,56.75313767062475,41.87959501718579
103.87430433475602,38.400999130877835,44.97126570621307,234.90324010504818,57.80450096006456,74.55933178212655
96.28005576182997,64.04277208861878,78.33515020666853,469.11904743773977,37.8256865881686,63.36824520505635
64.98121575738253,53.78007229654158,32.87495379119839,3947.091766665013,40.734302300097674,38.888649293332875
96.39192989424286,26.96703126624301,28.60476422570676,499.15874521836224,45.74967695588724,29.134523724888858
49.97558579695026,50.49186437827603,48.72442244580134,1385.024682048625,45.6741250458864,30.867769812332398
133.1069996901505,68.32592848762978,136.65637614675373,210.55593740113514,45.08219193962161,57.117800102188404
50.4219253132122,53.22050826839021,17.27890038610978,2446.298564811655,46.24219603263326,39.058114838772106
113.20389658173909,27.76570479867987,51.721473318968435,556.3138637334852,50.587794384802976,34.04784114185735
58.71157453356047,19.83586938539154,43.106844526330725,800.3540201915291,57.249639448929756,36.09998302029443
140.43985670031287,119.27154025930979,227.04791730735866,355.11184700573506,65.75731346551069,70.52951203728837
165.65609954400534,12.663906029107526,161.95288275883217,468.30553210350763,34.83781356663196,37.47895513901659
67.92514000759873,32.825785721292846,25.606752510884455,2660.2913984035777,33.25735027705578,35.32994473427557
110.51223420233998,32.753540636274195,32.64191448053899,440.70588648752727,55.274795995806564,57.00514165826917
59.0776434372235,42.77511254895462,2.497242564476929,5098.979348441402,47.74152499553093,40.028649888680086
111.60741267663533,74.56161311211858,24.788701126570427,406.25365552298314,48.535392898136095,56.79037984716497
83.88968361136476,52.34217043804064,126.24099792832263,508.39347236760995,35.13844239867047,36.698397269518665
171.86288315982708,33.69229532474052,117.5727603911208,324.0903840163519,43.30860772099066,55.94261920312154
70.53570729656425,24.602714137667263,70.11894032339922,274.6452517868658,47.802173373300626,46.95009450815736
42.539667397934856,42.54103995345646,38.29007779299784,1988.3553857342558,29.43177998826174,30.331022921865213
115.7664317252143,52.51866084588399,37.652942926440716,303.5989358765929,43.55491402562488,43.22663746488461
60.275521082904675,34.8974836091316,30.81389654428715,3057.26274683831,28.25765284580229,34.51464504677644
39.366402316374646,28.981083090352193,1.4724688099475554,3439.73510221872,55.98503332017996,30.189773379071873
61.182108183099714,18.50878875818217,36.252015817157776,1017.9353218033355,29.771747471201287,50.95487105890582
71.63829831947008,70.14817566573366,14.13031959634272,3004.109467581852,59.60437951077297,34.5000761971299
142.18954756036058,38.041500896227554,69.5971880926203,248.85630324323574,39.058762339549816,60.13554267521289
55.10343635897027,127.35113231282712,7.629723530845654,4108.819889363114,35.560267507914354,42.782589492004476
126.18387066158171,24.61906077864332,111.79981372825262,203.09558777608567,71.25469332895092,49.98385232888533
63.58703541818128,238.15349103426485,5.3215227076002645,4055.254447406035,44.997615207976175,36.181312410273556
46.19233788819927,114.1579298585397,5.135774232138457,4806.008267959881,43.79121288531139,34.41084091380056
78.78176492286022,240.6227842979535,44.78686139885441,3084.1259975545245,47.54419346054199,41.70302781647149
75.54226388143721,16.650557475661447,32.97910763268855,467.36319534922933,34.41076298163513,43.74620318373782
60.35909153484742,102.91379551390855,3.5140822366885374,5322.151060479766,43.106544437506,36.34329106401593
177.81272757072435,29.800943379784762,158.6412499402971,375.86739425569147,27.4375499203317,46.521255774913534
40.21049165074524,200.2186210638004,69.35919025379795,1230.5944201627822,64.53888700563553,30.104324506976326
80.35478589679111,35.144268534626356,82.67671979188654,653.8533938703606,43.42817193980359,33.015832414481494
119.06076960826901,27.697012633489106,80.29834573865193,814.4924006687484,40.5818065020653,38.46509419469703
79.32712756831113,28.290929449722892,68.96263501932496,1561.808915202505,40.06362740445445,28.59133721737323
81.76709706504167,202.66352052967042,35.16111128063229,2580.558361898704,41.83403467568837,85.0718627782719
54.46996957870425,39.31760618838509,5.98536800873317,3817.509539323995,56.36724119311198,29.74986256962142
51.35968719116763,72.37425680532978,146.3674049121996,1080.6958261567104,34.355808846567626,26.986290433546856
54.600627073233895,21.02202816513858,3.7107459193473304,3769.5507467307752,41.54357634927753,32.23709936363751
86.89142179159381,175.42759241611574,91.88319151620605,2200.718974504228,48.78912591420236,34.7209618661757
66.2289761484466,141.66577976123313,30.99861769366032,4414.441724087789,87.5492706397804,104.43175499518154
82.26081885859985,235.5793936034576,54.70169285286564,4825.893560061991,91.14317397572796,63.56600677123466
45.66099651484555,262.7800750376312,16.946621268612063,2382.350466073514,103.65921142853794,56.3221048561976
60.65952119164869,114.79392499207499,99.34301410573681,2790.1551767282167,72.72775552273107,47.323396533980166
65.9374808573679,200.8100676704031,24.98815067794167,4236.762593859595,65.47558537297627,61.757106095721156
71.03237993956688,158.21645671619976,28.359860671271548,5095.915773219318,106.78789740699264,63.65022627336767
77.03538477668606,232.3298226054147,113.12977081815606,3621.140517106556,70.1787285455883,58.275770444271835
38.46066955717787,84.67332295868994,33.16656708616504,5859.173701615813,53.31642513761868,58.121517709707405
46.94886039429223,155.65188218407934,57.951399984031795,5651.898868021621,51.4456288200775,56.34892966379694
53.392151062982556,145.0046427394829,98.4300565392675,5816.699579058574,79.56550086759745,82.92160741692071
69.31262487786842,172.10735366754855,24.86227137703384,5857.904133414612,52.680412822869684,39.58196104828059
85.60060402962982,216.76977074399787,42.643804602023444,5622.3400160002,67.65504711064708,62.019919208121486
69.59789845269465,128.9281593580716,61.05014646658983,5950.167419972886,56.233287015327996,56.833103437714534
72.13887524922946,255.04180718996676,142.32524579870773,5435.3274755204575,68.0807224782837,62.74036318844337
61.4117153303687,228.45695000317352,105.09598069667614,5597.451783765626,129.91402367355772,112.34739944777326
63.47500380375077,473.74689613006024,32.16287391823096,3293.53232491731,70.11817902083655,70.37774942388006
45.17967314200782,164.78423810648388,62.073530699285115,3568.242749027445,50.67032005217395,56.39982968150349
71.57562494723649,122.13637418586416,55.68057153640916,5236.288031872474,76.41139776881634,84.44924587043593
76.07227899340339,165.80620849030421,48.075978379616245,5866.457590543517,60.98247664693939,53.83546324185319
73.31199761461025,175.2898973313188,71.91681688946838,5297.332295089629,66.68044232192902,53.77710386474662
63.17112620538097,317.44651940289975,27.90773091621967,5620.005209720734,76.77995884683325,85.9969734972902
57.94271461639706,148.13927824978185,19.984761203464984,5393.893328647377,72.3041416540012,54.79217895651625
66.15216380909858,225.55411672890213,50.389823033223024,3591.6741655249302,66.40203766491959,55.187839348198814
87.36104324321023,132.96231756211048,25.733628717489637,5933.928943825767,103.65974526131654,104.14593322187184
75.79014912228538,66.95492051611376,190.17296706045573,3631.999744568841,69.1844582518093,68.35209754878503
69.42283571722315,200.20424660787734,29.694562205392998,6650.822736140998,73.95098558863455,60.69663321613672
59.950350385256556,159.33763324070145,66.00114238889839,5052.436193228887,66.63156546828911,39.35952563964045
54.7010677577055,192.8303834036522,122.01489829361114,5815.547592571887,52.724866807381375,35.08921876746609
52.16199732524517,168.3015615335234,98.79204518811163,3565.2227131028717,99.48806121029872,80.06596521966495
58.696650690756314,172.8906922980771,45.937799440169144,6849.719768773243,90.69623243570946,94.72435485392649
108.85772715080623,202.1214969538479,38.90908089109456,6294.825287344179,82.92667378278357,97.42618674346397
40.75007307224498,134.38103957157188,119.22325433348524,5894.710790841256,73.32787313097026,77.4927522176032
59.07685777635807,93.35327674925861,215.18218926278033,5122.844597842052,82.3153913504019,89.23615198283136
36.19326684749856,145.26605046118553,47.96522620833667,4431.360654129171,66.37086370963229,77.3781007603105
51.437197478614834,151.2094111546452,113.64425949047299,3783.7124113529476,66.9076974950276,53.78800616333607
76.72801098521495,153.90427475331478,18.410234911713093,5588.330213381921,72.05182385519069,70.66161084013899
62.00459896983267,140.78001710456465,26.915643054449344,5231.204760863194,100.15332422819851,102.38537696721093
54.43982285381942,161.17542601705225,137.48661048943956,2986.7303951013077,55.19404126088525,48.13904099323106
74.01946955510607,149.2098542826953,54.17050337117489,5281.987194328981,82.81554544445262,55.804339579287216
55.979303067340105,168.82694029633439,80.30555943950078,6290.741799735891,70.99085608566378,49.24264734222042
87.70529719957523,159.44254753796145,56.57312388823197,7104.035609627876,90.46812567353064,102.59467498098475
67.70612873544006,133.60480760970904,30.748119487188397,5845.468079390621,89.34102898175489,100.96578619872588
46.53813222667384,153.6373801669945,40.075495046874835,4597.913166969895,126.62434902448774,80.10837304629328
51.22206183292387,84.05591879857147,80.96647444876467,4851.93533847443,72.68747898597375,75.9669233070179
60.832314198923235,208.39830637611016,8.353663840697513,4993.513717150259,65.12773043989202,45.69511621948893
46.39628005773611,597.9417917662656,33.58276490683427,4161.148534778068,50.1924954188883,30.02675379174277
56.62806700553838,173.3672652655884,58.86869147433332,5950.684059443229,72.64040232525014,62.6979438296655
69.66257279633427,175.88172678454066,97.20612136395069,5960.152606509819,62.91300940660689,75.71451094667967
51.60431684286543,121.75546833482224,10.994331403529742,4707.2987262799625,49.11526278000729,65.71605429864398
78.40108515213875,170.49659244845822,84.59014714328733,6138.5165874274235,88.09836414379313,99.275711264011
62.732347288395054,154.71400079891745,53.26867990527038,4543.982851494108,78.51526627775993,81.19594196192601
61.84096722451598,170.72413451869988,22.99564893018592,5631.843643229205,61.275245075968385,58.79143688724438
74.9739243228297,111.49641913648809,111.06408105396045,3064.3859882524343,96.54427965882101,38.857173243786896
53.96062094121843,147.72683238630225,142.32697868728752,6590.576347248387,82.23687193095782,67.96371302796886
50.7987682164178,193.1886774181574,40.673049754942355,6021.4543730638015,56.768803074166,75.5324451304295
77.60713031283277,156.6748238449299,51.1457840218186,4464.454431859291,86.33631449864319,82.82245109594818
54.836854754363515,227.1010397867986,49.15020554097136,4583.6096149964105,78.50586414602296,75.81117388382043
83.90831468239777,147.67676591733638,57.76826523729072,4194.315131652614,63.77483632628929,67.26830532952083
46.52904598561931,283.9014087269085,95.66745380221951,4070.1139385214374,67.61701400824181,53.95795640787304
62.71404911881159,189.4180309897469,42.89643998703935,5666.736003900677,86.38503523613821,63.511222187058024
62.318007786273576,130.0506127006307,46.53148437387408,7010.08257951734,80.73929726409597,68.26971452193331
50.30470952377287,104.53310298797814,107.60272406684973,3940.3872288570565,114.06191898321246,64.85076928039625
85.15487249789666,189.6305948296474,83.14970033104763,4455.519800143831,76.28904417735046,67.51246228029497
52.44586324667697,119.8708044788918,90.52566373062925,6776.995731208668,50.79179616486327,60.50760232921609
44.350635786530646,176.70739731608148,30.876565865328843,6344.250863998326,72.65657243134436,87.31681977786982
67.03984772707533,119.55683602233425,32.34132268573906,5307.66754393547,49.390235103042826,66.75198420967112
72.85624700589923,98.8908525291057,34.58861013756138,5257.8079632839,55.904188317896384,59.91095164064219
56.50217930013628,107.61345671023135,36.76976165203213,4701.099152296248,76.93553283414435,78.63471668572231
57.647712672826614,173.5117839193289,43.8251096346656,5667.7495422575075,110.05078388730301,121.95159535404272
66.9857958510205,170.83222280708088,25.225489193966798,4772.193353629305,79.96621405521681,75.47423822454638
68.11411618633043,210.29484437581027,55.05932532151917,5370.593480551656,69.12178551830688,71.00759639693757
90.74456742135071,153.6807626724176,56.017552602370344,5119.095229939025,86.79917974853188,81.66771962093722
55.5877233886255,201.92341531465448,35.54730971640014,4561.382631893036,87.98074275608766,95.96594119653803
70.63767099287615,163.9693417674474,103.72034737735757,5434.65433710061,66.16319629254859,58.07033495941876
98.79522527687371,206.27767670110075,65.21842398588592,5365.232273965979,57.13134789439412,56.56092886399553
50.394643469355636,138.6483585167633,124.40420123964566,5301.727965495885,59.15527593136854,62.100567753518206
54.5390740903717,127.358082941756,63.50075085247848,5114.923895574131,56.90030239654335,43.148336910435376
98.41902077430046,152.8799790396205,52.40643591715708,5289.042159569353,62.8018498220852,71.95599783542767
54.940493948682175,126.68636404213814,93.25476829277598,3593.2058600643877,101.47395389658806,68.95371397600614
46.69829946587517,153.2945069351374,113.80376457342194,5987.871697382146,84.2205446719046,61.35732623076926
51.85026236459182,184.34854686629404,35.8448082983352,3341.807394739186,87.5682773329625,57.1449206659805
64.16779783731984,199.13702718827375,71.08711436375545,5006.932142332724,83.89862897087222,72.97425038461924
70.59322395686652,110.76497156058079,36.363961343494466,3276.822840641089,128.75973627630273,56.49619503232517
61.73931466778737,153.74795870782518,59.71658590566142,6681.315124041721,66.46204498580889,57.53265900557922
58.26319709437922,192.27473266682935,145.0475989839396,4809.492669103737,91.47583257992133,72.79520506772167
67.43529952615805,273.28387281430474,32.319971698985945,4226.533960148344,81.14699599703958,52.001661042919565
60.15567086053261,170.17815110865888,50.12261962486972,6060.487563790919,69.91508573256793,58.38030879542076
57.99348476403488,134.79781316934415,60.95483981454485,5017.101494906968,76.21393433633172,77.4888024793157
85.85367658950075,171.7395213107339,71.42105946918615,5103.451701399526,53.860423994320215,51.55304120943392
61.69164800950291,122.98884829555436,31.60227410998373,4984.33258993092,54.484173653467806,54.46535072978287
59.66553696843299,144.31674284764244,46.964889382741596,5087.550763241986,74.19732875622032,74.79684674141505
73.8901720183613,187.4113241186131,17.719516643905127,5272.820136611033,74.33296244326111,63.20584010433157
75.21857934163283,186.22280476845611,173.04577164828794,6559.540036352415,96.0335921191713,93.678193124821
102.14726865377426,172.07509555613692,696.3496073538632,1086.8918464536657,42.532946093782314,126.73615108123961
73.57666958751868,111.04474568907396,494.7510745450942,4971.707149946246,16.91364317689162,93.50052031359603
90.14930846900783,193.52091739567007,187.9769719637191,1060.2317016465647,62.88839369015848,93.51976945293438
73.05575225422919,157.3727406235908,198.53752765051075,648.4538139885948,61.47735560228106,94.29370911654298
67.99688780218658,273.29215948721605,219.5029762432599,1238.15026603199,37.050065730654886,105.63730755792908
79.58419560490634,140.94616776213132,182.27931937917566,698.5896948712136,49.5295119647556,89.1334986847778
90.46492577195538,120.36698813502157,235.9890796333133,830.8279222606519,31.253296366406044,104.05026333479327
80.3939688967317,329.3881355103489,354.5853404214886,777.2466593777847,53.42452605345337,99.36214143617687
84.3026527063395,59.32478690152453,325.96706706269924,1812.2873979782703,112.66487988580866,145.7345760408559
121.72670017388741,145.03353756730914,436.12131690676654,1106.8266722848325,34.12727782403119,124.87608327427002
99.47197604934777,160.43921671494465,165.33295311550037,895.8813428074009,51.653517434165295,58.54872773099803
61.923999533781306,163.42619539767662,2456.3675204289593,1129.4426998042459,35.946721735909435,100.13214867124434
97.29036338385674,42.05521850707292,397.7293247396366,1096.4577058560267,48.226459204468846,134.6220269005883
113.51731617668584,154.64435533781065,1059.4633858241507,1227.6009324128481,43.201617778867515,66.70436861078919
84.80749899764196,153.40430975717098,127.56703270569199,794.1488472686482,44.81190640694853,92.96266989534148
88.77222295665315,76.44668101873268,452.0666774119426,503.19109483648253,47.55664861191174,106.04299907498769
46.98533979769454,98.88893860474154,323.6555932278544,1364.8377572677505,41.351838930199676,70.02565984127222
75.43079262944973,146.01262555438993,63.120833370235324,1881.6828645975904,67.07041569708915,63.10930839104187
112.47756818395428,79.35229340265309,18.53725615445694,1587.064691698308,65.90860970206147,95.57230922686472
60.276109378695296,94.83567553315686,52.52144915749724,1397.5692119267358,72.77016676989362,70.19290861919639
84.57877987484262,55.93740055264463,5.579481277686505,1181.701724612633,70.14299837848269,46.86586602176508
58.53316666896817,77.3145410250128,17.522687769993922,1232.4774692943397,36.613049594012175,59.82413879097006
93.35048912613601,59.883741472929536,51.5546410463121,1362.3404479837163,73.57755007779048,44.0721946516594
113.90009441919244,33.447156741841845,45.80564773986208,1593.8734899099613,74.64600820219661,166.27196613111275
56.737499410191674,101.1278554811544,172.19897686270872,1538.324780374996,80.5788877209519,66.84961708665213
61.22416792602155,253.38288505328606,52.262751514058,1567.969693144923,69.92799814660307,56.25170725353454
133.75981027644096,183.9806651826055,31.680886166643226,1668.6461934162865,70.84648200042268,48.88989270724172
91.53477070792549,141.02548065083906,303.9911163198226,2467.232425433955,42.27038233888693,51.61984552299985
61.2321460430259,159.73528954150444,123.91287824242431,2439.986873044386,76.34714982480564,62.88953259843108
76.94897337508999,143.47405426654592,265.263191350209,3203.1121874747855,48.985915827462875,62.50769754967413
71.58177680454747,140.37351250281205,897.0841131898967,3356.3291965607423,65.78325010322894,37.44318841034275
94.74681626846089,201.11771229343393,236.48850689058455,2564.7896006267993,41.18275317558427,54.84728995317143
78.81908224281094,179.44346840140798,257.70844016074153,2864.444671639577,44.55682190148407,65.78267398717718
107.3996634595051,123.37033452028622,122.23719229560872,2580.984733359613,59.80358325468044,56.48836238314051
80.13416229389716,154.76824455315904,107.49828500772267,3197.566341689894,51.88300745124591,56.7962247788267
76.03983376737402,215.21866745637394,220.68772036379906,3117.1582207436095,82.49400498842395,58.36631631089551
63.981995961314524,151.1072060820601,265.6519445247545,2567.4220211989546,62.232230170199045,65.72775867499564
67.86390488037976,134.13946149266474,250.26018537589988,2605.5580364959947,49.27296439655535,53.75592111566821
91.99062643143178,182.07871057860376,155.6877525032409,2168.449742689706,59.79948165000737,56.674035001221284
80.69027693162825,127.68152984801921,225.43005240376493,2586.3391506681846,39.222384723427304,66.6963133905231
77.23157180538962,118.69796248450135,111.73447819629628,2058.4566457363153,59.80262684676668,49.459302321954425
96.37961299448139,137.47123442481185,242.86204529655225,2263.48439049844,62.01889637692091,54.413752131367005
56.28266543426426,157.33848144855196,97.51604555681641,1964.1546571824856,59.15977076904004,65.5075695256751
68.3413732294204,216.99925876111587,122.1117483019379,3134.87757381836,51.951746819494815,61.0789337207641
82.4611566102488,121.28736187344472,101.6996730490579,2516.929009244994,62.7379706219222,58.42939881606808
56.259193597758,147.3489128814603,138.9508697764865,2131.832817328088,69.73825633536207,77.4610499383151
159.52687993914859,152.82033261380656,169.27142374415,2455.9029078070917,79.32507094527779,61.528928598593495
72.27504674566211,132.29650326565826,111.48319184009074,2003.7660324846304,77.61346940542137,60.636198652006804
58.5057717072086,100.95178693037249,909.2334150939447,2289.07647368861,46.51853313528353,15.55454157094656
104.19132551726189,209.3097767985811,536.5881156812454,1644.5340593628612,38.605129243122526,23.56702520573786
53.30943560141448,78.51995138863973,1335.416050549216,5102.790878019701,59.49204585670388,138.14697297922436
42.52291843391157,51.33765396595544,691.4001629893634,1620.2194851545344,81.2384032394454,42.69042005897772
63.30829077060397,260.2160166828249,113.42315146779704,1705.5504249722599,38.50466118632274,21.51214263675627
94.85202245304082,249.57570523772566,670.4101745813974,3927.9099651777783,57.095739246142784,38.859721043045155
67.28366903696764,388.9548274220771,990.5251099250988,4907.711569335847,33.93476256003207,95.17971174112441
87.18351921153393,35.37108320358855,961.8917088945111,6324.690715495153,77.4002827840682,186.5107926332891
65.23564004239577,16.784503099655005,1189.842678556109,6903.090526315345,36.93178321911572,119.86887762454683
54.11969729752051,127.5799984667251,1119.6156030037723,3465.1840136665533,42.64476573596381,196.26499579037386
44.1821077455528,256.8899145642739,899.9918035372675,4046.03893110264,51.839540911886694,24.33018988025033
26.444644439481873,146.13646571921726,458.30801665491856,3667.8660650091783,52.45142847753027,13.379723254522265
72.66751790266756,166.67335204995067,1282.6045956046587,5932.357042072018,28.395221265751303,107.90199866858396
71.47170708940658,64.09664037660637,1524.8911257449854,4769.786353643896,46.160029383761675,78.18191787993105
30.87614240340787,270.7719186729036,430.7043383067777,3424.3924158803593,36.13883634481054,41.04602531113098
129.30597687465743,127.00793090470215,170.2620086652513,1109.9302295425064,77.02252493729709,34.47357414498843
66.00900095131479,85.23709219861584,943.8130599400126,4736.341675606027,39.71785115149832,157.5533007706792
111.38319093296604,75.33280332662281,114.77191674601713,1784.2091716313694,45.80706518172697,16.615087975698422
45.261398936279406,96.62359024567775,620.2305688499434,1779.6475221998467,42.32594640923102,19.82890218156613
35.84277689452988,192.96727939536885,835.5190143413516,4481.30821127213,49.41889007876243,123.05027352888719
37.46772917951689,142.15124050174296,378.63517003816395,4978.542723819904,36.30601433467568,32.56631747622431
23.719229608465437,68.13149664665126,236.8757744770607,804.9038528837234,59.404913927807115,17.02639893059811
66.16253633220245,207.3887976134321,580.0275698178127,4235.153329451597,34.6135746571467,34.74943939258999
25.766821578664878,129.14807692952456,178.97489350222577,1791.5446246629367,68.90755243746446,17.37945991953549
143.7645427693464,189.76508369240617,443.7284086720015,3070.113444964282,45.09750042080037,64.62763575090014
51.461315154783186,136.3513488474233,793.1043049886362,2670.1295445091237,42.35418491695619,35.04621336211251
66.61843626155323,371.12576143981624,677.1921631936104,2151.078639144028,66.49963767313386,59.831736371256056
54.48424844484593,30.799556082109298,1126.79611218228,3667.4757758396067,38.372050902975644,116.99732807813773
45.67951434649443,183.49395995998134,775.5120415707709,3359.8365496412976,54.002174481664404,76.2899365420765
87.4755809834041,80.34200207420125,173.5226471702175,711.9146637648868,44.11864982002792,61.80605004064387
49.964438491705614,372.69064788585035,255.59732633807252,2708.106487833655,56.73993521016367,71.80110433983643
96.08811148216907,295.58054899380295,791.3788767274999,4184.425371900027,50.879655770489656,62.779847424387995
77.98215631748158,64.5826254854609,882.0416944275654,3839.078787434184,45.15274853296348,39.97652346648622
44.55725975066685,130.55229833951304,70.59305533798351,1764.6454793738528,53.59373274732055,61.40368707266041
64.57860845658445,227.24030649674268,43.76378758926828,1308.8404937660512,50.67263285124984,67.30916146426594
80.41203717651864,226.9431931754984,165.19670550599344,2246.9379679941794,52.97811264877893,62.95189488113657
91.46615154306545,126.28002667911832,34.264284295584396,1402.2256121158057,76.21560045195399,67.07268990975358
60.6462639332046,101.45671969484252,41.838320797265354,1524.091977194311,68.93942268252778,58.96248382609231
64.3532275294036,155.27577195998532,51.50265528478403,1750.6278066071275,55.3890171965903,65.0501602684401
83.11111606876328,188.92882834327344,28.78229157478546,1645.19508748285,62.13564058694237,52.62580762181129
126.83383020855402,124.11490658192967,69.76590047566125,1358.1964242340455,73.57484812767238,54.404026444855745
59.96840720426153,120.25692163981833,54.19387243440569,1444.839757249178,55.90910137491213,69.85444989699906
55.18614418280058,174.37137404223486,21.869056723666993,1875.7405941660156,67.91753265747255,46.996289999398364
63.1890567579794,132.04311312165237,182.83545799320936,1989.0277974076002,66.65052811459614,57.016825181543744
79.10256515485848,137.6916369255671,26.149512153205983,1155.791322841404,76.06441979706837,60.960515165475535
57.78754239111977,184.35020433498363,46.01530935047261,1326.6333617649057,48.54920059820998,45.18792328142371
64.75912230136386,223.1342869163681,70.44124270899235,2102.833260554043,59.031692645284274,63.91461697049376
75.55811776103161,148.4899225266639,25.753543533324184,1563.1531132459663,60.61638054761954,62.99138480776476
91.85195727283217,199.42171520522166,15.713928682006445,1538.3467555235452,58.948292865670155,55.21181342767669
83.6129475900693,234.09248390158214,31.158018485406462,1254.115325257368,55.51765106686132,111.28369545412917
52.579207936757896,169.03623903863507,21.441506424477307,1194.2738248185453,61.386072644938565,44.903831982189516
89.10802036809103,201.9279503630965,57.486068378115455,1705.74886083528,62.29753122290528,66.35643398016953
47.19346301044929,110.40405955943149,76.63112760583067,1450.4055264179801,46.50293541102919,62.53097345878334
102.30020064365782,153.81515667526122,15.580292705794974,1058.8512850220816,51.677038744444,82.6510687693744
71.00854638735228,141.8569978252294,13.40131058993813,1449.3298069202478,58.83417702324202,73.3217107684499
73.93408505424455,121.02485807387492,21.51025592136464,1655.9428869412864,62.69804649624732,53.94013117305506
72.96470512065038,256.2017676279862,237.11819353609135,3032.664236391556,37.78225531022283,38.84379786651574
80.05290325767926,192.78856955133992,17.82365147901367,1326.7161895102893,73.55991482906992,65.10233441736956
83.28968018360439,173.8409036568988,113.7614977629648,1530.7523474930042,67.6815574057255,66.9450932503888
103.53408104027372,138.5071413197898,47.55730144697545,1151.61002559187,58.26817928852917,58.28367940592661
76.60709195514184,202.16648080184416,95.89808599449775,1639.539347672409,56.159132027705155,66.8493031893303
68.09947990075325,143.07414994105818,32.3239552725979,2339.498375752062,75.71558770308698,64.06533189452621
71.08280260328091,109.94800865084912,141.60915058592508,2130.5218415359714,53.458363804004215,97.03122372864513
103.89155989575075,76.29591413069956,255.2882672272695,2692.756179949861,47.06427310895869,96.5614776995828
71.58355310116517,155.2372375415851,109.08345316883063,1665.1069831677596,50.267305364659784,54.91432329634248
82.73693799479898,164.71133894726842,18.516848955033197,1681.3961436839477,77.64349024893728,61.81669240635862
66.80978786008549,149.54809604993093,58.700368420251934,1788.2576173135099,54.15861563087394,57.87712648586903
70.86839928877019,114.53389869146494,82.74992273579166,1783.9017808139456,59.54703799413604,63.114388399538484
98.47713572342434,115.49594810568078,54.70966067875783,2230.992077954458,60.15570346833671,65.90944573563509
57.494072951527095,179.84992697628005,156.43022097147653,1811.3039765297067,50.90311978122225,57.73388943322019
62.36756150010624,131.82247218410555,84.32902403853141,1818.6986869124698,67.9171710278522,58.567132558995226
51.44366274227964,171.443075495139,79.87038552385297,1676.5577044738282,74.0720748065059,58.90251832078657
38.19301961330134,241.81204599185585,80.80460719241111,1930.3637837120689,59.54181804474187,78.91449379326524
64.32925628488769,238.80071892378112,412.57407888730995,2992.8986938297003,57.394703418964774,90.6592075035289
143.90400790162138,166.25230525834803,51.20269504591583,1765.8815989328882,74.66042378340468,53.41554720019336
75.17849391661,122.99788017204946,128.95732475234288,3034.5935539902434,54.91470869658053,53.750168472352655
75.40633972333762,343.84300809412593,144.65509184542992,2642.527590374078,49.95594276018941,102.49243640944208
45.07546719190237,114.06455433844383,10.177582076250827,2119.962297059653,61.190640871806124,71.71103208876255
57.035574733622965,170.66103733670468,63.396820628738794,1772.0399882641705,67.1148150396397,71.07477334915666
102.47019414812331,118.93698754715858,79.30204268743458,1674.8105358095677,69.13605939872954,77.66313071722877
51.009871765636206,105.76153247195562,31.999773631722633,1303.9317065123992,57.947636658117816,66.90642149626218
63.28225126063684,133.85016838403504,67.00387585226431,1742.0229970214084,57.489165128162554,60.46992265029352
102.53909814986373,159.68381613781247,92.15236679309241,1983.3071541389381,56.221535221079726,62.28697392936918
52.5954722380082,194.05544474404115,93.67472357894978,1344.189263149717,64.4064631269102,56.30507909543083
69.88040216086486,130.5080573282599,98.96427256187002,1754.2518222758504,50.49551475231111,53.43588967176349
85.19815744929026,147.9674745732637,93.0307896248477,1671.5874682880938,53.86560236307393,67.75262456228612
100.21569116060918,151.03992509712992,65.13790166710417,1278.7418967512708,69.1538828437604,47.070054913423334
71.04111462300926,164.8397231304233,75.17319115440817,1714.457015699253,55.47371986646546,60.84562955995591
68.11771077993359,156.79631737529994,61.63747717475405,1745.8076714501287,51.328229037703224,58.4593066482329
89.44717928217956,67.31071069719808,22.256806490541017,1540.7433341413678,78.67864278064476,78.48819569025956
131.9202995854149,149.85103354908978,80.91250457323451,2201.7818582581294,87.04379992147331,50.32133983714211
81.19742336918297,186.090136763957,63.11870375698212,1687.4632291830835,50.92017690082144,64.01708755843165
75.00279194785392,17.364083941302017,164.74940829934957,2368.8399659039023,40.9938226479538,87.82640363866643
75.05122880383283,142.51294225353024,70.82636601944189,1202.5031694384834,54.599302406206405,62.41922172181184
75.90364316518944,171.506145885679,63.65899608177928,1440.329295460148,61.580888742341564,67.66032595317347
92.3305265196581,186.50024915194652,570.1326020985213,3180.5945872616658,42.05761376495168,46.16093773935443
75.81601334825781,142.84371284366892,559.8851127786808,2467.971590251339,52.78097624952693,43.747160705722195
97.97930006916121,40.51445731244396,436.1242964000975,1712.598177406047,51.47521100763398,45.730912374987746
64.76671242511296,152.19138824444244,616.2854344075115,3562.1686482601494,57.489181725710196,37.304629065141775
56.01011864975818,53.917277244290645,867.2717927239946,1548.32571559364,57.860018865978,80.12982402424817
75.85798111791574,142.70706099087633,452.1009927770422,1337.7531570460274,39.10536841405659,57.88561991141921
56.03924852508313,164.27192795489472,823.415009496126,3711.0925132544,43.82136954492348,89.50658408961358
66.18239399124225,137.48889864873829,750.4273976339839,3431.5927800079385,48.23657835283426,79.92131143840264
63.93523166444879,134.08250895842025,593.9033469335317,4011.7917132973503,38.00759607925577,52.53934762965188
71.46227691985239,114.516093864419,525.9875238449155,3327.397284375015,19.492094472025464,44.83521818959891
49.18885512328232,53.63011639137089,509.0057455537317,1803.4543825625108,61.059490401074164,57.72825690770387
86.80631316440312,147.95734487131247,132.46334549233745,2050.9465501892673,64.19826485138967,38.408671458979015
79.11040320185671,136.37310480230843,447.3861318457307,3314.683726194436,52.39251751551378,33.995725405520865
61.10186004145676,172.35616932642955,487.4996079028753,2513.445111372997,61.10531622895469,50.9657720346443
69.01396894458016,211.39364437214104,449.73606471043786,3611.546198624122,43.14727817528534,70.78508333498063
59.91080214988767,180.33992736498044,478.94000771957883,4001.9875719523543,24.09223692164684,64.96806154196123
65.39229305677267,135.81158496762654,224.8073279407277,3599.678802914317,49.000629217164565,49.95451419805504
76.4146735599974,156.89481693433046,212.03478040297213,3799.2801241092834,44.40795349232248,73.82580897590002
67.19296557124271,146.31676734886778,543.9165604871407,2896.1500267737147,43.35994890772977,41.19960149054426
80.65183490721772,138.81757233799254,835.0701332213854,2199.333154093075,76.46068323581149,67.65771866585948
83.17636403074192,171.95624628792135,702.2147985455185,3966.4174847368186,42.16866113574361,75.80245595548816
55.38859343116114,82.6916029873234,422.0308565112513,3223.8989923308477,61.37271198083336,52.76045986161761
76.55390692798342,112.10347253535933,631.786088690408,3327.9975618869225,59.1694053075982,61.46905617961185
64.69249108817525,102.79543903361919,477.0849650409149,3734.238495138702,40.71448370235532,58.27652458399101
61.845513448433586,128.03255732630737,540.3324755569091,4824.277794203787,35.33324462451025,71.40460109268878
60.83176593117885,121.02518203095595,558.0090942388728,3950.1029816667156,37.42243611343062,61.023565945219204
80.45868425763014,168.82959134108347,633.2909098323055,3173.64612167196,37.90392973537262,73.13550240529699
54.5779621755219,176.8484795884007,575.4527472805763,3601.8695314363895,19.060686847570867,42.0784189551113
73.4599953127782,179.59036218542042,742.6535113694845,3182.061145960174,54.52118975856363,66.01611252174003
73.47709480633611,144.35347961184195,382.41262254844514,3243.306770416378,57.30348419382683,55.14128217998376
78.4970099116741,111.04732005844755,474.9464338759012,3412.0273506522512,39.47399657538435,80.4815230419858
67.57792434163609,153.19627522985218,556.8463224766831,3163.4612484602208,40.643193939139486,50.645465901836154
93.08590345111273,151.4776418194352,741.5561680006309,3698.0475899377097,41.32254470155076,58.46871176357551
65.39964975391473,146.73564456594877,797.3114983325365,2950.3934603756124,57.79465167594462,37.61941950843833
81.1665091847149,185.26230254371916,537.5071941865831,3263.5886362567226,51.70012513735249,45.295499533169654
55.24796440885384,52.10733513337577,441.1576783718,2988.4348592852502,57.84169283884082,57.44580504732666
73.76915852785922,115.06682593804535,798.4871325048241,3987.3041041926176,43.608029119663186,77.2800683694913
65.12643708236456,82.28691753747957,174.8823201083258,2053.9871484807018,54.22437461791153,33.163449274813715
72.58206489153183,123.02374990703007,430.48074880456227,3056.320491127531,51.20818960132583,46.799307848207604
69.55062095450327,220.70889622113728,489.86239779536675,2984.477471624842,30.51706076308351,65.23507909320634
76.16358814489624,147.76424885157684,538.3742627978954,3114.7945992205086,61.258114776563275,57.194247872076836
82.19202041549485,169.92468814392663,729.6629192765175,2966.173053916448,40.21214316905114,54.410896425276334
69.16602458766374,175.65621765608117,590.6107308705248,4234.773552713928,41.38780722712518,48.67028475046088
78.26785966193475,58.90970364857369,182.70276370890065,1437.148043329891,66.58834547612028,54.28139508249958
55.42511728257735,165.92188095993941,417.9600012337214,2065.052650468541,56.79595228757652,58.99677584948478
41.65113640186673,114.1009617000387,745.2844172687627,3623.254503967396,39.12028666074284,64.19082000923274
67.36166334546523,150.27653359987735,771.2457888216202,3779.0548738680372,40.68028995457611,77.40942866938141
60.3050672414901,172.93718653119862,670.7902840531093,3780.8496884197884,30.912350334998955,96.58885291855485
78.39202541441735,168.80757698272646,747.7481632836195,3207.133339460026,52.62496001071711,58.87968130036616
49.44860587086724,126.7454862017104,146.2232969134273,2109.903713480012,46.966212559666374,40.17034226391503
71.61324699150116,138.28746051311077,569.9106799164798,3667.720263557778,38.49860426147932,63.89998745125065
65.81086711274163,141.77013085640638,531.2865615294875,3870.2715411347585,34.583465807179394,78.88980918105366
75.20075011894255,163.60353251502937,573.0145623922313,4348.1843659541155,40.360491521993936,45.508356825611976
65.06860545280817,107.45410399679695,621.7450895818015,3020.160930475162,40.99881321471097,77.22240333450642
73.1707940194058,149.25671155084754,313.762150856522,2923.8843671108443,59.31240857314107,46.010050530628575
59.51311532504936,150.75759206896353,601.919872189136,2622.465986029793,64.1324923362445,49.59567393976285
119.01637730252583,34.94816177226056,542.6507391680486,2008.9279878055263,53.69448406879079,40.917334350138006
70.2294950648025,63.19923265971469,130.53818113312803,1668.5393384285112,47.57870141496914,58.43527900243511
70.29945807271277,132.89261239873701,587.6981675614832,3677.530837489825,37.952306285796205,67.06489279531382
73.28292034633685,99.03591803992465,271.88693397786517,3528.274502291536,44.06075794748155,54.02516386270885
75.80334803685676,118.26193231836746,398.19262691944516,1288.2116881790357,35.19386979353321,133.69047080077766
64.03556597550295,170.85526469424278,659.9600109723391,3500.460697282495,50.340245468261024,46.0408028851935
58.935092990149165,115.209428410293,466.83063279057916,3112.845567130039,46.41947103225534,40.65461179728989
73.94963533717662,119.82308292749394,713.6836716498697,3590.625283709874,43.54305622362975,39.42072468864038
59.13575962042022,153.31756745921192,302.212676575399,4193.465035432148,37.40169903965922,62.47259348724767
64.68325970555199,147.92089557990369,701.2711016952072,3464.9878603014977,41.116642998704506,51.606018286325295
72.0296925751229,108.86371590410708,709.5311743728586,3521.9764625784082,22.196052051021297,72.54782221286005
72.09025934538161,184.0028943891251,274.76573303293446,3626.7571052379126,43.092761341485534,43.91473551530511
50.554607214062926,156.32310497377205,833.3698869498705,4335.290345592077,25.864790455388025,76.84005496765867
88.19861132755901,164.11861080810382,602.1894198764778,3494.9048494750773,42.00434510015448,76.20145849463792
58.297322923878404,154.28611642873344,668.3889553562773,3582.7745946442883,22.097027055060238,127.24801922077049
89.84352896946857,181.92619681523774,640.6160881523537,3512.695148270931,47.68414944029392,68.70261367048019
59.202264563364885,157.87758043044386,317.24288205661304,3364.4997953145676,47.795881228523115,49.69869321930234
72.3158542095475,147.48522100706379,638.1137439632769,3703.4451641719215,32.31633466511463,76.695385586382
64.33759189949961,73.0717039263184,490.95170407464076,3331.1151445603855,44.05279341957984,50.29261624169551
74.16367811680998,136.3912547206522,457.7814717988202,3236.1527421774017,51.598408358880974,65.59600009325153
58.808892206739515,135.9113265602608,945.5614047651172,3126.358700077079,46.01397011845247,54.39749059156279
67.64029031997792,112.62336286267018,674.795049849311,3921.18278110319,41.43661702545431,48.85189551075846
81.18799691582481,99.95476245609393,626.3246136249385,3507.317144962815,47.98827224263856,51.99071436898445
72.3018644707569,219.63255034679142,784.7845381019126,3483.929447916834,67.0546891265182,56.080317481958595
72.79316306557855,164.329011095513,907.94366749504,2600.997423238731,44.997743623940494,53.60157909852874
87.72829562207394,128.56375476343254,570.7240450466982,4690.15982497326,40.0231795446159,58.94730121704739
50.96333474577513,129.2636675216556,922.1110143344628,3225.6974696192638,36.33986826129618,62.748181224576776
69.4140778752584,110.75495655672981,893.0566874156073,3387.55614815844,51.24109603348749,67.29346829188404
67.73934040077411,121.6615863661954,155.75667551964867,2657.4747937760144,50.98905976641695,39.456580723487605
69.777417244818,220.46134948684306,438.51189716728015,2352.442287657732,61.37397221410286,43.76500177970332
59.88063115594946,157.47271981162294,305.31502119031023,1529.7221664146184,58.288699210862774,48.20244473715189
47.78441264986763,134.47304585219996,746.2520815952532,2361.1132456271803,51.583221912332775,31.550638106435336
67.31328388008446,215.42579266679687,528.3592379364065,3271.144386985308,38.1117011701113,95.03612970573894
86.98222190283145,180.13658317944754,734.8986286444839,3734.072081464366,50.18860853528881,69.52323448684406
58.59150396326305,107.80834986981635,191.77407379187588,2960.477986154416,47.94233012081889,41.61621758726104
62.98725250095778,120.36167368631678,588.8038193302341,3287.1446465180343,33.10009401726101,53.37750673463154
77.37745845865929,162.84644839839183,636.7733828849377,2405.753199904163,51.972823739894125,43.53518182679388
70.29928676255628,164.75487335577267,517.5398305068387,3838.1112399967897,37.743181527634135,70.79719862286495
59.46738419749754,58.61189980910003,195.12482365337428,1503.2174497696476,38.77058965812027,69.72064131094479
73.56284175080252,132.6941392380417,498.64540761884217,3134.889546533604,36.82077864179168,55.58267388602151
82.4550312733188,218.45723257696358,376.139152516471,2474.2010490520265,50.04675390431261,38.74081302939717
75.92994825112581,148.24344469435292,827.6396746766661,3795.402962842484,38.31452557577066,60.950274272481316
75.37623243642007,231.72588236378002,373.90567590495965,2697.3162875287176,50.15182245573751,48.80637183061396
39.768280877900715,60.98074500983639,231.43708498181732,1428.6766329897928,66.29567436720285,58.426460413967106
79.40084546647482,60.49019272729995,4.781157780433558,3848.3197472809347,37.77609293694449,28.06787301789857
70.38813907878738,148.7833265180479,4.368797251726969,5680.632346628725,59.937290866412106,56.189712527980916
75.39445346739906,130.1847643063167,1.2913903567846559,5495.5400813707765,43.539875342025844,43.84265465743077
75.50138194209123,22.35108265547945,6.725038007984355,3916.6604004493333,51.056991909980916,33.48215479426656
76.8597455469335,105.83555361672441,2.3690437283095336,5485.84011511635,58.062685454267104,39.32223158446862
57.90375632736514,32.87661376532681,17.081884484333447,4578.695613633888,40.628363249093454,30.956714788372032
86.65022986013159,36.34142217344009,0.6701632621511056,4602.129628906214,48.92627746848145,36.89089042889631
86.30584994307591,142.15449126423363,2.7325808939035623,4693.544564211579,55.669670167843414,34.75371486568389
66.4982011836015,168.48195009092996,4.48087228613325,6582.103587353004,52.41694218920943,53.407497579033326
78.98425510665125,68.62157674669784,3.154665578771075,5709.5144817297005,35.276395898659096,46.489615471399084
80.33087908667176,169.81925081247874,11.439277242402266,6396.6114342222445,60.98913711676725,47.29563474366633
68.84320340685436,27.431697186399493,3.558999231818807,4173.052191588189,38.613560187673656,39.81328739049997
91.62925033492898,80.16868421393876,1.8291450095800186,4505.584807586893,39.77166707189868,34.61172930892294
89.12894097839003,155.91719098252446,3.5929513064070293,5659.080409257647,45.2496637550407,40.556055034940435
120.20498104803778,122.42861876885902,5.106581379948361,6261.64353813484,37.10024512841626,33.73938494625822
81.25897719671724,129.1062998363832,4.083107718866109,5499.517096423052,58.36328481106142,49.25810293848447
80.54917968032319,99.11487481414751,9.090553664667025,3853.975678167102,39.440253210528546,34.14113164876535
64.04938706025487,123.23923477645037,1.637606440163469,5856.502417151249,43.446875177729666,54.98575104710394
65.35006460268976,133.50446238300088,3.696988877174936,4456.365707306028,41.41185958913178,27.333273637746593
65.92119442211285,115.27642111174391,1.7608178021492946,6916.127211744429,41.32036162326335,45.72962310664669
110.67217227305255,94.47508213124244,12.069393631716801,3941.352595279438,39.572192611288784,40.13850420499115
84.3023959389264,183.71249857624423,4.98052096347744,4901.860228712026,47.995498270095325,37.217535014029124
90.02089677277328,141.38629380079797,10.21718785321514,5395.3426435859965,63.89103203554132,49.900151386998814
90.2781668135456,98.12205980261874,3.252536513013152,5079.033916192532,43.51436049292367,39.788073044246865
69.38988514485081,75.50156360532644,1.5182738477497921,4640.164973623154,54.643222691844336,39.862968522647826
61.049891916379394,95.51335849204044,2.8081188566889774,4579.4887856198275,54.517793939038086,35.24439110601934
65.27981459594704,104.08728000319681,5.0226028445548625,4917.4405139857,45.58537586418028,37.47981381741137
82.5365228577797,140.89529623620564,4.503495594434469,4642.768926776092,41.92117486649464,46.03448114218223
79.9697822341819,85.80149551863926,2.6570819721496144,3806.8888524618837,28.899017322119033,35.31764519539421
82.44757585034986,145.23523095443485,15.228238602558282,4403.791415146183,39.42859130989889,33.95174075221712
78.63918464246046,44.434927025622514,3.236221010626051,4887.568614857145,38.97409593951404,75.11268445714975
71.20548206170342,147.62101040979508,2.48802706690277,5143.0480660957855,56.314623791963356,38.0969312426679
113.68594546499602,91.71879291285302,2.3117650607415525,5050.34594234305,46.04215270088916,37.832128982486
77.63680758061804,119.09869520902005,0.9647828754063171,5654.8799517025345,47.14883800227028,51.31170299947438
72.07105981600549,77.62022298232316,1.4262106080296229,6310.12319873621,65.38962142210586,48.09408299856592
83.06687822361089,103.58239620758438,3.9770724949398555,6314.705898583246,43.2818990224118,42.95432801608126
70.72215422344307,144.59654023731937,8.236337958066361,5797.531372199335,51.06155025855319,57.134190080052704
99.76910280289782,53.841578845831414,1.244635547008391,4827.207197762079,34.94816303096287,44.458479247812235
65.96247192335771,190.39478167746503,10.772973011504519,6803.967268890163,49.26565287780524,58.335576945571006
75.21571824586721,63.51759517563214,1.2690805241582503,5422.629073087857,37.82413940397662,44.4516234345063
88.58923259170436,140.79944907154746,4.078990594658692,5373.482282156871,62.277006443141204,60.502317100224886
89.82670192256555,87.85518024532128,2.47234850058184,4633.54985086671,54.070164878590944,34.87411662239065
61.18977232774599,67.11986261055273,6.521773779454946,4700.913841230422,37.59578414744523,25.31011454435324
104.29558617438575,41.261163100662145,10.776461554026296,3602.5598621196405,43.17081833145624,40.02712326594511
89.59122995485026,95.34979815492929,14.790971712784676,5141.0379733098425,48.29388717582402,34.612629891923305
64.89467628849638,193.9627488245459,1.51940671160975,5564.005673609699,58.87852372109951,53.900302270363284
82.55530808186481,136.5368347753886,2.0683594152653826,6048.065276597261,51.13419505469013,47.15301128185915
71.30283168672364,94.99638852710892,1.0168172667532425,4647.997439304378,41.112619531439144,44.168498892823436
56.669509991170216,185.60102266656884,4.950726560547738,5007.1908361429705,47.679012006848836,58.93554273758566
75.72509375953432,150.7316127935587,3.2510609459898063,4586.2562923213245,43.36339924936344,53.85324053659567
83.75876049928306,189.84994651358662,1.214924323868371,4018.9268508956616,40.57110540491412,49.86680920427426
99.47692046132832,111.42679848273477,1.6736593997078644,5104.53938709657,42.552142431047216,51.234187964385036
63.342357456184246,104.63185824830596,3.2512869364176984,4005.497119998022,40.27604276506028,37.55748972760972
73.48129396562518,157.33657737897255,342.0835994801756,2911.2888620196413,62.71708082682653,53.713083847626265
68.7833550429206,195.70966948904947,46.47449904059154,2947.311398923749,62.6785889941273,76.42604170056636
71.93067564831247,194.75595679791402,133.5805661257884,2985.998697358728,60.90192198693883,60.55275943556037
76.99035209267873,232.13603590601255,132.23001189740458,1699.8733051072381,65.13934191894155,65.77080887786633
84.57222077720465,184.74297335037332,636.4586818641582,2823.732239350792,60.67195038173223,54.19640803176277
76.81671640285627,221.48521695375456,193.79082462755355,3329.4824742520104,58.961135062073836,76.80931190499
87.81381932489668,135.39224843085967,65.8224933763057,2737.7557504487754,53.30048231400798,64.68957195421976
57.2931367890111,173.61449056747537,206.63703118069907,3126.28099312319,56.19522389039067,63.25473552353033
72.68984201139573,138.2703203713282,211.36471391898436,3060.080064762844,54.83845196446299,62.497720516619175
53.6685685292422,188.89859420463796,241.3899225278536,2312.0307543836493,54.18122525003518,61.90012413001915
56.47347333867331,175.9665270880132,141.59284926168732,3237.5307766229607,53.03391707809057,80.65422428731328
156.43712189717752,258.0771649829834,51.26811482159491,3014.808269209515,57.3238200533742,75.32277561291896
80.96258694390457,194.2741553562827,150.92108727401265,2896.4049200308264,54.72597179925291,64.90184034069198
109.29695840763577,164.73812104138463,225.6140811306331,2996.4510097791126,63.59212620323389,87.37197565028143
63.773270693465236,223.27429678821554,120.50450100184942,1859.3819615465898,58.95668926959509,56.24607086921765
66.69580177858299,161.26259493825023,180.42121037748805,2760.1750249937104,60.47658686273614,59.678825433221995
105.03204391755848,233.8111485933435,146.69173060345716,2251.716961477686,56.78512733421494,75.78509721312436
105.41824981145476,147.98823229796938,561.7107445694301,2389.282203263393,42.6983327585498,58.266357299569464
125.4058072149589,200.12158015782364,88.0342745471718,3137.8052341979737,57.6630244252839,81.4223964871345
189.92303288147164,220.2884826653311,268.7718211072348,2581.0057630457027,53.46130559409735,69.6978642545096
122.11347252359003,173.81701956752727,308.284107162948,2851.178745810646,57.88483028443388,65.06474161395631
85.00869162788226,245.9882820896883,139.8171330398659,2275.5980010468743,55.68524348138455,72.87217305500653
61.0455120141318,174.42215659616772,110.02958306728037,3358.2593414619123,65.0867675927966,78.83269790502742
65.9529972977385,182.13497339749512,335.5176997030794,2652.776324504562,57.01915701939204,84.57320197022955
84.79133895357587,238.52847311999875,100.52354718687619,2904.5662914711347,66.3898391101662,75.1599837665671
81.65690035120686,155.02517968583646,84.149006107145,2683.802346697797,66.59337655985391,77.82588879839047
73.59647493204737,168.55841663651051,482.77522639915867,2261.9229937884766,55.52734697370329,64.05918446958313
101.11296741551944,174.55908394569246,86.80996563069745,1935.9747978029052,52.575606304741896,53.774962863361736
59.1831383302175,235.65931135506278,186.88523174859318,3368.763121124367,54.86749142939245,84.88695339202819
73.19338121352772,168.35854130618284,69.15633572650708,2382.4820486690646,50.203936123994694,48.799556789536126
64.98100783364444,159.1309481253505,137.6628413002187,3247.2278175542847,45.79001998133214,79.99316919138846
69.50822060625389,217.2367990732881,85.21305929306894,3507.3677433960447,57.46698007202546,75.21093327873533
94.75082956390617,223.7121823296578,227.5885123762054,2974.741510107461,59.24164711210368,81.34832704063113
61.25838098009024,173.46729695570727,95.18666472583406,2498.880926611713,41.88889427884717,66.14918988778865
57.95553998943792,157.08823211400474,49.96723924468196,2610.127408674639,58.2713844322466,90.2270412111437
66.71355614249192,143.34604991926793,358.30772077661516,2755.90716189777,65.27255263985033,69.04464124666096
81.16722953445738,136.42178757728234,96.42344969612364,3128.258334024924,63.27957270867663,56.654876502088584
76.70523535947936,199.46621594629863,32.937791317364116,2279.21368113257,67.74398703863389,62.825729982735105
66.85318050537073,320.3264730565446,51.065316312554344,2494.44945339862,64.46661425746605,74.5750589942148
57.63835677869372,96.17309556291035,403.58262588555874,3018.5036957727643,61.12146170414705,53.29333577777087
103.21234738221335,170.60799158435506,194.63214608629124,2294.19526291525,54.16072037148083,62.68149239239659
123.14977922877308,247.64153203731024,115.50450023217188,2391.453624332216,54.42242483645839,63.943352387604854
75.48454892730567,188.03990400049543,176.18426356961746,2084.7503937682577,40.86229894618955,52.802719011860425
87.35965871182766,153.22696902216273,209.80323456728462,3555.42820608526,49.21782336955203,71.2403815326027
72.76046531804994,195.20339658381118,160.9426863710003,2528.8370641366773,62.922876162560485,66.61684452596425
63.765806660478404,183.47662162855232,75.0423233935837,3068.7456213835876,58.85703851388034,82.60396922482752
122.11900290145267,218.14666266810136,129.4552399985587,2789.601398520438,55.18618863763167,73.33999190846238
93.79177908612158,217.49410570732707,98.13598665863785,3421.327776535521,63.964258014162226,83.17877650651361
89.59279425752938,155.18366704564386,293.2132803892363,3221.393523013925,62.76903495484154,91.35612727178018
96.2595532468576,213.84697827121332,263.35849753180304,2107.067039347028,66.4488210530951,63.107867364051025
68.36427466417709,256.89088333543185,144.1246902579955,2450.7402500913167,54.64346082132564,80.51768268997166
73.79869974371027,171.2342175276023,147.51109413383256,2324.2396238314727,57.791329402936114,52.76428202273907
80.53074652879442,176.39286936218602,274.24354767194336,2575.772925233304,61.735877440168316,78.71650858407689
110.07481471661322,227.14113376158585,55.192510424332326,3015.9346006399187,63.464540473412306,86.39433559744005
42.21512799168037,201.67819705933093,136.98197831189424,2813.371258856604,51.902801862997116,82.29314016181642
84.34253388130517,187.61919849236543,95.51846554656655,2649.0645602702343,40.656716252070346,54.97181807109666
82.0265849124041,138.78850298552237,308.51599884994795,3216.5471129104617,60.463696659955644,72.89264365993405
64.35351016082139,202.96566038293628,175.49156877536728,2629.033040249121,50.7852497040046,68.9640099975032
73.98183770841716,204.66645567087195,38.12933697769809,2832.5391482494115,55.27238733006753,73.41284315804519
62.91938441394202,185.25152877770236,160.5578771116642,2466.2774731501295,66.00749120712531,64.43499109077747
74.07430098796058,208.35794658903993,316.834796234368,3101.9079348795976,54.042753533732956,52.75817673306875
79.23429092232166,219.74462391002749,143.72137890787323,3069.858706695457,53.784247162106716,83.01655390391025
108.06892588969372,230.71823630012068,45.72126419577654,3183.3786201307494,56.92170286283458,73.45402792028543
65.20785807767315,176.952874278931,204.6037095017228,2339.9601776179393,60.97290175073232,54.05815557391469
121.51538209493916,168.05839756582344,455.9538729221114,3494.082621271328,52.811020357555904,72.20988180360857
82.81909946304697,188.2912579402006,261.24030660882187,2868.341858022185,58.24504841125495,57.50927748564561
95.8441147135489,180.00123541675507,235.9779813063275,2067.2956815524094,54.64280073166278,61.77407163858312
80.52620942335986,173.49286628077647,249.10512229591578,3314.523530354728,78.26502245083466,74.31602766390542
96.10676370802051,185.82204605521503,39.34858883919964,3390.4967483582623,61.120155165619266,76.32398459064932
122.11717060224291,195.64548901013293,81.30091176474744,2569.254236916743,66.1091622919989,70.6764802246412
82.82788510249131,212.32155450988643,422.87445603602436,2742.770022989332,64.50710341357623,78.52156440578511
72.74100346172712,215.5602255808238,137.92393003458085,3023.055865652924,59.12898526131737,74.54340656548452
65.52949807576158,156.291682602683,191.76000438594616,2289.326469124408,61.08558472733682,60.65798437178701
117.64504694720316,182.65544091922973,101.57693853350489,2860.0636946773857,65.9597026142515,67.17419738544692
78.48069461215012,179.3672610143728,164.1342693846775,3060.016954439624,63.745654732161384,71.08664077065342
91.85981868950111,274.27185256444193,270.9320072868895,2219.2823392871064,70.08993581106108,54.73327213170618
104.07329025668018,188.86811846415446,111.5220946152818,2655.0993681434047,53.61860895332935,50.63613382205475
65.29763309231478,166.4379440755019,76.04878317596939,2169.6356896638495,66.27589963873905,66.33074291950943
97.55247159901414,186.73709754196926,222.99039509682422,2462.741529855387,61.50077991504819,57.66837941130043
102.78901292849848,190.11792841474295,76.4861153479772,2430.5157715765613,58.49891348932296,81.43747066611124
64.85733822666441,257.88609839498304,131.72099136972406,3352.1282564973544,65.94897243776116,80.72181543443378
75.31586763905719,172.81854663122013,83.30724779540654,2473.659358978925,65.8995569968672,49.17376016435088
75.98927106866628,191.76663543586585,166.46373175521654,2803.9303740285077,58.608311099099616,73.5594005560944
88.20559854698989,146.06681247687874,1173.4085841857209,2753.407718369358,62.85903392052067,60.39606991833905
116.89932192444618,211.83564900243755,43.585487303323916,2153.5826254968224,62.01028930592177,64.51699653090874
82.38237517014177,218.74710073314372,126.27100871381754,2128.908279451961,62.2290934753355,71.07497936644752
58.393650119859885,293.9780423319335,168.30053193421423,2553.1144308877642,54.0655977812641,80.69163727861007
96.92584456705937,208.38223024698087,188.46438548638997,3172.445769167702,66.76273973554264,73.20776907399667
56.95822443559971,85.57349804538681,195.94948809124034,3652.1718704764744,29.824952457652124,53.32125372632203
76.29097756837702,81.15541597297278,234.67318589901043,5448.1444793201845,28.115661623023005,25.83504903255278
65.5823476345949,103.59941642157037,280.80857460866156,4679.506224815425,30.359427626088376,26.48654083534361
65.6399141636679,218.07920641766458,191.44775705502786,7429.038323228955,51.883757212372004,28.382990065219637
53.044942704555694,65.48219562322876,208.6522693707165,5665.387742890222,52.41086321479757,29.806285328530826
62.605245206291364,161.79919919656203,251.98089381734047,5512.836233203879,39.294354048250014,26.211843670679066
58.00526702572576,135.64984269877098,169.16250321579508,5776.4586096278745,28.646708217785186,37.57774232032161
50.613727976195136,107.40715065924337,202.98904975652746,4539.496726284519,32.30916228411478,30.168059448704753
62.996962017542344,148.82530448553183,165.46967829056467,5280.980049316572,36.58776222133956,32.81513390156025
59.311658883735404,171.6880431960613,372.0055943758258,4135.027294171806,39.30339585343673,51.47227675430145
32.61620180385527,124.24723012516831,275.38664026559115,5229.660083592318,31.232568382504535,51.00441431882418
39.09397310261697,158.50798411421516,209.29563552687424,5339.670008622392,25.796714691612312,42.93637976784032
86.86673409174674,303.5853034575456,306.3843902905211,5619.93889428757,48.369347232771645,40.92123002984217
76.29701946501736,89.0654277298772,179.8100136613212,6385.857173252618,22.365686735481756,34.982745206474334
50.04158800216065,188.9846679572541,222.43037754617075,3528.5455180140552,28.111501171690463,54.38048888693426
62.12485762303736,129.73634963445832,166.00723026063685,5950.533512137341,26.391904079639563,41.24675889171086
65.01667333967663,63.510395892564304,169.73174071272527,7466.800268063251,35.24139556909999,47.33249031618406
74.86596519858891,110.72472275862654,259.9675684406689,5829.9131318611935,32.35155173935774,57.87886938094882
57.31553877610385,86.46920036435345,308.1655478569736,4163.533623124295,30.342767116894187,59.03050989849627
42.85619201002625,121.37208866745168,198.39322890500767,5175.531741868965,45.520290863411795,50.46875017744907
44.59511109624653,91.08764014374495,259.2754747683854,4183.832645622756,36.48932587123934,40.85034394106145
53.7133500977716,104.20312366015223,224.44660783476246,4078.888241163678,50.467924004375796,22.257531984244075
41.4167644950753,191.7285676455797,140.15772959560618,4976.432989255962,53.761407854543975,18.850494508839507
62.88979371639232,127.36485275475907,359.15279893972036,6619.861051821419,28.23433482084846,64.0524458272586
50.795063883441024,122.22461737627805,246.54244784168662,4150.52823871,29.264528449410744,42.39458524008115
54.02019818087367,137.41867789976877,262.2799281081713,4765.362893900775,37.254852805071856,40.191766802529905
69.75140765203797,122.10414610098485,252.81249637202208,5306.052530676044,24.464141669726665,48.101498175267714
65.98920252463247,468.2187238862625,368.5333080304078,5721.328772097185,74.25762382409019,28.79014308099722
43.04366832541973,66.62742531277203,364.03397301588456,6808.633018495176,42.792707512744656,22.894931492117156
67.6020091541929,201.71557856622252,77.33238176894757,5295.696030930951,33.39111989088359,44.98310925963857
43.02160056779471,110.34787206354463,1134.1570099391308,3942.1153850900687,23.718309238512596,47.88613295119925
43.366794132619454,117.577827178897,155.05413035849563,3760.6914474522737,23.648190249501617,53.596088685162485
46.3548253259383,117.01777202445548,473.5935292241973,9565.483855135144,34.7523253555692,36.94710695347962
52.13518236305212,133.09426191720644,282.74377746890474,7186.557488776365,22.600565041308254,62.9918225119834
58.48753248948359,129.9012853667151,208.6686833047589,3745.081849415509,31.668437009301368,32.229884921456126
55.95617528013726,97.98449996489029,290.1026548505753,4930.098846027082,32.932729503104774,50.524888264510786
47.08074008471732,80.50817293814048,268.643662729943,4598.559173848835,38.021777479165976,31.59179154530678
54.60061656367748,112.0300165600657,206.07770299470445,4570.246210404402,27.84982198985919,27.326711286651573
48.5279463915271,161.27254608072874,315.34535898146225,3899.745870334277,26.93943048405641,42.41931989515167
59.08393794602006,167.9384624078911,266.1435294789585,5108.5870905143365,34.60763713747589,47.34833380978381
61.94749395404718,90.67462933110592,331.037893690079,4867.627909812038,30.922794252226264,60.391387269859706
61.649344879683646,123.12701783581812,223.6238143922771,4894.744008988999,24.70214172049949,58.74405045366075
33.38033799629482,151.1301222904621,195.0351404943285,5960.222389329128,37.72403759664611,61.30758132900437
74.55122190786895,149.8117922521673,271.1554507440142,5061.1087447777645,32.35615439389111,28.14422772881515
69.71060374254645,69.05820594636934,345.5289731038021,4431.629292637221,24.227194452751828,53.25889877112762
44.99043630632419,127.97530053944266,193.4742237542427,3818.1653937110104,30.586240158205573,50.150970019000184
65.94592002103442,122.91150593455043,103.74371985336079,6464.667379104055,28.63612443326764,47.46926346474538
73.54651241251186,126.47293581664385,128.34764877052925,6822.206993655464,23.350593462638102,26.80783609691441
77.42242589325927,106.10470815235945,259.80455872625146,4632.73935084045,33.63204049903129,56.68810615747908
59.17106382125113,93.86212850638194,301.3073007327159,4805.565793330008,27.892713294284626,45.76021266749184
46.067862379565454,167.58211003344772,463.7349098125138,4604.15071055827,31.165909399187285,50.862931956681315
59.6260759203915,125.57531810413123,279.2512180004023,5529.644736326671,27.749086382061336,55.04660679872594
57.45575405723777,88.01862868830328,173.48016049804843,4221.038359528609,24.173891581932782,69.36742118348793
70.9591619782576,141.36154900216155,322.50360415377384,4893.8419802115195,34.48947568256614,52.36845557899377
69.46376416424998,118.86402855868809,201.87780021118405,5552.4019643746815,48.06738248267528,66.48273330761417
37.70606765465388,124.4698991038953,184.84873183205144,4675.985131884593,25.650162798595012,45.59146834730671
101.5970013441498,131.94564651729084,273.7537180123998,5140.805181318646,33.95440484933782,53.06767397151183
67.4158332047308,128.7052047459159,284.1619110748335,4573.643975003697,44.53238290164664,56.68674712387076
82.62742719435425,97.6588812432699,343.4610575704391,5396.386359023971,30.39484648717562,55.757258935553885
51.586975004875306,79.61967800208211,455.4294036547136,4339.179277338657,31.179389814656123,39.91743503125137
37.99894549718814,132.21255979671727,85.85400424399091,4449.62616817199,24.985438782796095,51.79079378681057
53.68626858530602,108.20324065989375,197.48270648196367,3593.8231053283102,22.862449980780877,51.76520357832705
52.46892104654563,95.24466453461741,427.3941342530088,6019.265315057703,34.411831094177145,45.15431542480979
77.79340442659067,114.65549830647106,176.89622727618996,4435.777901618732,36.57936399517392,69.41106799677858
40.09913001915194,518.8681562836157,194.88766193896848,4544.5555257197675,63.57100990844147,22.76624019220016
59.88357694734236,124.49015949708136,472.9007519287299,4982.300105385236,29.82349687644386,40.41217161128513
60.97401207085802,104.47253672048437,353.05571196349354,5654.444569002089,30.565075480035972,46.46403273426265
59.32579236361246,135.75074406916707,1815.8463718924072,4475.723977185353,42.45938334593525,61.77422082514876
51.911550439208405,81.9932734940578,322.39028078383774,5634.827628160382,33.10436143766606,61.34375172708585
60.12727467199761,225.55626104849193,404.2120526315217,6644.329768552043,46.04022311187372,22.892168096509366
52.27679574446703,85.6676886487782,220.5717977096565,6568.9758574843745,29.16680606613727,64.65082200193987
47.491936829329674,89.09362477424621,358.6099147420208,4344.931189728242,30.53408196556267,50.77919132706795
48.53859552008509,111.73751007944,301.88888297619764,5020.059106479801,27.921263377485086,78.32305558771964
60.681583944196085,97.46460475740774,280.78905907099227,5159.979494076327,27.875048916457843,55.847923046761046
67.07006969756559,107.75931524068287,220.36976230039954,5588.404917436988,34.83179117358329,46.14824437455032
49.378188084901225,76.04061872288665,257.82635208095587,6306.501348499486,28.243665977453908,21.592702095349267
46.402788982074405,89.52555650101989,413.8263077536566,5785.007918714624,40.92340645107951,32.1438244198096
154.52854806641577,228.0947740925764,181.8177661556128,491.60084955502805,38.005674641350915,91.24333141157595
69.25439992179312,77.67640323721446,458.18124363716635,2063.9570717810698,35.71982576527665,142.86246567692007
51.16916753708652,107.2724853847524,1182.871026654709,1734.9260271421674,45.20796667716156,99.05899622812726
34.01629430216302,27.37464393559681,772.3705508615853,2155.153209967437,23.258772295155648,57.325061928355034
70.85807929552868,108.50972710018111,413.2903200645469,1988.7443662597968,33.99365542501333,115.94422583659966
86.93951735963961,161.0559086897656,1843.0052323048033,1665.990871653807,27.492653651637806,71.54791210338632
181.4476773129335,316.12494917479523,336.39609827254174,390.837041389153,40.06191194014459,117.71249577432363
59.61484557817992,31.962890732881863,872.6208471922519,1664.6434378164188,18.984841232569728,49.83658170797821
161.80149682245,188.0008190792856,284.1501688004338,407.11462270861637,30.06017375242547,117.77137700911251
95.28387583921179,102.7439498633396,897.4891403106519,1723.361148980534,33.844528033538246,108.17298702249741
66.26210063889293,188.3205008019091,123.82915205696322,1437.7017947482864,52.825164967804525,36.14118282089094
117.41208609446349,164.21834924942485,456.6639464887159,420.8233552243576,43.51950876705608,58.88214001109969
164.33265772771057,95.97541041525189,342.14537818080714,485.3875472923748,35.83346533526914,64.49478989329991
52.52163385764801,42.53717487969455,44.538591019859936,1818.447405433161,38.582707461222974,58.73480084850503
66.23632850386107,64.88912663520344,383.8244963017586,1403.009565227585,40.29242579093862,96.22919714901805
108.69664625796952,185.14702144686265,357.5678379290346,783.0143727450632,48.52856721748912,133.31784541026425
88.71577487888706,111.09885661748436,203.60484266592988,1509.8335869883354,31.12380269849666,88.66222824394458
122.62451247497657,161.47715590255143,108.0561178418036,586.9307428993819,37.56648028870875,115.84686131513472
178.58070201337813,81.77249304777827,973.7601164324229,449.98178805258897,54.1004707904626,60.9192278481032
76.19221913613637,102.57463907219226,669.3959241181549,1834.418068706264,50.36457654070794,126.46032819041766
32.48566479314083,36.81272981900809,778.2090407397736,2895.788110526696,35.217482330095585,67.2418763021901
88.13704947551483,145.81494491398828,141.93313739952663,2081.2823763310657,43.8682881782847,112.30675906807087
120.87606374332647,190.20648451332616,129.3558706287107,914.3063034528152,66.97409133799803,146.97678022313238
63.485601245700835,134.1863403051557,312.2011494549887,1560.2874256938576,43.72203031514998,116.5689473453546
113.32365780315652,507.19799350247524,316.3437234136941,594.4310013252162,44.67774038164882,49.44426831891088
89.89365576009726,125.26232030989561,635.8983282061553,1334.2592872225755,41.87552200233761,108.34645256084764
63.58897113104759,97.73307883559278,658.5894254819971,2784.2936937545883,32.659339155555664,140.9914038193089
101.5426483443782,99.23114259331398,126.07021999016538,1220.728386883065,38.144262665735404,50.96995960040316
52.2779594734895,36.47549859510869,816.7018561268405,3112.287844088666,40.98871329802879,88.3759104009394
122.03391733842747,226.4499022433327,247.05110016992526,787.8885209813282,58.1921863743402,80.00411890388844
100.85607578762713,148.33390943433344,164.1122859736759,424.9743235204145,57.52501249904867,83.02511825034462
112.16210721775602,310.8240745171318,155.5120665390569,379.45317544886194,55.35319256037876,71.27952927704688
73.652858972765,133.78848987601344,1047.3493210304384,837.4159699428176,33.28828706748652,58.208983869052645
70.5656356542733,121.63316610171069,415.1121915204235,1475.1160032880164,28.83465266272026,125.71067738967065
92.30209587476273,103.76452105444791,139.48467914856073,483.3228986808326,46.733779179374984,47.02857567948628
67.03153487621911,198.22998403091182,906.5377304520229,2105.900392928138,23.126544292866367,162.85794561663107
84.08741714403774,148.05531768432252,414.5622550415126,2106.7491966332796,57.45182085574699,63.155959900982324
72.69149752345568,199.40940097179427,88.57680249475504,2444.828856637667,68.67216104339624,55.07775845595794
68.55704560823351,191.58675984477333,69.46549296483967,1681.1683478161335,74.15226338345728,54.010356111824116
64.94961596015266,145.25398579559584,139.99306892788417,2569.1862820533493,57.02944374945612,56.47474192331829
71.1520584766562,169.20889748128877,46.48189602197901,1739.8330408407292,73.51167285717653,61.595004481139185
77.74833028251969,165.06441279485077,108.99077562991901,2186.825459470336,59.40611318711966,56.371095850558106
64.85536505856598,210.08187166041594,57.967077029833966,1570.1159368165513,63.268986462183896,59.1937586652881
63.452143181943065,113.03848196449034,28.058903200134836,1588.9865700148912,84.75079563546254,46.890318185731026
72.56253171140787,173.6133730722241,148.96382172306414,2482.484968132627,66.57097034880368,55.11875663409724
62.147280854099066,179.52913099717694,219.46624163643816,1955.2103919330161,59.19210129746799,55.022879181197126
72.19200406909559,167.0298919506127,159.60120895772033,1544.5962384244922,59.09449314063322,61.86988753342848
61.20405852877322,130.05938741216463,95.13955952594411,1537.3725549983337,73.86309083275924,53.664126758092415
71.04531076069712,136.2515790235142,97.680951921668,1628.4330640389344,55.94384602143792,45.252045021112934
82.7384792818764,144.63243294818426,43.146190563811366,1664.2909030339856,57.84447605573818,64.29235353339162
92.21696712413411,176.18086666191482,83.04813934950714,2730.356454489137,74.7807909159206,71.1738618261654
60.48361891942674,136.05490974601764,46.85739117012926,1949.829799069529,61.324554773698445,58.28671521638512
72.16155643889124,188.2805134447894,259.0091389749252,1658.4458212498234,74.89787355468214,56.47255640431281
62.129693060319276,168.64855120273427,206.9619672198488,1959.0122487356803,79.24180968862798,57.96938816489997
76.54165944493852,172.48606094497447,53.09276576557031,1863.2211845228492,67.57320697071484,59.70676084103776
56.247065808028196,136.2799399787935,91.72765068769024,1786.1554961108843,49.91752217568661,44.85542433068213
77.42463741704584,160.54742895303391,360.30379000144825,2449.8080074438694,54.172716279112514,63.59599853805213
85.87104445597666,164.92790595864219,208.95916508498354,2226.585464493105,67.08217269892138,59.5086768650062
68.39418852970607,160.2744116333393,131.77575535040052,2716.2413431678465,57.69348241413758,44.873543364451635
61.66392351320793,112.42375321717161,62.46055580610747,1424.2910257490894,66.76395861387985,67.37260434145512
62.69938644050198,215.78498621650368,93.314566439542,1761.1335135069585,67.06596866138257,50.653866881464644
75.91269591631652,159.7419841841069,89.02601183112326,1784.6387253740365,57.36351414818796,53.17703944023755
63.191823393784674,172.68903258405166,43.01040105654836,1611.7828818439925,60.38652700560726,55.52819909684473
80.17387790778682,210.4131505288561,180.63839515395426,2419.718045003692,62.218502048764876,65.23771108573489
75.94042101866464,160.97473429674014,246.53197814996037,1605.9747856784343,63.435928231569015,50.66139059925849
76.75256471159055,118.1977487631456,222.84351069442627,1959.9750703184823,68.69423015941408,60.65793488000786
86.86975861825532,181.28439062538885,114.6991755544245,2104.1246940424667,57.19736437445364,48.825793312700476
61.65512967423971,128.54803811743344,93.27072947071278,1893.7017585044455,69.9420704771632,59.094790874108774
61.64126228685647,162.584612845024,79.04566320621053,1571.6899689176905,57.78735351004635,40.67588611559162
80.10664282983137,154.504033660972,150.49209783184773,2408.391355264205,60.769569042590646,53.2725869346191
65.02561042459587,153.69933040906824,83.44614148094425,1659.9078014316608,78.31161174219334,60.639737759817066
86.44903883671948,226.7240026838781,272.9996491345506,2424.960555903051,68.47393132476282,67.14567033866284
80.5332241122239,196.3494925877486,80.00172748178652,1993.3671238375362,65.12266057867231,57.620558295260594
78.76798448614356,216.9396045309355,65.13505727591662,1972.463561645168,76.52182374285874,70.39963008060468
78.07970150077429,161.35180897974686,177.75289602989383,2635.521670148479,64.55790742931939,62.2519453074958
65.79952943602963,198.3995857046911,54.65739553194599,1660.9273896247669,61.23912363967487,57.04536057744026
62.69664164918297,240.68976823186262,42.13215272549416,1533.2504742093101,72.06335330221401,55.09816945077548
49.715428468244184,164.90664138945385,11.017418205328315,1390.231412959558,88.4123467202212,38.48190274779641
67.40494576385365,144.41529577287105,66.51146360925536,1979.742949620037,62.74461320091224,54.62075035550688
74.3300917118527,175.65606588958607,123.41858549684943,2073.109988034746,61.59813264060405,65.086918410094
75.5675023409508,138.50474366021302,58.375555825567936,1549.7741489176547,70.36661564129106,50.16007368562567
85.4496192223166,212.22112361483164,236.06525091066047,2925.2525985192306,48.80498231010752,55.26931386044885
75.11434014943424,148.63139913315723,122.70856978040041,1781.0963988980318,50.026667056452915,49.15056444971684
81.14766143761574,207.0354010084805,154.23416613296587,2249.2923693768134,55.841533023625644,70.04398086213567
80.04758068592469,190.47370520854486,45.120972863469675,2206.4231409016757,76.88816145542967,61.23761941842655
81.21020593326719,182.87775080664093,288.25061341210505,2478.799867418222,54.350586134379775,53.35216973997494
62.410988115118734,279.07818655383284,227.42808043239492,3745.9543655241414,44.02321035389647,53.50163607925017
66.8214736658795,145.36897383948866,106.54183476242638,1595.2655203249603,68.77177409900348,61.94064681432633
73.94857054451776,151.0801488064523,41.51708033906503,1195.9352571387224,52.61881482636651,49.33564828074558
75.83979114258769,152.94908998406316,108.0022298226277,2040.4318273323083,67.39597132784294,54.655946992850446
66.47178535796233,206.74140276297118,377.3552652144059,2572.45985769812,49.41006884996028,50.93375322262654
69.99433968210609,135.828547253717,100.13919114058527,1367.0747597571576,64.08970849829714,49.38472255475229
64.3002193240157,147.8323076878109,164.58064537763747,1225.5274622916893,50.977651377946174,46.65155518502613
61.32299219469095,144.83039419720936,25.60467966598377,1094.1654962785024,95.34228948444633,46.26304907637537
64.42315617516272,129.51308974702562,181.16606619997467,1385.1957735887497,66.00561466225929,48.725309028956914
83.11231789798735,216.8801246036016,116.16617754322601,2647.845371592207,71.77238602532887,58.94408605211795
68.37909991289358,170.32038267628073,173.6815031183213,2130.255222003849,62.53791699678622,41.39286858414138
69.10851199668535,125.94345969568133,79.36076261072273,1588.6466716859388,58.43194473343092,55.264931462943835
63.42776461192703,134.06609871639162,115.03533525423552,2056.282557013369,61.67342985377265,53.95243976350565
63.979448388152136,140.59969701117444,67.64801256559394,1261.0415829622566,95.03831721826457,55.79492734601389
70.9326311211424,180.247762688689,214.755273705497,2590.5730201700126,59.9232132552351,51.062695392396876
86.15302172536467,135.66449242053756,24.925499433438322,1439.7039377513515,70.94785761524828,49.179604871569644
76.77810828905979,235.39543684270512,428.425326209169,2791.4090017310195,70.75060065966771,74.42667608316533
0.0,0.0,0.0,0.0,0.0,0.0
70.97833945670187,132.95539956968432,202.50053688141512,1414.9009809050513,74.52317467155946,69.0228027031898
96.11540636286558,353.46387414957894,126.34332645247403,2035.393765271885,47.08970647418289,52.60704711995629
55.30784796224164,181.99940759530455,79.53934046981153,1981.8478207004305,63.955571575178894,83.51449063427165
49.10920332920823,92.50392750844875,107.17640441146564,1325.3541390894889,56.25851530323649,63.947418611332616
65.45064854332298,120.17904366534552,589.162279942721,3489.0073267738635,43.14209560086251,36.57869839982605
59.46083479367833,104.26114368582861,987.9988766273021,3695.712721315505,45.0105460129675,31.35112192984615
54.44450565699792,115.66936035852832,978.9162972678781,3111.196774057641,39.480679054889876,55.38301733244707
78.00566139539991,101.11568499426359,858.1551404868223,3045.6472134041373,48.17743280745377,36.33422573949797
59.78495440161056,131.1047227202295,1224.726156498928,3613.527790621072,32.26072735224206,49.62566018348819
52.28474204520192,120.98829194525271,940.3458389645106,4302.255570193296,33.5254743444672,43.89408918103836
31.5209147846737,137.35579697535144,1076.9224496736724,3931.151792583136,24.947824779369387,41.42342049526107
60.71453895871191,95.94701778461824,488.3265301572707,3419.286942849386,29.80910145394436,50.77381051115425
54.87548444078226,143.93138391273106,913.6038329186438,3562.2978287733677,37.82771335309591,50.40260602092699
53.46586784335953,125.22322977800854,654.3197872736624,4257.363990229138,20.70642013813521,49.871372903630736
67.60541133966738,211.186588601338,593.7883477337762,3201.0001004686715,40.78968037628831,48.52565848861068
76.34628388283431,113.60847150758745,580.1755497191425,2941.267222227895,48.631355551725626,42.12176311406078
77.09220664956248,183.38914780293302,577.2985224994918,3424.464736088596,47.653798805870906,37.00358880940159
43.67773346859888,142.03963538824806,810.4734349199723,3813.406670760288,37.11608131077475,48.38263974485221
51.076746044100105,99.7964974526666,588.6394656213419,4269.154730300621,27.055365361812694,44.34053221191503
65.33103964052914,130.91529169584288,769.3169462927028,3897.2568932891418,34.122216030433215,42.5222844151687
96.26317209775259,205.1213235962768,782.9167602010218,3690.207798594655,29.714136157839665,57.10698425745583
49.249597588972556,137.16842525463647,577.4932629661164,3870.1833134512335,30.544493040009407,44.50950533691403
69.49908986209843,135.28927706668097,722.2318391297215,3374.30512173091,38.183910142976266,30.01102701645008
76.4644847167172,179.65237479191768,605.2018243697161,3443.710651537881,37.83734375076038,21.935111822288853
64.05675287586456,174.3853721882104,734.0366027403386,3925.2910576744152,35.0721159552846,44.380703637232024
56.17653086985742,130.85700640695103,502.80704247455003,3446.109885077123,28.492379321101698,51.91055498230463
70.41910668682382,117.34974191116787,489.61158996982084,2931.014094020456,51.33808220819611,42.34870929027447
60.28744864451111,138.3970285829791,468.8958210588169,3528.4000132041097,40.56104039718156,21.6376506713975
74.358549483369,177.74075613238077,773.1507307281311,4004.7104996399385,31.80794085400072,66.2405155612972
48.20724078412771,140.16425397375488,634.2412369606352,3843.0242136851166,27.4869005225708,25.52367536939948
44.44706609692955,87.54989816337364,557.0675208955125,3797.1811039892427,23.286794357451736,49.21711619047537
58.988074948471024,143.73053392675084,664.9371022498295,3403.1332182012293,38.568349361813425,38.94599662460278
69.79277831960103,151.05755965951494,603.5429152285004,3332.6011976807554,39.35214715171544,46.799342707678214
58.19505612479732,104.20512700898107,640.0007218049682,4240.197604913379,42.887880969322964,20.361884805099564
57.6023343478653,183.9349447871466,737.6687700099261,3278.7005125042124,48.62741746840372,29.35391453541243
67.91899457273824,119.84807879973914,689.7743706917955,4104.910742878273,41.763185036332985,30.572248801023683
38.41088252839209,129.03000173450778,1186.6875270817986,3852.535461344548,32.83664082749327,33.012013926299375
54.06772767565585,160.56027964916967,810.9703779832334,3036.9342493358754,33.5877027080958,37.63290033445382
74.32008425957552,163.70479979910237,1265.6924228592932,4273.038194483563,38.18264067721204,107.64966242282898
61.507032915606864,182.54992590867403,793.971176917112,3450.92990770929,32.210964608810805,42.86986194030343
75.00435662384675,146.3025507687256,462.1908711739276,2793.1661281957518,47.680145377411925,39.772446889158545
49.704120977800464,100.3149032029952,719.192542062088,3973.0730926481133,29.974122008612444,41.340021986515794
59.67798764841116,177.83000492887862,307.43553413643724,2358.3486716734424,44.917500451699354,40.94106562886528
72.39956818208391,119.3101481692931,730.3345978990616,3280.0722294092584,32.210286514294204,54.177011855009994
71.51824925335433,102.01600782112078,963.6439181493593,3420.768826478298,27.723675992736833,44.122766079460156
80.64437587330646,116.5779097397585,680.7181216975068,3990.306953922131,58.04659389044649,29.566644217905605
65.47516210527377,123.96767652077642,898.7163398830874,3238.2997222192216,30.01832763206854,69.65526507325288
54.98653068470456,91.79874476435404,336.79816907809567,3746.3848469327654,38.83450836509413,27.446690977821742
47.19719082784458,142.07498360087402,611.3343030755012,4320.077763832775,33.17590827844387,41.43420134347564
60.70882191852398,122.93819200605347,653.0500308677514,3248.226737533207,38.6001854176617,34.07135687629042
71.41646723722305,82.31792911804385,16.904181243229726,5073.257200493124,54.29764855801979,66.06431226056078
98.8964464878059,168.1945433342472,19.994580132462556,5240.993536446654,50.14753611635366,53.49363273169887
65.05135134396207,155.98146685241753,10.616548269812583,4232.674727072215,39.70660666146859,41.824198348225124
71.27254095326784,129.45305461822994,80.63402440618097,4694.612212054164,60.87893536205685,55.95463552085573
51.008242549152676,195.3651248802727,7.05665450324647,5355.746359398638,61.21256856769605,58.51239845536162
89.86761983796252,178.1375959701389,6.2967799280240175,6708.134581375032,58.574861393270034,54.709426299035044
56.851630373867735,108.2778414297799,22.990541678817465,4821.3747333607635,43.287100829874035,62.86374670210832
96.18391456097407,229.97965638657723,16.326003089022898,6005.879048195906,53.17066628949949,53.12510558509848
50.28453067682215,155.91644156817654,50.993210931800135,4193.142500737233,51.10231602050136,37.319433874222845
101.64266327584212,113.96430551675019,8.54860513308645,5375.188138328695,51.40638595392819,36.05887657896982
67.03915767862941,161.21812486026764,21.987308723369175,6953.426433488143,60.55435866083013,68.67448258303287
76.9703548046995,163.66250590406906,7.31318948163991,5872.475630591374,62.25254317035086,46.584007055557926
78.51779605323455,201.85852844548987,25.418325346838838,7059.052123900905,64.8474458274778,63.70564786293303
79.76746428207456,163.78109907300592,12.060999321506547,5278.036818219496,58.05272077167979,57.75620867866941
65.40094841043866,132.01010463975177,9.83803015019876,4998.085842099707,37.52026494692508,34.74544346310538
90.2335127847721,289.6123021666523,81.06484417278402,2828.2656348952987,29.16958386041548,44.352503678498906
70.56127558685537,114.18339417305296,15.499195087701079,6269.599538055562,63.37810153738633,59.125981295953366
96.7133238146859,178.80320895768085,16.083009089992558,5977.450221386822,63.570476892571264,57.76892044469474
61.04890523856706,158.29445703025155,10.257419244512885,5012.47930601473,58.580434099433774,66.43478760863161
95.30539607501973,68.38004868673286,5.288180259288143,5590.663739867477,39.95473860881141,34.86807882158737
80.77756748245575,100.91215233346203,19.561511204350786,5624.215685998747,77.5018344265492,57.10097315620235
101.52772595914426,168.1913876780074,11.703308052670993,5976.67849843457,47.63840027950327,49.06501856984771
49.28040112412838,164.8043297804691,15.632285354472524,3733.876924613682,61.02574213534017,40.97202379201928
78.87246786849016,147.30419903362636,8.922078510099588,6391.164493287323,51.91955346288004,52.58259201069178
62.770226195472446,162.77240228452814,10.313962490111871,4629.035029417777,61.211910284368095,53.02778642391119
48.43761964140394,73.95721911994227,88.16084354599414,5069.31032819893,55.12948216645325,61.30921920550859
53.7492108301788,72.28275496334892,14.174625015565079,5939.185030084323,36.293449719765995,43.48759134527353
87.58221003030296,173.23386351473195,6.116105221503435,5685.2309586622205,68.6080761334193,60.527819041649465
56.47246122866077,145.1236687732981,6.53921824525907,5349.904482870853,59.54483156211406,58.149678247394455
56.76517373830302,136.0333806313666,18.006926926966223,6403.0599634761065,73.01655311183946,60.22637494559858
91.37433977109444,66.80596537321404,24.038361825786545,4222.316108871462,79.54347279001706,25.74076322867296
77.0143102332921,194.13776205183441,20.461597295321507,6420.165378367031,46.428952574858286,51.01358827164012
71.3463382589286,151.78526269837812,73.59676815343622,4535.844847816903,69.00260840494101,55.49416859834828
74.37254627040792,104.33497744479575,11.725998578587566,5187.9167186686755,52.932057320173556,49.41431962316977
58.13754741559321,74.93768814543328,32.446804503942985,5140.44037259881,33.570704728536455,38.13267305352449
85.90565098132413,132.74807781131534,17.73187653630153,5687.595651413589,52.86082577801964,49.920389333267316
63.93663478182599,107.65274654492575,25.627070672009005,6375.474797233544,30.12458783815572,43.20972483501854
63.12306246750323,142.63263629255104,10.633219698195237,6134.541747729619,61.98452059041989,62.21261252079171
54.0212467991048,151.21989418992257,7.392133323193694,5241.563403105066,49.69232740406643,53.70954718530489
149.77738676757568,119.90853533234818,30.050754481824686,1554.0729165016817,69.4033283571233,37.90277342573641
83.38049794114094,189.0010277655237,28.468958499837633,5154.523629998557,66.38981326252893,60.39198961143226
60.67520504044544,157.14374793522225,51.49875652441892,5631.991258091203,57.67574330505848,62.65113969091677
58.7495954819172,162.82294041506236,16.30763095941179,5834.55300835701,66.39572482104731,54.9185934513666
83.15096565587089,137.66075967311284,2.667555328232538,5481.151382149016,43.83345365979598,38.73733821195854
74.52597126602492,152.50657221966952,5.456765215075859,5577.676841788988,52.88138286240019,51.834950700183796
39.27966716577605,107.7456003110464,62.554303395564474,4403.022564032717,36.03210405253883,41.80551525615802
59.46336611701378,71.00438430664794,21.725179874913344,5808.973413825503,31.839099618010714,56.380481605808754
86.85054692921179,123.66397202642959,13.965763919975029,5217.456628393427,60.73112824817573,51.81361625358625
64.08521181989732,161.76073271516125,18.92765238727322,5415.726775013686,65.70102559206185,57.70930891235631
46.69230529559185,188.27164541813264,11.179205431856845,4339.350969333498,54.93474741590241,55.50152617374248
77.35615016245087,110.2357832609674,25.338116691973248,3347.3694299969693,32.07559412129902,49.749261060635625
76.64077895104202,72.7993437712888,19.233076706361135,4711.271021704766,42.630073305502954,32.90102652847609
87.18312396659869,133.2312927820028,9.200677346785785,5660.743752670514,50.57482675797487,50.73659520855368
66.19095519997887,168.3967996888194,5.711756180714835,5504.6239247486155,60.47453094262754,51.478359588605485
63.403208461834126,145.43514097094248,19.576858942236658,5533.158563658231,71.8176035417321,51.77147777462981
104.74274656661434,88.58303460696261,19.85065997114605,4152.81886898776,40.36728216545647,41.57664970872542
74.67510437972084,196.64207924256135,12.296625602153949,5136.362430303676,58.544486595036155,55.7965822800757
54.75992972659024,222.19621753624796,13.611841127677106,5337.843730427439,39.70509062245511,46.17607504426944
77.56183318772206,156.67928655720678,11.672371505829586,5118.869738915734,54.58061695510266,38.55677448653809
59.71457980874925,208.1160767946023,13.461360490741484,5077.949204864917,66.66837834017014,50.58561910745755
60.35408861972597,123.71114231213437,50.25158040493117,4910.401706529879,58.307536671250396,56.235451082615725
57.274057824020204,177.22424438498697,12.190552837773916,5892.543034485235,64.8883249712681,64.03037894415266
106.76682417601903,197.44451317757063,16.675735400986504,5988.785855525084,76.88638752258163,59.38792269583229
78.11152211348863,121.11704978376174,12.440182107782984,5134.836942739132,59.89530785356817,41.992530859162436
112.95707080299917,116.45105050834763,26.17171887635788,5774.703764718036,60.78372241210376,62.12023433477058
62.21357649923525,48.507889194595506,21.397004118385478,5577.101144946367,37.93044468757731,38.16295343573939
45.84442337949845,161.95979331828298,450.14919686978527,3372.191370416121,52.48036337161825,47.495234039872294
25.99610825137871,140.04194607075289,467.62862774725284,2553.5570095272988,42.32688051555043,77.69463586156634
44.59625881539205,81.6456410548336,154.4744565756951,3663.1995229781614,48.070956288054425,56.625748142617134
41.31710046903587,134.50757209994953,232.74997855672456,2904.836900824981,44.36518681758302,58.75671296518679
54.26906795266285,192.9309393114295,314.85774857648806,2834.887535364214,68.83795656689588,72.21610866949617
36.50847418183288,101.0688672037958,301.3205982121864,3039.444362389263,49.07044344449061,67.42755652394418
86.39977772824598,257.57461039836096,472.763783561159,2880.337461470203,62.69403678156082,73.31657868688758
40.11187672424496,219.6045300469388,207.50887816671516,3106.7359093826663,65.24225348812286,56.27461239257136
45.25691115359069,190.21763979974102,487.61980662366904,3492.8861794866452,47.98472337316581,67.14758816177522
40.733579540478594,112.84016851369776,635.4954517418021,2161.3382791112886,66.09925261092117,55.01182165585757
43.158231371551906,167.78512190819328,418.4119475833072,3105.658343185854,55.4525216447705,64.92442497261072
55.44205888509104,113.11279785295167,443.9401641150638,3556.7903900878964,42.970456315292026,67.53684511801548
61.40439011013736,159.90926473609403,364.8208381235476,2900.084417904898,50.38823532881492,44.291411221765635
36.454602316765545,130.05101947116455,307.76426125160964,2876.202381689112,53.07059906155363,82.86372304647955
69.60241141783992,212.5599562922047,771.1714294048811,2989.59793983902,64.38953759273005,61.82940272882079
49.66647518738718,125.44928534375958,401.8831939051704,3114.1843365040972,52.390373602054126,72.74324921057999
79.72060312759562,163.62494264223116,477.3486533661988,3552.679774363497,34.8321301272833,71.41041606365008
49.063544849790325,179.27672382344247,453.0354538425735,3245.6742121680963,50.523885165791604,47.702509356939345
47.011239032955736,110.42773596564334,457.1300277351741,4431.244643028059,54.07098752421312,74.431507122683
46.40315613310558,108.95457240407822,445.9878588917501,3636.8319369954224,44.30497635165824,67.9578840192637
19.589262305363825,144.96840681953145,316.17224691218314,3274.528176081423,51.139122998016404,58.64949617587437
31.817524390488263,104.84887708161509,255.1394567907399,3340.8640224414653,45.6879277115484,58.54356199921192
39.59295795782828,250.5343895602422,427.24795988338036,4546.519279600146,49.573964627235696,61.950071001378774
68.69127635419774,122.28888255969044,501.4757125842205,3393.9241835712323,50.9164059007314,64.65070448836417
98.56527807142842,159.55534267485433,250.0394359502092,2757.137569466012,57.666977219074774,54.87224735577338
47.215323372654694,146.44467268971297,537.5465510574212,2990.1436461171625,56.40042313135706,75.20483665756589
57.16676683348574,195.66559898898862,481.62637861724477,3293.396975261897,54.736815792110846,65.21712454580776
50.575967594718335,132.49425571579462,440.64907802675833,3490.5699854644904,67.22810014234322,55.1942493246592
60.82485657857195,170.02929832250325,894.0759461320333,2653.0271557780807,64.40014222696789,76.66672550868688
63.7355608279049,152.4635914964582,480.52779014493336,2403.54136913991,57.34844360383132,39.724538686505376
54.58759164183293,146.4143451566518,439.36055329269465,3191.424741531031,48.9445295434674,74.54699601012507
59.89069239007539,142.75393397358476,264.2317881694169,2738.2133417208906,66.48090100536524,53.419398896255665
63.87942139045275,156.21855734138157,492.36037043604404,3522.027494945076,44.180941592328466,58.79603445387227
53.58092105567198,167.65614761454202,451.75497392392253,3351.059666797742,82.24794539092015,60.112995130578476
63.360554719418,87.71694864872856,498.3490305982683,4284.323945677499,43.37488357205834,48.963940197465185
60.753091137958336,109.24718649237509,443.7643201211475,4098.098110433973,48.65685457515621,50.683929286314395
50.12507254644857,125.60816360899014,272.4484464756061,2646.2720891530275,67.83221952517054,63.162315996464415
61.924385268748665,106.67240357587791,387.4376516213411,3651.7148870708997,44.28696992419514,92.98316320489364
49.05846912534967,126.33582780046197,380.3527640095921,3816.8167306901355,51.57483609623813,62.99135107735471
51.05980095553175,152.80107798335925,644.1097297244494,3002.299510429148,49.87244719404824,70.46505562260712
56.25061702048928,157.4478362856572,784.1483014091722,3268.107502496523,58.583001454608336,59.329902913214916
43.09216237497806,141.28258268411213,605.9075689949633,3242.361051976532,56.8657796025587,69.00904730534616
63.70139046926554,184.20709426034244,360.3148817736948,3038.95500964901,71.11623223612044,57.716752903944226
43.61645083797279,78.14889488210449,376.0532078772279,3670.1415018174534,44.90508605859131,63.08975502763369
80.56132213118043,188.98315458074674,1034.639487047118,3440.0306357151203,64.47672033675198,46.058315351496034
56.34798404890749,213.90722278000243,131.45107559556337,1358.6500050974128,53.395889923105436,54.97408441572147
65.33306037876393,198.9383718452476,635.7233687721443,3039.560627931137,56.456955039365525,62.46564417957516
69.45151730670078,123.05726917072484,351.31669027827843,4020.6692392055497,46.74288851486953,57.40538005313955
51.72923466593892,151.92597302652194,434.8299473195886,4042.9786893856203,44.39792265446301,68.98708976121098
41.68128290546732,154.66580283707896,392.17123435781446,3859.30726013408,51.09265007903816,83.85653517808818
64.84971662671543,124.02081034625239,419.9009804112176,3629.163180068403,41.920750427573566,78.61793317100148
43.11097124627725,121.88920234828906,650.3993328031364,2969.8093504514604,41.0644207055783,65.15569293099404
55.925600016504994,105.39148091510438,584.0994768058679,3728.50670380748,59.452261006778784,49.635648486429425
76.95546127801542,105.21697968092762,379.2939132389889,2982.499337152015,54.481592468168685,69.77835035378689
62.57939191871826,123.85270411244672,416.30209775503516,4121.49786480986,37.677219416596486,63.434949460794144
52.673213490475156,150.07205393660726,455.21785989739175,2764.9355861166355,55.02474928660708,74.98318988915314
38.62475102603848,132.6123695892987,390.6578034240951,3368.73686126087,46.2264057571537,69.52789310691206
62.525741514344226,143.99628550541922,440.9967247216632,3416.6708320168095,50.08798992933415,56.253730549909314
41.23476799076309,118.55500624950602,305.03715155484554,3318.6959910722,47.56005654829889,70.72942881685182
77.29487099167365,212.6650286714909,632.2078468041607,3008.627170694699,58.26287984524443,69.57558638942784
58.42589558114689,180.23329082127788,258.2433884922692,3081.079102597778,48.66476173111236,59.69762451907452
55.36840169590537,111.79536100838175,452.05333192658406,2618.4731893079825,59.19452800188485,62.56670030967847
44.38923922860077,190.90982389162474,604.92539155871,3523.141482091052,55.57444617227607,75.19067698139554
62.61227980769407,160.47178234766974,579.6088173408193,2713.8617482387954,52.24496853236745,69.01876289474187
71.92708549782704,163.58014029830372,496.8225376758176,2884.229001270249,60.55686550622612,47.246826047176114
49.99629765329867,136.81353468706394,506.06365270288524,3693.218386617785,57.587927535590836,56.66358037313347
42.25957740372485,145.92550225499508,445.1867450874471,2538.832140950764,73.29191120228413,77.37844267952822
48.2792091969014,132.2011493617459,378.80484717292785,3373.7852945848026,54.552838376206275,68.6722846942446
39.642003285951866,187.00565164056806,137.89021509920914,2871.471506848848,48.27274140185055,85.54809912033377
58.10695775300256,153.20374216985357,283.31885779190344,2569.028244180909,52.522130248544705,62.573438102219654
41.106222797678974,115.27711961920562,534.5775032197322,2867.826116620002,56.455906913597794,58.16672826180896
69.16789223995576,97.40530263992989,202.20079657757773,3185.5799982374074,35.94698088886357,54.294509331705534
84.12535359846113,136.5691203151701,446.8487051889788,3069.2837722244217,70.17815095256796,60.39894469343879
60.58850444608406,174.48502615506246,322.9448544225794,2956.834328866596,51.31271135632481,82.8465017981877
58.07438577196034,200.15096807053584,582.8526967097464,3311.951266943611,45.0414559564216,52.42944210020395
31.225150428459074,165.87540588319544,201.44856362961062,2474.473586900113,60.149166771312785,63.58194986672267
30.94840151200442,163.29885034049693,339.5423058549494,2715.8285408950665,48.1070306121475,62.77246867448763
47.10062504435702,192.38517668406,225.4149615642678,2574.0888630843806,67.27145486654103,45.16109849447207
51.42534432112983,208.19457629852053,394.61257675318404,5472.066091209088,39.58355175325815,58.17568173346872
52.78963002282309,124.58271633795145,221.1398091313491,3637.9202373566322,51.80682157106979,74.71608966132706
53.02500229665877,113.60049604818082,554.2306682689627,3187.221304677064,48.90458061106369,70.28868854258249
98.56649567366061,180.57559912898415,298.59441160833387,2699.635734852933,74.54303230773877,66.43225145803737
62.87156516619257,163.82320465449894,414.5393699228922,3074.4959198317047,45.75427319784463,65.6287308516693
80.13328408383113,157.06095228147447,507.18773924424005,3920.0152215449075,38.421537621684934,66.12175812422416
21.93918866280351,110.4061771342799,1075.8874804240063,3697.0633069769488,53.991639321765724,43.90868535463389
61.66756772164132,159.47625357116615,815.3762328645523,1985.4747015785335,60.403588074333676,61.67779913459854
62.94393386959983,122.63902831604386,188.80009830730296,3831.610402538326,68.33151252075074,31.02866064797002
58.202135925053696,166.52703987244166,375.62362563144205,2938.4598930821,47.48801113753781,69.8692045763749
59.21711361452642,132.4676707377751,716.9333310719521,3466.759781867798,75.99264493110493,60.32114461828652
92.31453036913427,170.8188961779955,226.2338208295318,2109.704740920955,57.89383391675102,49.6782538184499
64.89612491924393,124.46992669148958,385.1339495668239,3112.6649059475794,55.750699815628685,57.417125848689565
72.60664206867996,176.3346100009634,476.76216147607795,3847.9989703093074,47.04365999453786,75.89940107834876
48.46729209343542,106.4360121546088,176.42309227472208,2717.2906702283417,63.329187525614486,65.30331689242762
45.12813472773373,142.57458033432508,233.9531914541066,3774.0541419479246,43.148880940023204,52.965518735488516
58.52885650538226,155.88888904453094,414.14069684254827,2761.79555807835,53.307659074947935,51.88393338691321
78.37555042530398,165.0633403946678,415.79124194373765,4597.001189813035,27.80393453526799,34.097037073554674
43.29459028137341,246.00850664559897,484.5677836054656,6766.720732642872,31.391657011641588,55.64375755468036
85.15229739937415,148.39411708306113,655.3777210137489,4559.310419907429,24.725929609114296,28.137424301264332
71.01919909029287,85.44810825822826,348.60149348422175,4632.98050692806,22.377517459692523,93.56703282716495
37.559603874394426,89.3884202502307,226.5542267016843,8566.124718826379,27.968802437565223,16.49293158115683
69.50393661363853,125.55676616243431,503.1014692029765,5417.296688514491,71.33120660328608,23.01906855894672
36.048121152909786,160.9480708800719,1004.148159587117,8333.118312507793,26.381307707299804,30.965602681178137
48.559910600752076,125.36158528350782,755.3379245797776,7263.246478949615,26.975468221488306,48.83647751091541
40.3110772069519,169.82483607657238,513.2381003754597,6218.4813990999155,83.17037847623399,28.727441254186374
39.729072804061815,90.83934323435042,544.8263624394583,5323.161018059323,21.71978265034034,29.542195811079857
40.148416934344716,96.03740528650988,214.36354543119577,5750.553717633926,31.243014822898022,48.18135301783626
35.70712124507179,111.00514185653314,300.35964159678355,7412.973678970993,39.24329048519964,24.627908554807725
95.79723618727235,149.02094211829055,392.50775320643686,6232.636978769052,19.5765447044551,57.00828681308376
54.35716996389006,157.9860715136507,291.24963387709755,5907.423796796984,23.695976922450093,62.38749107396251
59.1333212142613,96.67046635871013,1111.0338485843254,6849.768403206397,26.160306169914698,33.46063945905208
29.674285431704295,57.093288414194696,338.1907320065301,5670.46204849153,32.02274854400792,27.668958314588462
37.94437117440011,88.8066360862484,345.49943229247907,5321.868792620228,34.12686415284283,34.708735930327485
33.991382079047206,133.2117015836813,370.5720482861854,5017.835654470682,23.89418359299065,78.24494390972708
68.21323628400246,156.8411972542623,418.6581797026262,3918.237587618539,36.00307173621753,53.09406935261899
48.645880375476075,78.35124250115177,493.6107846202343,7564.079752675755,35.379756993074864,57.86513351838026
95.56287588340722,116.06441003204979,734.6890481973074,5819.572528741427,30.30663442098948,68.77620337892594
55.026883910264395,125.77103485497628,1356.5888292653667,4600.869000173645,38.86937866837276,85.06108797323036
44.27703570553193,107.96064962777231,327.4223587905452,6444.94442992449,52.28250346896836,26.79558224701119
37.431964174384,125.07609656324955,489.06165052287236,8167.248215465848,26.316767728291932,56.005917681892626
32.74750170270497,125.41537156002452,234.70251846255846,5181.8008303067345,31.59271989775225,36.02741691679436
78.33502038876735,145.90440754690624,698.5709922519651,4870.537274164812,32.54246369382254,57.276806708742434
24.860227311788623,145.74081985446,327.88997704230434,4967.675638833149,19.672244535869673,34.035450484564095
71.7117998972016,103.81934625058473,373.5147169178627,5210.313434911206,24.59286932190114,77.4738753043101
42.155140576553194,101.6809619953972,559.5793911632487,5156.817130224992,22.630528607530703,47.885732303668064
33.35206902005988,98.96959144256533,216.18188730376292,6334.905882087266,29.43395878988744,29.166131593554034
53.108613468227965,105.83923002872419,294.49918952828824,7377.84150483996,29.54756329581254,43.93752455725458
37.59373747721355,180.63975846357212,845.5887934396239,5606.9265359833435,36.22162864594852,53.6588924400127
39.79591616446732,153.007167773361,297.7968209138284,5771.273030694408,53.85596752378855,17.993680731575225
42.551261166379746,73.05419779049141,456.80229366045495,4760.495813448738,26.22173564676284,40.26386471166406
80.16433377677919,124.94550680201148,484.4946812083077,4991.552267971119,50.733215679973554,33.8058665524018
39.37281630139691,84.2640340069189,592.8024181134604,6585.805885574882,24.023635927504678,41.18031772459555
85.52433672075651,85.68219717436334,673.7389936028292,5075.851226660124,25.392352747280306,33.81392486553592
34.98622611364804,95.43051934088179,196.66994372192786,6353.532751312488,50.306049773321604,37.45681063975922
53.75465044897595,211.72022255576,248.74331734379197,5638.6425295476265,26.080475224712494,49.20767416868089
66.75208424833689,114.8626753392437,444.0905327780844,4678.392177124843,59.84439980752394,25.308171352612426
33.63734817899412,128.87528095907626,410.8064210507129,6394.499450402612,26.36964422876967,22.440517482669797
30.08366145769316,103.4482885143982,214.9967819625543,6403.470812243817,40.275492998773224,20.43394030392766
67.34009822888268,115.93496446648433,241.28094196120324,7184.714498914507,23.96806864107302,63.21517773820045
53.45491376615064,200.32259309809052,276.1079962256621,6314.782883659675,50.0830683191982,17.061287889399487
46.489130359399994,88.37269879158085,874.2600550747211,7110.653626456036,31.22231029430672,48.90390685784841
81.94653276897228,134.82345860609195,687.4205641361053,6029.578204478258,23.793900342488424,35.20657203169862
45.17794877934142,105.10964601103974,259.6218491416568,5527.731362047367,33.41421954394523,46.60409271384917
29.886560747146312,152.59671204552393,442.7055414334407,6604.754641924941,30.17647078393776,27.73875207696596
44.27085608872739,168.62152970206546,127.75123679823332,6690.138834812084,30.2108130982227,62.41476593453145
48.96829169661571,166.33193291558433,134.12414653623804,5152.177541088842,30.13971354243057,47.21761102822763
42.964336703760985,107.72333932886553,200.4320096389607,7213.527997488394,22.91935918868638,11.956228752911926
72.58491808730177,185.96934945069134,498.81225188461065,6150.358800582202,18.68676444709101,32.49181162612637
72.30340478601424,140.86462189743415,1033.0149646609107,7668.381273362536,21.284831853350326,32.00300248124466
76.09626861238488,330.0691449972599,430.45134997845753,5070.264327727644,77.81087161095121,26.907487687473143
52.85808705179106,357.1692893682013,964.9933768018618,6809.622451003241,33.02297865739841,85.22895920714551
71.74602811237699,199.34203159547093,471.4719415724003,5232.759692862879,69.63195775252316,31.27044513716832
35.63852656010911,156.42311192412186,177.52676258906658,5424.671047634733,36.486037139899494,52.15408785009159
61.62303950838505,132.82996277947137,611.1497667051568,5051.826549092742,34.5020794431568,42.80578989324947
59.72842378890509,93.83685256655816,586.4858293745649,5677.548488488386,61.716632506509406,25.46411762886772
85.53191731547554,104.26015598774354,227.1107544854921,5946.088196423317,23.18040311335548,71.50151850716038
52.931515102100356,108.78563781391927,172.14290763466465,6062.127255699451,26.570550455335898,36.55581699321396
68.0479088768791,102.12611389007694,292.0765932134094,4208.56258005852,12.690806322603564,71.58517341407583
35.09920145658252,208.21811646043042,263.4878566158923,6241.368687420976,53.06684484533453,22.18196863187132
17.865648146520403,57.87096094481338,596.561760495003,7439.195859660543,27.510156449708735,27.904246259477922
39.669198852177864,87.93251000447991,458.0795164506403,6558.875268270244,48.400467243761646,36.92462596648498
55.24450331911294,44.90552769891043,385.28035829855804,5958.4105330284565,24.524928040976317,55.29182797859611
51.13826787317929,113.8766525971311,432.2499722137574,6320.06002699702,33.85498910268592,22.090735230199826
92.54229350522722,102.12154556578953,1086.0192792950197,6825.500580683394,22.352034044385586,90.21214357925189
41.23227282500451,112.80317744453669,233.75698202586833,6224.504437864562,32.012824281612076,31.943255918092994
54.13398252406647,136.8860679216229,306.4175038013671,6982.219659142897,28.130232014457153,69.18565763118464
126.30818343155276,183.23753053082362,1073.748837469515,6353.392439242423,71.63167696964487,64.86995880603114
23.94246012594718,99.9035570652363,154.32171774743657,5480.298197870141,23.171286467141147,40.441952881083104
43.299484744350366,116.79788000760433,542.4300104635469,7264.396741869391,29.471436739201483,50.34872751344078
54.896985942086175,104.13298844691587,257.95529246566105,6262.815128425985,26.764296173310623,74.77047700454942
69.03306669758128,99.52591523621007,282.0815980582696,3844.441489414924,29.422730610688415,51.155257796988195
44.0004974667997,153.07940555592342,341.256149877252,6728.571939933792,25.146223262969155,27.522643876070976
44.01484744137847,117.25495527213957,481.3718736493659,6530.069868780936,43.336019685987125,20.011029503372406
44.805351226697404,66.15642001205586,173.56736799078928,7284.601737454706,21.16970145729576,23.86607635260854
68.78546013452439,118.44688741516393,737.7167401315758,6529.923651980253,22.580915752252704,61.048902526242195
64.5362613866224,54.0209782895408,352.2522344587975,5026.199790545476,23.240886993996327,51.289663360477824
54.79391447029565,47.58917625708592,145.20264650763707,5657.196035980841,32.92963204020013,42.71040445305277
63.644453573171596,128.1148796978218,1217.453054368029,6475.174091781058,26.523462028660855,57.48735505591877
90.88454441261725,187.01185096337153,609.7680429059158,6055.727283752103,79.87334154647704,47.232830438315354
0.0,0.0,0.0,0.0,0.0,0.0
44.67645283329633,144.85346372797125,259.3313202571015,7495.431156262173,25.638674636701705,38.76127996531641
38.782464411381696,116.80142976101806,194.20351443860122,4978.195147951697,36.21062588240021,45.58617778839995
49.12385002587844,395.14096254366467,322.6126330655493,6572.5725012689245,31.285199666107474,23.900716829516192
54.96761364309318,109.13710553285895,724.3357295187002,7416.932493802902,31.340742054140357,91.83926559909179
47.77853256365072,141.20342388891027,361.67437860750545,6897.480109852231,30.048581064611636,63.82425818983673
54.67315462408597,150.59946369139945,351.5258061022747,4996.746245811442,47.158653708797985,21.363437164314103
79.49439692436609,176.758442115323,289.8630304623279,6131.959303755894,27.74473456784426,53.1166547434658
48.91675556879543,185.76028035214037,297.6440101812201,4209.190506062676,29.97862808858512,53.439442433849806
114.395209704954,144.90085143087154,227.47889527846692,5236.159866646765,18.406665340503157,32.59068812476038
55.72532234872425,71.05258314139316,474.6623949259786,4986.381930234651,27.667577631083287,29.712376854857972
93.03632559964048,138.40672324007664,581.993915999764,5738.675445729734,60.11106476647723,41.608027376641836
45.59160953581841,202.92819326168345,302.803117612111,5741.621705695703,30.87717067531441,29.814395589393474
44.429994253879684,108.05487602371322,265.7367401019934,5106.423968816751,39.68318670347939,30.08239489722148
72.75971197517893,125.08404640068052,439.40303816095576,6684.561309345077,54.78297902871407,44.95035868756033
43.5245556478216,90.13706030247106,211.9017232633812,6443.2435219940835,37.15841805526456,12.131351309748856
83.3838208644838,146.83178596065434,305.9669730632659,4821.489412692847,18.487629655737294,48.57635493187966
42.35414147552892,123.5628657729591,374.27364818817057,5635.949987697352,19.717425297452774,36.52269515387296
71.78655502838382,98.96680098874738,979.3554350827504,4701.953949532473,20.692806950377822,56.23078272535521
47.94721104126406,185.74407769742194,371.69082702293497,5525.535251719752,54.550070952910445,44.458927472166586
54.886554773468845,129.14345195683472,406.3672086819171,7750.311959274554,32.52282256993858,32.72911687315651
72.59012025047335,151.4169964817259,418.18812383421994,5144.225034381253,28.91059294433008,32.964930009865824
42.473439982152,49.821956518424386,367.9999286565238,5886.830977283309,53.211366362503405,22.320695903138493
60.02448973777864,90.77606217299208,205.94630478800323,4895.256078454759,28.725394979580006,58.48281608998353
99.08533015338976,90.5645763288849,396.99369057025694,8962.549460260823,35.10799455821275,37.078978884045135
50.826911109013146,188.81937755587472,391.858016386378,6851.975088484061,25.166877742814457,87.16883435967
25.302028032564202,125.49577159021388,409.2451138460231,4956.450264427735,65.62146273968101,29.72662555736583
45.12280899787615,90.76840105094583,327.01742298368555,6553.82406992702,32.50295393301148,35.614351487505395
46.728217794710346,139.37105394739046,200.01513081442084,5482.684152476825,22.48924062916975,42.277131982914874
72.9620700449882,135.84456394295304,520.9918993078816,4655.95169982059,36.46758615341772,56.71056840447277
47.16716972498099,119.25253042257646,315.8039699688809,5260.5691693072495,33.865015632080535,28.031048672596324
107.58978898350017,126.54973277801761,1070.0636525180623,5174.222569763534,59.214787328007674,63.581873809765696
65.1352228596285,112.37393177131632,201.18963877751742,5716.622786766029,23.22887409480409,77.18122125816839
40.227533611179126,198.49836385991117,449.75750323147884,5242.597338752007,47.07763810071508,28.516562631572263
58.22567185094472,117.45477334917287,300.0289799140278,5432.8532310560795,64.10479604785924,27.55029639069008
39.619029012616515,153.95114705923115,335.3214072143816,8856.53503825533,38.48278041703124,44.21757914634993
49.71262192213552,127.70784406753248,577.0511580404898,6819.412625486526,20.483773696268976,50.55597618092314
48.867814585996776,74.19059696890449,1008.6855327802793,4586.840173870731,26.00281221080231,46.097158597420005
47.51437777956752,177.77869744586923,910.8681399566049,3919.0890452493213,79.19004851189266,44.6774671389979
54.58649885051368,47.79788385195354,442.3505717566033,6304.10828371036,28.98294500145546,44.92784553831293
61.41141578363943,99.66725174473099,392.39336287254685,8280.471014003153,22.800941245322566,78.9674532373209
33.930114113730696,81.07919925354096,531.5534885466519,7493.042589316889,15.406444927026437,59.92340275493749
59.76342357970903,140.24224457871884,352.2094833137148,6803.136501098049,22.567395112825427,58.028719309962426
41.8230101302546,206.00358947938125,190.82541228799306,7501.182121983531,26.941568446907894,17.38935189345129
40.55672170521379,81.36587185651898,596.2881601380493,5430.743429273936,21.366338947924742,51.12104059082532
43.70767931646301,95.00856426603802,181.86703748947244,7457.092446488654,29.410240812655996,85.46614923266955
38.46767887414132,69.06443146023875,915.3486812950399,4716.366902821041,24.890200483851437,16.762000066516148
28.78561572880222,77.90512087593605,486.276768768714,7037.060884107732,21.55907538976552,28.3712809414199
55.794046688599884,49.462858939057575,253.6121937697829,6759.975340228069,62.69554680650574,24.969412656472304
29.144712507731704,146.31558105460275,1174.0153036129027,5377.431111268499,23.11629457970458,20.16388886277832
58.18575160420387,112.60249759502217,736.2487888116923,5793.885068138668,39.61881406426629,36.4871178743919
39.80467681021595,113.1831241209276,201.51443536285944,5659.446373058157,29.01085384170774,34.48890129214657
38.48364185651458,168.40994726886754,945.3423579930293,7265.567044739209,41.51810524941103,24.3807941529593
38.350412629425215,163.89675829464542,476.78962996142127,7590.994514166416,25.38006672044701,47.14114296351587
62.62654456541118,227.5466600703622,423.6609229194285,6544.918336496497,17.31609726173196,26.3092014425427
60.66764727446641,185.12044539294075,345.5111720010182,5338.046798589808,30.158003700759945,101.97134846940841
84.09899675129455,96.05393467361803,722.9084710870443,5547.7741023709295,79.21585479985131,51.64439425242422
21.486929446880985,155.37905209018692,466.44576695684935,5013.261522526086,29.72625223569674,20.27547644681668
51.10544750312997,55.99243391097995,443.7532845115813,7648.211317763167,19.71123190521484,59.73338807271405
69.92719532301781,82.27095167802622,146.69964009616893,5505.764714870305,21.531721518229343,64.93313138056808
61.792977287664826,89.92236945073378,178.2328328278138,6041.950173103632,18.844577509382695,49.05975905045475
90.36592788018689,86.39033496178827,233.95949023305292,5262.362727033603,28.811574204235647,40.70588968917498
65.54851573079054,51.48164068248909,530.8372709565767,5965.469842048253,18.95370811044637,50.551777877160035
69.61559683390793,84.85051938511863,424.70564813006456,5227.571982528827,25.55631729784148,63.04482627564384
62.827990918665115,137.32564299211498,275.58178489742556,6479.928812269072,66.32542231819649,32.57659637383868
54.19251880381364,85.9989359684833,839.9913588271563,6592.9883618177755,21.74900003753333,30.772942598899398
65.46140821828435,383.848197548372,462.34784052954666,7488.5226909496,33.27762158695663,27.19971412079658
118.24571614196445,108.57630060976616,502.4036638573828,6620.902013063283,27.82667281746658,20.85942168554851
36.82816447643155,146.19444369610193,453.529134779005,5234.430518307527,36.9642017808036,27.848962853299156
46.49295184417031,131.91176465393067,361.9279015660543,6418.414370356421,31.599360125337835,29.156891922855984
28.017330005056248,134.41085242147102,272.2821923091996,6344.343555405432,17.785357468251178,29.249403962107124
44.828551621468314,152.75400755956218,410.37417481995215,5453.023974448699,25.29811724938721,41.82809203686603
86.80852613029798,118.40293126572085,272.6945549578153,6181.0166861852,24.92174137926255,53.24744447441843
60.96515481320328,116.02352200048203,867.3086641611504,5675.597786464672,31.188419466143124,89.03529008843284
59.814321260388624,51.633591528088566,723.2298659587449,6145.441440775463,21.39209237533999,48.79376249005527
42.94335468759474,383.4188168923591,365.49383667552905,6443.1186573794785,35.09784824699459,36.633050993625474
36.93414129662663,83.01398401658425,140.3188162525029,4979.330900588187,39.67984832492968,56.00759932719725
65.10871661408167,120.71195510201714,551.1512964483194,8076.7670127829815,40.544749246879746,55.8294001812349
35.32565493331951,118.37323562166178,610.2152932102256,5864.390334821376,32.291461924829306,17.03666911442859
46.25397299926515,103.99122687922868,1153.2285052591444,6500.200060666486,32.41725659824938,47.13382349621884
30.55288568797957,305.570740553871,1452.3940251422998,5719.925165565652,35.50383267633771,35.786583177287056
65.52270123460589,183.3804321852613,347.99915549721254,5621.6570104427055,35.588816715731795,35.819525729403466
25.645487683207676,149.18235048366614,580.2496176674013,5655.770127946225,32.58791619161526,59.37679171867055
47.162348122646556,106.29411312655127,173.3922379360598,4723.565248285489,30.382899228448146,26.444971874750742
37.30621515273697,342.3365095192613,409.45249140464455,6189.181797713556,34.59028677411911,32.39761578293091
30.93286246317869,87.26037952930125,247.87518040848386,5827.696237179385,31.46452072474188,57.66091062938822
43.13670857721113,165.43745152350888,328.19222116964676,4370.132139058616,15.928956962399505,83.60958688061635
85.79182682494186,117.57727741349181,424.6681132301243,5720.881341843893,57.79436517324875,41.86640122120593
75.93551664243424,48.198987150286555,869.5411972126363,4643.753391873118,27.141491268032496,53.5930445740711
31.77030392792376,134.65166010105847,272.1320185901673,6444.602736595201,23.288274573236805,27.120961174727746
100.33133402697244,67.68969256550004,329.45957949140023,4057.7338038092525,19.01434466376171,44.13536543030626
47.43095406693575,124.74945987799637,398.9373888027933,5148.482394472722,34.76733440373896,62.64700751983488
87.4780289191799,141.12635388706707,1052.3357959460086,5294.77418284667,30.211210761450467,47.27307002645995
26.02057146324272,143.1027695980464,322.32330162695473,4938.285731785049,32.655846030545135,27.80260883538258
67.40080015688895,109.49828508816918,552.7036256928168,8018.684690411641,23.534554417071682,37.57217465999976
80.09283355584436,140.22750723772984,342.75588744330287,7612.93773972967,79.96597866917082,25.356931871567678
105.87193690191422,404.2520786099523,341.28101180369913,4010.3977961455066,50.6606996174345,17.902598847585534
55.432673300441664,198.7071704651024,649.3484457395123,3557.075018051209,22.531124199095764,45.531469429764705
57.422894887074655,213.16808070411048,274.4217785076081,6776.612124177556,25.916500377208724,27.41092623013005
110.2556672723448,82.07774981217496,687.692861392898,4794.849747366055,26.075169548020845,56.77797318710177
49.80452460929148,95.05207454424945,245.3190523248104,6526.367203550387,18.61929722502953,40.12117967137975
74.26321139791816,167.46563441962346,530.2566096367608,4559.576417575663,72.68237529967419,28.210846153863105
89.8010721970468,114.47520438538474,862.1594779446195,8548.371751225195,36.274315133470616,60.651450522743446
62.05825397786007,206.52311074802319,562.6043791670953,4896.749790943873,26.411932720693194,42.72259927599434
51.854290239688545,159.16342404812247,370.3946698281442,6492.584158532302,49.25185246876856,24.08465837601232
50.10773530949287,147.8528642317017,1159.3256493218942,4758.2379784111845,33.62892608207851,50.309562588553895
39.623292058295114,76.62227789383101,221.90216645980485,6374.446310962565,23.543488166576182,38.80346460810729
47.201724936234065,115.86151954580666,482.9097437898046,5816.126510691409,92.34778521822841,21.48102632265556
70.14412122725341,174.39380046743094,446.13229621244045,5997.961519886712,25.3448038501573,32.3773088545401
58.3244512466152,126.51313701113251,376.4331160645897,4653.434763993212,57.21587422789971,65.4186262077076
109.98090486341087,173.5444152231758,558.1044383705196,4321.207737331266,26.091108456262056,43.45443552520323
103.11375103230098,94.91537865384423,1239.1175253059087,6542.449547547682,37.90397418028963,143.0849211270446
63.47219550264284,101.96165358775424,462.9628711123487,6812.120704750356,20.563044657935826,33.787909361774965
89.63906606790428,193.53438963873006,500.5406894949054,5399.555358483047,57.123528510822645,21.446024698214224
34.04562180884995,177.92834285249273,632.7100013554863,4926.544582062888,25.53651404336356,45.27942491037016
40.000949209446944,86.25057610338756,142.6170590094741,5870.003365161871,17.189779304800425,45.13980913322025
33.047796739952695,59.46521544243168,217.63636386946558,6158.263707201295,30.446623003016953,31.45595568519831
58.183431487741,82.68551716602897,202.26253051172526,5759.437124400573,22.885320822912075,51.686680064328904
55.85947486182518,128.49251208400787,593.6614922140028,5119.88437439167,29.983013586278126,77.46088408128162
45.5638648386918,100.79340515342325,720.934738923211,5215.80332218532,22.766782170541084,41.44092268593844
68.74040528889358,108.5672040762917,747.6851784841296,3444.6774229198186,29.20082848115744,34.82260695181738
62.37881125552245,123.42512488188262,699.25022624302,8710.16178757107,15.683492106222413,54.558320915791896
49.04865187239526,224.33453499264982,644.4571465635943,6105.129565017427,30.618829596918566,36.0884314952933
48.11591862360297,195.16534474912467,358.6085982789423,5000.03984440518,28.79682760707538,27.65557663482603
56.168452827890164,162.18679828304352,249.73613437874786,6234.30110100988,42.19491754412375,41.79223874920392
44.09077886024587,186.80530890325818,286.55348688500686,5842.377902600403,30.449004189713484,24.221577896555424
74.7092224797244,85.6792324212299,414.5385003499976,4312.093324353233,19.935804879191235,56.5878795098076
60.566988922176634,291.94219963791556,419.7336579310656,4803.549476813175,79.07959003306959,47.37074400532351
94.28550711090551,88.98824985728407,1552.9522645934871,4531.116140258893,31.079332158689347,39.506154091996635
32.9514818113851,488.9288291370441,217.825754530844,7017.218066062909,40.55048495085439,27.063876337830283
22.3583658794193,41.71587897320716,328.1942169892776,5872.44953505821,11.49619546371002,45.01716255231305
59.537596781165576,131.86914609259458,288.39404040674486,7085.186736324283,32.07657826204793,15.579526130689903
49.78139159583102,402.08398362422463,480.5557300357192,6227.770756350996,37.607641555547886,52.72000624984388
29.07407775872567,99.11309017425678,166.62037537708596,6306.070542242761,35.47499593639896,27.110757493199298
73.96998978506748,604.9195153585799,629.9701124045698,5286.70313718057,29.431805288332306,26.373445750434815
55.89222877997944,94.45786480764451,316.32635272452035,6635.6322504482205,65.1985281023016,21.447088118332324
53.578250214308106,99.89883532658465,205.0914584137708,6094.989949362289,34.84595752493724,34.90814883284306
39.142193373910686,128.47081230507882,253.4755717583812,8071.61998831488,25.283391316154287,23.457514162665824
50.81231754424824,376.3525941632567,836.5009907851248,6814.548673467019,28.932494232656655,45.95591300384858
97.55256464571181,140.46018793251577,492.7617696823754,5777.997977168115,61.819678705950864,45.850394673100666
55.478348375900325,29.33557037795027,274.2566477866162,7282.612367340864,21.00719170011261,24.996867252622618
75.17293773537423,105.53508200897929,163.27738728154796,4752.841469325425,26.376808412301955,51.1793114137156
47.6524271734534,186.98188778040145,434.31031147226804,7577.965668360759,26.641159183896367,65.5363812525465
43.85726347952209,105.24030190041506,285.55743531354204,5832.769791136031,21.543678408399707,44.165467415142516
45.561141704765134,137.81417992045985,344.96898700670306,4750.362064185505,22.034406905866845,47.10316955771555
32.76034509307123,138.5090695166834,300.991608818659,5703.579258680025,32.93127449123921,57.9828379229373
49.751390635645045,47.83253120413047,566.080389175589,4225.7207251407035,29.066447275967192,46.85702327879895
41.20663870980029,66.05225303010124,433.83615367561606,6894.302426519486,42.938904472802086,61.52090435887662
52.13193366375451,89.30434084214137,947.5891449321965,9014.429078957994,35.755795368850116,71.70758118390252
42.883646053790905,257.6965597280529,650.0888496730615,7059.790125155036,39.77870041446637,35.50875172570352
54.946046082244564,87.80817522675424,138.4911530014632,7343.889519932316,20.440309612611294,40.62473988656625
98.92769889164472,111.23218935453137,585.6535527339897,5950.641684460109,31.127434116786088,48.01906818892
74.57980842545473,138.17306294826238,361.56980903063675,5116.871174789351,24.907423502593428,61.643345873141286
71.87667543650186,100.39241364309979,353.87527960984704,7894.264894555039,35.12429479977431,53.88369958135132
66.4916454887909,40.26698762070363,1354.8300568984423,7720.784655487779,23.821988056718393,30.72489867931993
50.17952270990541,70.7115923395722,744.6207096998365,4872.258319614369,20.322847189863573,42.62843477374473
15.641313520171613,74.78728158436732,530.8333434736475,7154.076746889953,22.13818448870623,30.076548512605164
68.56755510648041,109.84975321008957,628.1701223805975,7537.479211255397,32.50893505455829,31.041619504139504
45.65480486251758,233.85152948526994,314.82756480963656,5779.157008604094,52.19296729400808,17.349758062351746
41.444323872823034,45.111700725831476,162.19392565351566,5660.738232041182,28.42608732102213,29.764972364830072
51.05767890741722,81.2953660209411,185.26017267635135,7477.357020145873,36.605988279997696,26.21192919222621
101.18755818215729,104.95232164981026,397.1522391819535,9763.582740273092,29.37484960364514,56.55351603554882
43.70324766931589,112.65836272015254,497.33791030424754,6834.091580703234,31.269349076770823,64.84848651823178
77.96932811451765,151.87200288139383,1321.5373359001248,7345.709949039709,26.58299271638156,30.911732544862797
78.72215340364957,240.6442443453589,707.2639638952395,6166.9429376153585,41.83956623902185,69.72450059238687
44.563531681323596,82.65717210825059,135.17911350192276,7876.510513059498,21.434366581223507,30.318275794782487
32.65783468335907,104.78556879578628,283.43211476563505,5640.368552673405,27.56747207194337,31.420456767698703
58.95879236376364,183.86105186127125,468.28162162564,5676.643267439787,57.918676786841864,51.61772565260782
44.49325525276423,262.8303277759016,196.37331086613182,6572.275176527738,31.493413203698925,37.65424354966801
12.580268840062839,89.82493955475226,778.3730930215763,7107.014387918435,9.41938423405143,21.940034286265238
62.6241976686825,116.02756331176832,615.923674592162,8747.892167411397,24.601014208858487,45.16214634989214
87.96324846604075,87.70507009639297,435.46811477430595,1171.817258078333,76.57728589587546,103.74198313977351
144.63671363913176,218.22298870747719,76.89232837175707,1467.943519768355,58.03000237218313,68.70674190604942
77.82268453681294,254.52874339262476,97.8693122328751,573.4547449958512,66.49471192990774,59.348487396114294
119.16669148271266,372.989637017762,25.234521574541095,620.944560825004,68.85180107657406,68.26022296404254
240.0718235896266,239.7054790677906,166.02418352713903,445.8055405203116,60.13864483151012,44.722611390340305
85.73301635533716,209.32670407788186,80.31066869326665,2000.799437200545,44.23613931225394,98.41751227895449
116.30754989326002,225.80964249872173,67.75310972886761,374.8543879523527,67.65767058012634,72.37571130979228
70.84929326160122,255.85508450628132,153.37813499454396,1603.6527496449276,69.3819659835592,65.47140157670621
141.52511663146225,44.02435670884622,227.66404040677358,1189.9443050393616,75.25090064846827,104.50187908823152
82.54545063489287,117.41392775231752,205.95476549528576,2035.7934930001368,59.63556971854981,52.235189690390506
104.79844450114061,156.3887435775496,122.7896533597623,1009.8829235261961,73.0114088966926,82.43570153357601
84.68403578258571,257.9420942348239,178.85328708128304,1862.9954604901377,65.1880036913529,47.374109964093876
82.48778521468054,78.28513050621983,586.0658335025441,2035.4400010378308,53.34454967231652,54.838211748139386
124.51309521311984,167.32435740239157,328.4695909883537,1708.258737156845,81.51864885741652,113.58862156584571
97.93583420145352,62.34919180379548,120.54137663422853,634.3114515162312,50.064461308531534,55.71742127471047
147.53385429898384,38.65461364544939,153.87018595605747,479.0376119477094,69.22749253191937,61.992497332291364
151.54146804355855,55.6700390129399,32.13714739421438,350.1769340328374,72.8780431562316,43.34984990027381
77.04701264420046,207.99714577208314,208.90761721336594,1253.4423454241733,45.676726372954306,25.18146033350069
72.92986050893046,180.7724373453443,106.07929806599675,3127.277645444784,73.95820354746073,16.380213551368993
165.95406215753044,117.21880661797665,70.211026437409,605.2978178643607,57.44359558948315,55.92255737168283
153.47592986328516,201.83627344970202,155.55863461489292,430.6643556075839,76.90801552773229,113.73166618591998
161.00124006137622,44.77106185763656,47.38325748897897,210.45151729577992,57.54244113730507,26.550039838260393
74.1307231097039,171.5889858627467,150.76843419594144,2077.837976075908,61.16849255170388,54.664468159359146
89.01181682789408,214.1583920614904,61.476509305730644,1395.5134654959452,68.19520231982945,66.70348318382688
108.588081872642,181.13067830397625,148.32754827985048,1057.6735871146261,78.84380574715658,44.09843085471846
149.80263371875793,67.22467727706832,144.76932196121572,341.9930727678128,57.441044159508806,74.96010549812169
61.89439021471166,51.66499558323185,1004.2494975386822,2104.024938520669,51.950998703417284,52.34195785358853
71.17617645638055,69.18091807274598,343.5551107641825,1865.5157452157662,85.9212797187673,68.97589608256649
87.32531736638508,181.6454551623591,108.46068372735829,1068.9333553276765,89.68233942403067,113.4810085847638
66.84929566786238,108.15904497546322,20.625240358537976,1973.9323166117279,50.27268195911702,53.678583597220594
111.95451042740035,61.78291147075082,20.536966307407546,1558.9523988075193,78.45010215852604,98.75716621450503
90.73056293515383,101.21411478848374,19.23305154269098,1618.0809252924882,46.59064162904824,28.258772981297863
55.875989938681734,123.92901495847573,48.363784891317074,1947.151643489764,45.478292765866414,65.048235962994
91.94181317193079,80.22441007412979,22.00222986954797,1480.8509831758213,49.67872484968537,39.9339575079142
92.60619188970936,116.70318316388925,18.848609086544112,1830.0350651447102,64.1838977091188,77.15086626296333
63.57261728131139,252.17299291189727,37.85130648543552,2266.754168754428,86.0940182759872,51.500227193629975
57.9109588586057,101.6883960827915,12.889994931169657,1492.2604962121545,41.083916274418925,44.30128026358616
77.46483604142047,83.21377489698668,13.166282208416394,1261.9118875096174,49.65961608311626,88.92021692740762
46.393585280047645,236.58375743554933,6.093653293524391,1670.301615493471,58.51882877831906,74.25091456526167
154.59721862804525,59.48702101933567,36.49366083752327,1811.3786836252661,51.174803839809485,97.34101096355387
87.15442583286818,266.49079291384095,11.959166942819035,1341.9779021078598,48.62765917785915,47.127059866623384
66.89885816015564,181.24240661154602,37.67718859378914,1463.5748432770545,81.95026021807594,71.32392733853911
70.30776827610478,171.97904569831886,11.054991939173869,1284.6589936739838,54.32083605720571,64.76230261508178
76.72452575527603,166.14073195890623,557.8021300750759,3453.456175808203,54.48448053697025,71.9612705923139
101.25003556299254,101.57146598384334,358.5238311771864,3114.1916115436165,50.66888464049264,67.31281370956133
97.26128928220778,122.01467039333401,603.6063285760359,1722.4446993166061,52.0508961284717,91.6920083195718
95.34116107477726,217.6699895945963,379.03657727809286,2638.7761973233673,58.06268908959122,71.59943623333035
68.20161289646177,41.46769699984746,436.573695579243,2355.944880022059,54.73942187411575,61.57734830795846
70.48277419506509,137.13421221702117,358.34955108611865,3388.2499143134723,65.98971238673582,56.04921037712652
50.0249859486968,50.88962283483387,106.36973280348998,3219.8717693606327,46.61717620437145,37.78555970842782
80.72643740150144,205.72990847110253,324.76902742589743,2311.4541642936792,71.39639547857466,67.06055639608519
76.07754374288045,151.74167260191507,299.4769051452816,1552.4096095934078,68.77559047045864,68.62209764438575
0.0,0.0,0.0,0.0,0.0,0.0
60.619954532017914,35.83593561265404,313.1300853554998,1564.6311161254614,50.536335849795584,51.96987411838562
68.29240952833011,259.22477483275645,808.3772417416164,2437.910056024874,57.558533771436636,68.37301903596776
67.57547482949468,134.55596801329946,858.5035852832364,3309.8737863879346,43.97123862327118,44.12943948676875
72.09410800085186,186.37580689255014,154.23205166210647,2089.903916518934,65.27430269106388,44.314012064708265
111.94264833397612,188.61804985967854,347.0268179793773,2652.8825692735713,61.43454522829857,53.896977178401904
71.62208719781118,156.0057649071151,417.59068652796714,2582.9135163440483,49.218184758251326,60.44218904234688
86.79148126126185,209.04100490703937,663.6428422251804,2894.547111177061,57.142825300522325,65.99992347028646
66.173233372111,47.622924556814475,394.01621500343833,1620.8745917527353,55.07143495173324,65.82531053111802
81.61720666903473,181.44411959583073,615.1380901940207,3573.7411255572433,56.35907058141114,97.37638359806664
57.381861201881385,198.68135645544046,686.1904398375434,3169.6659871880684,46.20827861847939,48.328230389608606
94.1768724674736,139.79107025678042,618.9305542218378,3246.802007645456,52.751482589238705,63.4703780446992
78.69565834225858,166.03441203996312,251.339444786477,3164.9172016991442,57.832595975290985,53.50680591596914
75.68350423923337,121.44424796511039,152.5058607915326,1896.5067757536149,52.83873831161003,67.96704369211182
83.99552388473248,168.64247695814683,195.35969233883847,3074.4216360454134,62.16883747429419,70.54137435736482
85.26387165335589,138.76606036049313,518.3256955139552,2836.856414756248,48.595504417911975,62.2336309195911
56.526508308843084,261.47640106394033,250.7502062094383,2155.434862658564,63.39951903164604,59.74739520129771
100.83045465113393,128.9549111419541,915.4148890546292,3219.1450211059755,60.13711161266856,55.483498935197346
98.46037352430491,207.53410899228547,305.50706804243055,4189.777934629719,61.45211395768164,75.69344209735775
0.0,0.0,0.0,0.0,0.0,0.0
71.22873043577997,198.36254990463243,746.2786865985042,3333.9473547820744,61.87630948823941,71.34505344649219
69.32569457463177,55.256472016206125,166.54052417574,1864.2900903304385,60.53683834829843,51.960046437666264
77.45640885307344,174.33174141733542,349.28374452139417,3193.4330643568796,71.79959452369873,57.031596265520605
0.0,0.0,0.0,0.0,0.0,0.0
73.06776595915714,187.2861848715135,356.09163347584797,2450.0372353075654,79.93500263581204,56.26705670137535
67.92002150196025,73.17629111330811,359.3242695318025,1361.1206113074913,67.9672258886171,69.77761663357883
81.61265696473428,160.58187175555625,1377.9309634108902,3777.678325629224,50.997311390424365,91.13198378378172
86.44856710201353,131.8373809066049,980.0406853661922,2855.089249570654,44.47413814327772,59.16177476616169
89.90294284685994,44.49156017512474,566.3764860225053,1368.4495169967831,73.1274760592644,52.52772857341513
61.64408149107792,147.65300944768794,248.22490553047086,2343.4179520785046,50.123690558728995,90.16902318659359
74.45558841286841,102.34798519910039,994.682591209813,3444.030126854674,44.35952707537509,73.26249834691053
62.301522817387834,119.33364312249368,667.8315254009112,2637.0531089195265,36.01192855329028,42.54867444250009
81.7212572400531,208.2552454923939,1017.8392441157297,3407.540574562349,56.13666822819825,78.60618179941108
79.14525879582999,221.79923319930316,592.9951802117769,2718.782186765752,45.89211386333434,70.81169948264854
82.15972722086985,121.01910954358065,721.3570403739341,2741.783815462547,54.66339916516334,52.284533911150014
72.92899521018761,73.88979977010153,155.7317479441411,1344.5881907716894,52.36274929665334,45.13177891777616
92.28962955291851,126.26053131850404,660.8965871768872,3693.292133861777,39.322371333723915,83.07283541880759
85.30795813771512,152.2900642294262,405.04229962654796,3177.6138050665522,46.39858411919627,83.29579569390421
86.19844853388564,198.37306089310988,365.3204887232679,3511.597154105246,54.42500930727126,65.49868523999217
81.94040433508613,193.7975671112911,462.66544191235187,2771.410621244458,62.927291863248946,92.56301037980904
77.92337727877334,205.60978425489265,469.91591851630676,3723.181690959989,64.04046396520496,84.34926268957544
101.72800335283144,210.99154927876293,327.6928263570396,3298.236827838541,52.020433970799196,78.53115466586118
91.38146631841758,163.3161203613257,227.4928042552579,2344.7379785894,38.46876178941959,60.48198725499119
74.24692453740894,132.27803611436423,292.0745355732946,3023.6478589863336,67.20938196047472,63.63281927865429
73.7707190305063,147.75349184683853,540.3322529552656,2696.868490000932,59.49947223213417,45.53198983216406
65.28362376663884,298.63031276667715,199.2746399305965,2870.0056800244465,53.40321115697118,43.520046496752464
86.53540671033129,164.21093948528102,464.3300903517764,3101.7169303791384,60.11366286240424,63.827465632059884
63.67526422434388,159.66055079332705,480.02533470973896,3670.030749331315,44.52865982227094,64.75217841006312
79.07475783933225,115.9958235581289,290.2501559374858,3496.7024834871577,48.300006927950164,49.67214077716239
94.4645363929363,215.96372831713126,646.4085686595412,3263.475137430248,62.331438545466575,74.91375029197448
61.64403730893163,239.21075919223182,267.5374271848458,1932.265975386282,63.02985754706678,59.35337376584446
71.83016134377627,133.35853763961285,583.880976329008,2434.727492792903,57.4651605545803,72.01918629710285
104.32977835043849,109.3134535586463,775.7793012965321,3442.2667075530603,48.694444324673206,72.27416514310933
0.0,0.0,0.0,0.0,0.0,0.0
100.54333531286811,213.77334698594458,1062.7357092910358,3653.807326291383,46.72749125230612,71.40271887715537
66.18387793652794,86.78309190882918,456.6388959949983,2838.5668405473657,49.33165580628959,68.58511495321542
75.59519444742844,229.8087968866274,463.3019183542227,2773.599031835297,54.66034160607289,60.90791016938134
74.17123445990856,182.3159694556959,380.4820198589894,1830.0267730785029,67.23167608854015,56.17894356725596
89.43092098432587,165.77407249229313,339.93034781792466,2558.5947134146622,51.24540071854759,74.48383101043201
71.63159860658166,141.62610849478045,266.495626508214,2654.8850586220724,47.00204904484248,64.01380013923287
83.79312321595394,178.7414482084649,395.1259483964207,2911.548236965072,55.47445027477566,67.5279472770221
79.75691352051766,139.5738669326807,816.0717613086684,3332.6240424555313,44.78025752572194,57.90146026109342
88.22661497633527,235.7745151945457,643.0656467124081,3331.2516893569555,51.10218205672496,92.73895150915253
81.48618710659434,115.81123778398975,595.2352529563219,3034.883541020053,62.89831803141667,66.78830611952907
89.58294995543079,147.37826053116427,282.945788238664,2071.3481921662924,83.83804589596382,49.2992318740326
69.62447606409884,151.7147966126948,176.12308919499893,2245.32229997408,75.7202552135653,51.70535966815969
0.0,0.0,0.0,0.0,0.0,0.0
0.0,0.0,0.0,0.0,0.0,0.0
77.0148102353224,199.32528724122471,309.0830337894999,2356.8920096447923,66.74485905306888,93.78669774434451
75.54542624999965,241.84189253045753,280.6219665727222,2331.5077389031812,73.42652881889289,58.1706713592623
81.66332860882513,43.70534545648636,228.00723978681884,2226.16333956958,72.30232310575362,51.38672052881172
120.8936263416696,106.89316637222461,406.16142479876544,2566.451122007481,51.82499569330671,61.81451913273097
77.31809515906446,192.49542722822497,284.207930932195,2112.5546171271826,71.65479263292895,57.54696148988562
80.58034251061238,200.40520790617464,130.42056986536883,1619.778063713395,73.59111761055172,51.32819495702247
102.76139422795855,167.8981680965225,827.709734337583,2958.4262857307203,46.89301899105395,68.82418128619898
89.38098900937057,151.17914807254778,534.4212470814008,3355.79703730313,64.27422597788907,65.68297161168132
91.02056215457732,140.9050662344784,741.1890650138687,3015.2338317963845,56.38219048608172,71.19174151483205
88.88487002520255,149.96410074130696,859.5375031875876,3414.872059333846,43.4015614948201,66.60242357462246
76.41177132921236,146.05830125030351,1206.2951666429315,3150.179727986335,46.58288261106193,64.16225844056227
71.63158404719258,42.12837294039414,699.4195871119616,1382.663973083705,65.76814909067963,58.871690991829176
81.5063619980804,122.82787594167692,597.3958050065471,2511.6723167305063,55.69098362303483,54.8111969060919
81.50206257629156,224.98605587797297,682.2159178385187,2104.91516956049,56.00905793552852,50.65147180901389
95.33528982505769,207.42763757987777,382.32092140445627,3706.4925852574206,44.27245567126071,85.25583871512521
80.3433354961622,409.75574657453956,474.47652223496186,1962.3985092058872,59.21354141558504,69.76592910581505
96.3165028154327,186.48479201836432,409.78160338987965,1969.778835798844,63.99322808359584,66.89578506448476
90.83033848326656,239.88532194940885,204.89643436965625,4318.537881131987,42.19129018306695,63.50687882971747
65.29369088678644,213.5959628212376,731.3379596765529,3283.953703451574,39.79819453845773,104.72440363254563
66.4977020397458,93.12028371308654,387.6513454269077,3571.085938649593,67.31389981787872,41.157117773697436
120.15161223331616,137.68768875566678,384.3654180832023,2401.964632399505,47.780471409802736,64.48029882116913
74.24399629995659,121.1073257051482,184.24793409904626,2215.309889599367,65.70645262095397,34.80197460939554
65.91550844241111,338.8518676467699,629.2086709730722,2673.4636568506444,44.132151230646784,57.55284674683317
44.88425305712724,106.0359056044415,653.5084134880686,2954.8036496080845,39.705418444532874,68.24019923280203
0.0,0.0,0.0,0.0,0.0,0.0
51.48851117202497,135.6683014760468,678.8538593991768,2888.519821323714,49.26945977871519,40.785108242064155
76.64363108463377,277.4973339051776,350.9802731175517,2623.034540211923,51.9832412229424,54.37178936122704
65.94367383030014,124.1459704117985,365.814348342775,2768.165097715466,37.32736166240253,82.14373911006504
27.18502234517256,259.8369692450373,443.3315689882917,4490.084422586936,40.23734868025238,52.36234080172663
107.43109388393782,89.16888717962487,245.32792358260275,2745.408088982317,55.58812981408472,99.60701435821649
108.2061284465497,313.5220109531542,712.659680686234,3613.098415996731,54.61796395606704,54.53707297203986
54.00744838696708,201.22897798689604,348.37358320479206,2567.819045169951,41.24393436932981,39.900587440464044
57.44065223442851,220.7227833180727,466.06353930200396,3240.3931254393397,44.811918589614635,53.567160699180164
93.0497369088989,137.72900603900808,384.4700847574395,2212.8516185441044,55.97056860625811,53.53821281453668
71.67529508544422,185.35866069541987,1201.377233805221,3179.4309643496154,32.283880087345295,81.88384771993108
65.11373910562261,215.60843948480027,282.5282772390145,2420.557000018876,65.6009443222351,66.67119909636969
75.26651536841896,112.38770926348059,707.9075366266509,3553.4413592376195,52.98224027742235,37.834198476559635
52.612270889917895,76.14443149007967,296.49310496143903,2143.148153159829,46.761020843178656,55.71305181136197
71.61472580644036,156.106902444441,609.1277469255103,2898.403087554728,56.07037061368696,77.18840672223601
77.55465627797413,248.19047924194328,178.59954328681474,2752.0504304290102,57.46625999311971,35.77355613292029
89.0521772565327,115.81734484720911,294.0711515000452,3090.622154960488,85.54702396641295,47.03585259966085
54.069242505694696,151.74320615584068,340.9769935217716,2885.901095514656,33.7770837757442,31.82477313039277
66.89240971791165,158.38116691186275,257.7663436422439,2913.3673153979826,63.08658016740428,43.15688101013045
0.0,0.0,0.0,0.0,0.0,0.0
40.048057597469054,162.1464554953594,280.64325573133624,2130.5158882182973,58.45598072439855,51.51961351969846
65.42582331613596,89.13646214080691,513.8573178963659,3210.2544055241387,65.35002119662772,51.175346876198105
0.0,0.0,0.0,0.0,0.0,0.0
96.37434700107073,140.8294822727109,1701.1314533371587,3405.387749290048,39.54879567877402,46.58016794732506
87.39458041348719,235.6129819468621,200.25422802152895,1789.6473642878143,66.37823579716215,74.08359564698557
80.34126466872375,230.8567439154358,391.7509183142372,2898.0213267875456,69.88628762069871,24.903513751528752
81.97923362537047,162.17573138642118,469.0178997584206,1595.569449726898,57.875662940351006,73.47128327969351
94.77742925256113,96.7728148667349,979.2913677401149,2386.375624375084,58.226610212694965,66.68394229560363
83.9772259855539,150.57434786941437,1078.2648251018716,2255.1632731322534,68.9909059731982,120.70268731144037
95.90650637424999,93.70011930431438,324.7270722529921,2936.4048079642125,55.428374782869604,72.48223913260993
36.35687625915134,110.7541609605606,390.59361374507307,3034.3669217276147,40.01547953840392,54.14947625429336
71.27476436469357,172.49773005071626,388.19033056772565,2451.7619546560873,49.597534485354956,77.9258307381735
68.24919192694743,57.7121593095023,722.2432736880376,3983.057484122689,35.419418974250966,34.77332380940805
38.583256105796806,162.98197083286516,181.75832872014513,2589.794246205673,80.22445331254951,55.8682922087822
103.45579385427705,472.9652446052244,435.98453329331124,1323.5552032130768,57.36233610291532,69.19987035485585
79.5994322876437,242.5187490717526,163.65369561759934,546.5703286460746,57.937182130474184,49.136087933268264
58.27639861416893,476.3614618614446,282.93619198476335,2070.426145269611,67.11108268477605,47.73211478471307
81.7635906368184,79.25086206937034,69.7787612811579,880.9261214453354,26.480834464615025,42.78845172477948
76.40175412711596,10.066789482603959,113.11110529307003,1624.6239348093684,39.060300733239885,83.86962426938403
94.34143150651754,14.082861520088656,289.0775865252114,2031.094016506327,34.06404187574625,128.88761018411645
92.50112651420112,70.48986967819118,192.97786906552645,708.8519319542931,38.729835466113336,78.18532500275259
52.230734041192626,21.916978124102442,376.4833345526298,1981.2914565950425,34.48992279865958,142.77091043941962
71.33272216064346,108.16185836943112,169.33703064750298,1355.394848655729,65.40581411597645,42.579972786148716
103.62756921761964,200.39707219986232,103.68749559986466,538.5619915898917,39.097874502013255,55.97143157109184
69.21604594028891,445.9136450301604,645.4650571428733,1841.3285066739113,38.5340584235529,84.65211932089994
73.60097957302077,129.1384299705932,167.08844379686843,635.8330728227613,54.56680857529259,64.2793452646653
102.72276813366204,228.07496825225752,124.70450359658551,1836.5709801922906,56.753990386671134,91.86227774421802
63.48531456833727,11.338254912510369,521.3544536277137,3200.868813214944,34.68140589621524,78.02270835161669
151.4860623099617,17.93168312153936,1829.6179824333335,282.6904131271266,32.60255313983696,110.31335966050966
61.547998593824936,21.53086766666301,298.4013346079071,2424.372318945366,37.63029584364547,89.01848288113267
57.402270816936856,18.679670910411193,489.1165171539875,1027.7128942250608,37.13579441623922,66.7871908173689
128.32633779273897,74.86648727708567,713.0845661203867,928.5708334625604,46.50204748853533,50.99062313110993
121.19190737126817,74.82970192954426,63.65559080386606,834.4433501129748,35.053114361358126,110.90414239772122
65.01117948626613,540.0417804921068,91.22169243814385,1154.2858007571872,29.642305857904933,46.39786054515973
73.35724892891696,16.081929832924455,174.23317163878215,1465.7362692673414,34.59342128259564,121.15054425100425
77.00254477305855,28.518780377011787,216.23280065195482,880.6194748125394,48.24322259573787,64.44367828110043
65.6509305351432,28.628796808131007,390.2217505917492,1677.8810324311241,35.69296908937457,135.8576378980513
91.54094659139949,48.62359694221412,59.67356456554717,479.07199185952356,54.67879147819982,52.934580007475255
45.688822248887405,39.089477648677686,777.3893155997639,2316.1378291477376,45.14601824199879,111.47000045912253
125.30176701761681,74.62755483612264,59.59241756028047,575.1272753162923,36.998445984437794,54.57967743833026
85.04151794695035,13.767731964443225,324.6262578108417,886.2780634351886,43.526921020828695,76.96926458110319
0.0,0.0,0.0,0.0,0.0,0.0
124.51316872688571,34.85549332647487,157.6793428401282,621.5424997449757,46.66443865148683,114.09848801434767
42.30207745896048,9.001766369668918,110.64252420392779,3005.3153605778284,49.93557510577223,59.33161122754211
89.24303711845393,27.149603942286546,271.70380479719654,723.2877258207784,43.46180252115543,103.61867015855796
81.28033346498623,33.040330830191905,270.72638158116325,934.7706998226693,57.98479964704667,73.26065941155657
74.08164221194174,67.89163314218317,193.12366859381956,777.3270656956695,56.16439591403988,60.30661556044355
80.20999154467826,20.30884652367046,589.6027304323801,1235.1853233959514,31.919052825714864,126.501863343358
55.811629138656755,15.829775926512564,403.569165198631,2651.0232251891402,31.140292300308307,103.16554439757165
86.75102797908832,384.97506608846953,541.207808210437,1448.7317186115047,59.50699281201374,92.84955004823452
83.53747870747581,21.188847556382058,458.7280361723404,460.174831620859,34.09999691182901,102.98125324935526
104.61508317425555,105.18874724978596,348.1126834255375,858.0742046176701,66.37548777232875,70.90284931934994
89.1499804563002,216.98960492903126,162.80077775090987,990.6011552629183,54.97002265664524,78.51679920932024
63.677471025072904,71.58940399821068,598.418816631601,1968.977565069116,90.79600114561912,59.605434771169044
74.67487085042833,152.9843050247709,376.76921725889133,2583.2240746666225,64.55855063316594,59.482179129354385
45.88896028762307,191.32026945118395,242.3616924264848,3341.6642699996396,45.980029506723106,34.99424795623383
89.8674209807262,226.69884500938014,230.3081447279893,2343.9866054898716,52.23598340061843,65.1502833970802
106.45799987285015,189.53370448627814,134.3102618305889,2232.022383731469,50.30266786290374,47.29736730315376
57.264422684494356,221.66156667772617,176.2727930479184,2944.3429273702345,50.14290977146376,65.83776165087214
84.77133641966194,169.23908365171513,406.6038602388424,2430.9587144870356,64.20370415358958,53.9595682885811
60.92353947039037,149.77910673082093,256.5631495629817,2693.7545975953753,54.08060924990548,45.04726264058341
67.77338998501679,107.70117921375534,191.0233625261706,2393.8796812399387,65.95139376669914,60.65427654532065
54.657699005480424,190.0520021744837,141.73228126505091,1886.03618639235,44.091786800617896,61.92443763525213
65.84180043846933,189.64688451355744,350.6958037389162,2782.7520691303143,57.91869771253429,52.99450579640362
89.14468945235134,239.6565128853284,196.89148041239943,1796.0125433652652,51.69981035127588,60.4782099939824
65.96960344112391,183.2535898360125,191.75412539474715,1604.4346598329041,59.578699226834715,64.81484082951229
71.84064665573428,188.03149670455753,265.1943175611629,2111.2042077084757,54.22700165739307,52.27548643164986
74.25977468949803,267.0515810342173,205.75143630016072,2899.1106305434882,45.3937275202946,47.329908237589876
81.43725198859444,206.4028289537413,178.8322739070707,1846.7750149762578,79.31285287060996,66.12054542570122
81.03256580269574,159.40953905192612,317.6219619567595,2252.407161262287,56.85491631212835,34.08340210911553
62.66439425435897,145.08529840701712,315.3033641032444,2885.791115467537,66.52481307992473,52.78261451371566
73.66451410562098,220.16795509853182,440.76345581237746,2665.0824540957483,65.4041029640645,65.85546325111369
45.610727685687074,188.81096068030234,426.8130891655621,2257.69875123347,56.006798712698675,43.116697257923434
133.32667468542152,133.65320747114976,173.15490637084275,1788.739549001653,52.56177850313867,46.071561339857965
101.53925152161983,144.55288440513374,599.7109021220044,2553.22784762422,60.12351284233788,55.50750848535036
81.95532480708303,82.37882299262247,352.29157901486633,2516.613093792269,94.02367452664762,40.40415155498736
80.58908039484936,67.18215971800517,254.56521532775477,2044.8931371467174,70.15077378340365,38.83647807841559
107.56320246599216,130.1672816657355,198.965129665348,2292.9545182272186,44.79611042019245,62.60375194051489
90.68675857465031,140.96045667264303,120.61472039119413,2204.8454483117252,68.4369101905327,61.946428284865604
63.00532787561336,127.1576854276046,360.9133697665644,2943.672302562293,57.48610852146267,68.15804660063236
107.2179003860612,223.65864735821597,344.508836241989,1841.9565927615454,63.19574683192296,48.92074986328393
67.42047359696686,171.54147571752338,200.44220409635332,2076.6200939740206,48.083975482328164,63.62733087336147
29.210698967379688,280.1805385835989,209.233537774789,2906.8409680315704,41.49140084218045,55.53853198054551
119.73760065309943,188.01479566400977,298.92470054388957,2593.322500684245,75.1591349785015,70.17605153489397
61.023457668616494,181.49275171851298,425.9179741852484,1985.415878237997,57.9194128435235,66.7536817390255
79.40259690289842,206.18331753854415,235.08921446115806,2578.006926650466,58.25514157893447,58.17445490951627
55.46727519259463,166.90322172642715,154.90544700969244,1920.733954488415,61.76258450140843,51.977253211826316
104.76166643439294,204.3239411151529,307.80271269184954,2512.253386078586,64.29037831027871,55.099085472277075
88.70394513335549,224.12538926966084,231.9366026245737,1456.216467965643,49.120617798738934,67.72414619931357
59.96680092446807,191.6017262905542,235.53482075920806,2940.947171626056,56.42147060150238,54.47028466944297
103.94226391287582,225.15608020940445,245.59045920605436,1117.668813028803,76.7157716017347,57.80982684730893
65.3677461773485,155.46692906573898,82.38926592932157,1943.8756784491256,68.91801756651833,58.21748560339317
73.54575394255298,241.891045898225,207.50539301964432,2880.5898424670604,48.40579197566486,60.70241029753704
46.61024501343901,195.35528670989817,108.07712997191618,1480.2907176035656,60.68431516177346,43.36720397581797
71.79280815193786,185.33779155403627,247.11852723188946,1147.2809402667122,53.767600250860724,57.7513506437705
94.20354455769117,94.24341955100503,194.65460672500237,2484.191800813188,62.15263026271003,76.75612778740967
53.46592578436024,154.6344421416522,667.168836111371,2164.464162013279,58.61817773706152,56.384166594242274
80.19853433913411,114.15032943080107,662.5764840726795,1701.0586746033664,39.59229615909954,64.42556933786072
63.787824732267936,179.21826561634882,82.7745876495231,2994.4490961282927,71.28207334012379,49.891983388089336
71.42304715579996,225.9982928839408,132.78051136666892,1635.4684653588579,62.48143666742011,50.41645058082024
45.73586591269632,161.9929965386711,175.3196824822152,2814.0743578831703,70.72235378135926,48.15240547239206
96.9779013328741,99.60809630696222,144.24398943177525,1737.499109437871,57.38371535176286,57.86837541942596
55.526317694916315,172.23191591920767,192.0841663936627,3123.6168978473092,70.0252900836378,41.711058767313325
36.08139649348189,102.64096710794658,315.31924270153445,1834.511505966937,63.80853617361472,84.53746630873857
92.39534443313366,143.95008315900049,490.70167062853454,2491.5490446257236,67.2530380375895,70.67130235811106
102.52641502673421,158.5493521418865,122.73486777449402,2629.6805387066634,73.22930168594611,66.41551492839326
85.9713140058702,140.7281722714709,210.0716638580439,2658.1542592912488,56.76766487534064,62.57278579149552
122.20494009150386,49.86591714767381,654.5049996932275,1729.9420029341024,59.31845063073273,61.38927951357334
50.615209691140706,175.9470881977341,31.331425193954498,3681.861653877073,71.38070724713555,54.11963909717402
64.52102236501915,140.67720561396771,7.049099221461551,2480.7975384320825,48.50111895946413,48.378155539523576
56.01126109104511,120.90481867317479,3.6090905906414483,4877.246912873231,58.0928253472013,64.0682236118855
52.82483139672239,127.54852884139868,8.555076620422728,2813.0072524576444,45.48023198904547,44.14745715111524
59.22301789485901,200.5960076119415,11.929395320655473,2440.7109479071105,57.696125040416646,64.80011536489164
49.53276098674407,162.9860968638897,8.466000156286379,4568.638104809248,63.97097731541496,46.51514484245953
78.40139206188371,165.50372881816205,17.333565660153198,4704.723722191733,46.24261177691642,45.583373330268216
59.05474755630165,164.8322503510385,9.84930040929397,3412.8267697125657,74.07669880145339,64.0255563738866
57.54153946192785,146.86262077814388,9.578688913408797,4030.8601475754454,60.279354430653974,68.1574083706671
62.29047589406565,113.6297078309774,8.091513066722355,3837.0431138362137,64.11675899619,59.04663728794553
50.8843464829646,200.69689555055987,28.728209253173908,3337.5689683305636,73.022570769934,77.40924758359586
57.81810908622366,212.84181188604367,20.31288081685333,4313.610678271613,73.3798695601664,44.00036310944267
38.55884699199413,190.18771675779448,10.15418626349621,3768.476358956001,87.16270274874117,72.50578034142843
55.98068530152426,198.39965460180966,27.47931249458722,3406.2569842240746,68.35000337213884,66.59969039349771
65.21441763711813,187.72793393253204,38.579554984891246,1408.5229754578643,54.146931863829764,65.31183585363874
53.40666845514325,161.03137583566865,6.091579996327968,3534.4511315447444,46.42404746857211,50.42583116671997
41.01586326042862,167.85027383289702,8.940907022939312,5027.518993748733,61.19268126786791,50.03918714482583
54.623388998293855,160.0643966032635,22.213015637906913,4816.629792154987,62.64553246187287,34.76061269016017
78.91756502771544,175.18245869654015,15.400940102608033,2152.5627972763314,45.36233369658281,61.540026919828414
64.90260692675787,193.51163120144966,10.895587291398426,3344.0881257563606,63.69446474244761,71.9543616838076
68.00783628628723,183.19685506923582,4.229906749730022,2631.4468432154463,61.15274302083833,45.400785228310966
68.61553755085531,240.18189307540234,15.748939620155273,4677.3419621267785,84.55750138316432,70.08919409117266
61.00742700897738,216.015096214284,43.157215483765654,4269.428862815834,72.12224633073706,69.63096298652877
66.45421997544017,203.60300993699695,17.423100846415213,3139.583077562959,64.93751659841857,81.74005807518103
68.58061311083341,186.18789267061032,21.1783796652796,3976.8312562308734,80.24501909438598,80.45847996773821
50.5335778058879,125.62730928431449,9.266558401289924,2554.0818436762893,39.9387104755722,56.79195686978519
58.3421978903796,162.30999700892238,7.014783306629459,4646.171939361345,80.48396895573266,53.19344228939783
83.87442963250287,208.05465830025457,54.835539212651284,3438.048024057792,72.36215000926062,73.80574047132981
49.11315414283649,217.83619062855695,24.562841070754388,4200.969025571036,58.444568508297415,61.99749417794762
72.88124020973889,201.2006770236647,11.652698228878526,3000.254735334883,62.00841178364053,65.6587785423218
86.92441645031127,241.40393302077527,4.802502508782981,1376.2548743947211,66.40514980427423,63.49603294210118
54.66336077726528,159.3022380684843,14.64089335099688,4205.138775617095,79.15487932247194,55.56802949866092
55.608056254145296,184.79345651713456,29.890105764777324,3172.283230809832,95.08712509248728,67.56386733440598
55.481788706186954,114.19771420735124,11.37996537234936,2582.1032951586967,50.36393942450644,55.69959309712789
68.95747030759188,112.17397381615464,7.256206781170239,3270.5658468752563,59.618602536923426,55.834775228057325
62.704720479831735,206.45441172969691,26.804273965985253,1945.6662293795555,62.35271593223755,57.469957573040986
52.73499039369524,135.9949356226686,10.985571032142307,3368.612297506672,60.53247625100488,56.625675460111474
76.7737155600307,137.09713703541817,13.82674160055277,2451.4845604905267,66.86456957328977,48.88543562699226
69.2535044111408,203.27091853069066,20.054217464668845,2910.540559203558,61.21331377667142,49.24392898678714
79.61535286316901,122.36968543705439,9.378764418939431,3211.570963628923,54.26906701703259,70.58528402188598
79.43202694350057,168.69933576986472,47.910423911128255,2406.018337876016,60.14776465222714,47.03674438756324
61.379520719387,147.36037202914562,17.308569353540463,4576.018805710078,62.48308074284265,58.10954182719121
50.58280965051517,184.43634486050684,8.762052423805613,2416.492950491743,60.29296076543896,61.98123834457711
39.476148940744565,86.02218148171357,9.817006465795771,2499.437876517358,48.421597490126295,56.33581504821886
62.72256259234514,180.3407242886066,18.632246942154193,2885.86337370249,73.05338457889215,75.37886991861546
79.84646950599662,203.55224420206235,13.206912113334436,1867.1051628998252,60.428560561395635,62.28079117516641
73.99093465183833,147.63585724294964,8.739299250793495,5057.108789359003,60.51442906391842,51.190943498735244
52.55516492932823,166.64290018428767,24.50918082198338,4851.017141024191,73.07551248179364,59.98792760868298
68.63267491381451,141.95863953600252,22.379759853168185,4396.835816821832,57.3292280139042,45.73747789813834
68.5007631843646,187.38519153553065,11.868532532196024,3834.972172982184,65.30562763845053,55.74917982092163
58.584345697362245,222.2335060598819,4.804420239302397,3079.103410553386,57.14467923923708,36.71305748630708
84.80121750446192,192.24594821820975,18.96397870405228,2583.975468890184,55.03866026672855,63.75724394419147
49.09344724919432,193.04422770470933,23.145194436733767,3656.9665749281694,78.66439047942711,64.88137419869896
65.88264864776355,233.74936321738227,34.289818285717395,3645.450173130123,74.2831215726949,79.59734216799109
66.11150908981604,136.39280078666366,4.167927486567981,4257.454195290584,58.037402335173724,40.937441640686224
40.82539362682471,155.98469887704067,10.831469530017717,5065.929537340878,53.62551174903233,54.89136635902911
38.24498027457496,189.77711494392344,21.11515869862201,3716.0887047438287,71.87573746685683,66.08589447589829
51.06646347326484,164.40658733390765,6.602980655506459,3800.368459543184,54.34988089328421,54.59685289442588
42.15534161896018,167.5894534331315,10.742810030990901,2801.7849083671586,66.91958615014593,62.93797848365549
61.83473620987637,156.01981371693643,7.879478600862399,2188.5204277510165,69.45447937312102,72.29499559890635
52.11234356946661,125.75815743548637,6.69041305794926,2623.7964738032847,63.81662250591436,38.71562385039935
53.78641995233509,152.06680181938867,7.8585679854297625,4356.524118835531,70.54124475849271,57.46423111265743
59.06848113702436,144.6063905596634,15.790869336468978,3939.5868252674895,79.62575052040577,63.0606785890667
46.83106291630101,82.37837125439088,4.011134056866437,2523.142941101648,59.868330339696385,52.290429415052245
57.69066928186548,188.47969490961012,20.25422907271708,3308.5009436383275,64.40930296633444,70.22280128576102
70.62091908797164,148.9197075232085,4.510042201082526,3860.921144652726,48.49496542240109,49.50001083645353
60.33319750606991,207.01791727145218,29.160513443384257,2222.134345392341,59.26304411944598,65.0888351756186
64.364052640085,155.83005248314845,35.60336913646659,3039.6648756568634,64.72037204283973,63.63435339888461
56.478241259413686,127.79616390150377,28.791000535039405,3529.217621262624,68.23266208481284,57.12794777513941
63.65123316194361,132.27960782172653,36.55527803855211,3456.473447348465,59.429898762036736,49.650082510725085
56.959756552961416,169.48402255921178,42.47621322389146,3449.1012751510425,72.49080811437588,72.51846477432053
59.831991270206196,162.7069920697696,15.59004320352902,3678.637815948561,67.91890034146485,58.2209261317513
95.42904574822379,59.52053209288313,54.34117062493412,624.5313346580442,34.09018867868158,34.030091498819715
129.74466562102324,259.7986193095681,54.13657159814704,1371.6501107787271,51.323169205376836,101.30124223882456
64.17984912766512,26.518063813871965,31.141989338960638,2342.3512898194595,58.75407805253724,29.668148654097884
132.04522515778388,104.04668512619082,40.87105689535424,544.4813088348113,47.796598933732525,35.22156502761922
79.28376240418893,131.99552936398254,39.356660365514436,1743.6691103866458,47.240958008888455,43.13780044273452
65.06443367376274,34.37564511914619,19.58920004421497,1964.9930618652397,44.94078673574829,37.445021856127596
167.58679736065662,159.37623942393765,25.77269085981347,758.192923189114,61.94582348259674,69.71635090364225
81.51344382630393,91.86038614888791,110.46923852733028,2805.5885548334286,65.91963790411597,51.242919073226275
159.67341562138603,69.20036057333326,34.11860325540394,1118.7702699766403,54.54589422465991,82.8245238980815
124.62930888202547,37.840312236639946,52.001327284414586,1436.0114939894943,45.10014250225336,38.602806045507116
134.13546205486006,224.0516380612227,87.02117304333028,1558.894784242404,39.70465540920817,40.20643652921158
140.5869532726063,80.4641891186358,97.81472421958,289.60495694476964,64.91744813139216,35.67287773872444
140.13122721792465,65.5454873034773,39.74452959501483,1166.5133466500533,46.75448099331749,25.32436783467373
84.35101409054553,106.53088934464404,188.6838876869634,2981.54472040938,29.415549732202123,44.93606181464502
189.06968631828997,233.07282363396718,35.040198415595,312.78961598183594,71.55495657954359,99.5126257841271
112.7878956894883,150.7941053535104,91.52997867965385,1782.516226367983,46.03997789018521,40.54242480743335
129.9335072677671,73.45417436502176,58.89588401599254,1274.5415867559743,60.0659568857066,39.58852758097623
118.66395966193348,53.83361168763089,5.468514069910926,281.58718404217296,65.45230352886767,55.20035487429393
127.41677601865794,60.29007196526784,30.812599008912617,687.5707422689411,47.83391514168483,49.52750468023735
148.17635914114118,49.58716899172843,65.53248597646414,223.5979485579729,41.11209740818441,62.56520151690487
95.6322582259211,234.17755901082623,110.66515625932134,427.65534960583955,46.211994091054365,68.00655565257577
138.08942761186796,180.69949993502556,44.77715085592979,1831.4956715789485,56.57255225380567,101.41719697940424
72.52031658314743,27.10826739475227,26.73335199930313,2998.61948606058,45.49813353766414,38.69661068116948
