fips,profit,crop,yield,price,costs
30027,286.26281741555044,Soybean,43.74020927070015,9.56,131.893583212343
16079,558.8875547543723,Soybean,72.25744120990746,9.56,131.893583212343
22035,84.94970526391887,Wheat,38.26650009429444,4.905849889624724,102.78
5099,86.43408524073713,Barley,52.19686468169786,4.106072013093289,127.89
39001,385.5364901738292,Soybean,45.09415383595259,9.91,61.34657434046097
29201,155.69033770278074,Wheat,59.41875410617615,5.036799276672695,143.59
46009,248.40465018353336,Soybean,37.37502625464514,9.91,121.98186
1131,62.68142085452983,Barley,46.412099019900964,4.106072013093289,127.89
17131,295.8217291296861,Soybean,42.15979708674935,9.91,121.98186
29125,145.4730991191688,Soybean,26.98738235309473,9.91,121.97185999999999
40097,158.10457320246837,Soybean,13.047664216738918,10.57,-20.19076243153802
41057,291.1715652442381,Rice,5171.073344949776,0.1645,559.47
6037,197.10738962758148,Soybean,34.41432770292097,9.56,131.893583212343
48223,177.83659335079977,Barley,74.45719226937818,4.106072013093289,127.89
42109,254.37920031978274,Soybean,40.490201058439254,9.75,140.40026
8075,390.1941250262331,Soybean,53.04191142832633,9.54,115.82570999999999
30033,290.6031005056567,Soybean,42.60260068193467,9.54,115.82570999999999
41045,1329.8600420928503,Wheat,146.08345061698145,5.272096219931272,-559.6940343005458
22125,96.60003677952876,Barley,54.672698399756094,4.106072013093289,127.89
19033,395.42348899397587,Soybean,52.21042875822158,9.91,121.98186
56015,151.7894030161614,Soybean,28.05189863901063,9.54,115.82570999999999
18183,478.98839578625996,Soybean,60.641801794779006,9.91,121.97185999999999
38027,400.93146270222945,Soybean,51.983087259704085,9.54,94.98718975534747
8045,388.3783917509699,Soybean,54.421754703275404,9.56,131.893583212343
49003,681.5496549801459,Corn,223.2489376722076,4.3357861635220125,286.40999999999997
38085,390.5066849066087,Soybean,53.07467451851245,9.54,115.82570999999999
48347,161.4077119492369,Rice,5376.262937603866,0.11300000000000002,446.11000000000007
40043,247.12285229830928,Wheat,10.429367358981338,4.506692111959287,-200.12090468886242
21211,115.05536893557988,Wheat,44.40318677427844,4.905849889624724,102.78
13281,317.1842300423675,Soybean,43.42163645255771,10.7,147.42728
40051,237.1099304764822,Wheat,26.138257041502182,4.506692111959287,-119.31285364718
13271,336.4885465280666,Cotton,573.5214795220534,0.9331695331695331,198.7042247802279
13217,78.52119500353596,Barley,50.26974547580745,4.106072013093289,127.89
5047,259.4184623604257,Cotton,761.9060543797411,0.9493538713893943,463.9
38033,218.3418129527611,Soybean,35.02804223823492,9.54,115.82570999999999
54045,111.9658481836009,Barley,58.41491513513585,4.106072013093289,127.89
36107,527.0161722525512,Soybean,68.45296741051807,9.75,140.40026
17165,113.417131940058,Wheat,51.0258832688359,5.036799276672695,143.59
28097,454.053415794725,Cotton,701.1923707767636,0.9055176093916756,180.88862351473136
31141,335.241374509255,Soybean,46.137561504465694,9.91,121.98186
18145,321.43778416107403,Soybean,44.74466641383189,9.91,121.98186
45013,33.33479952764358,Wheat,35.26540099131145,5.226505139500734,150.98
40139,422.71514572682077,Wheat,6.871060898634382,4.506692111959287,-391.7493897741533
37119,133.24629645220995,Soybean,26.230240789926167,10.7,147.41728
18045,348.43102360922035,Wheat,97.68525537397412,5.036799276672695,143.59
19085,194.8668964290897,Soybean,31.972629306668992,9.91,121.98186
51085,216.7093328385551,Soybean,30.783016433817295,10.7,112.66894300328994
29143,160.55816184441122,Wheat,60.38520598846083,5.036799276672695,143.59
8037,632.1474591198178,Soybean,79.92061112261095,9.56,131.893583212343
47171,754.3077890668504,Cotton,1283.1967359905366,0.9493538713893943,463.9
18073,320.401532846706,Soybean,44.64010018634773,9.91,121.98186
27099,573.747666944496,Corn,189.5682505691948,4.331437125748503,247.35529143410918
40031,159.47434353043178,Wheat,13.26614615648132,4.506692111959287,-99.6879072909184
54087,259.7472949305835,Cotton,762.2524295092559,0.9493538713893943,463.9
21067,205.39800599285178,Soybean,31.89305543924804,10.57,131.71159
8027,487.00695511523145,Soybean,64.27203122980875,9.77,140.93079
39057,704.6301591303597,Soybean,37.403121673930485,9.91,-333.9652233417087
20121,103.25215046486697,Barley,56.29276586669925,4.106072013093289,127.89
5101,210.11671927314512,Barley,82.31875091214228,4.106072013093289,127.89
26071,532.2467462815938,Soybean,68.98943654170193,9.75,140.40026
45057,152.21263229844084,Soybean,28.002795541910363,10.7,147.41728
48249,477.8324101417514,Corn,52.77680517429761,4.3357861635220125,-249.00346851213487
37001,169.50970893530095,Wheat,55.50306574018104,4.905849889624724,102.78
49017,262.2906997829424,Soybean,41.2326655852809,9.56,131.893583212343
48475,129.69479822512557,Soybean,27.362801405592947,9.56,131.893583212343
24019,541.8378375773918,Soybean,21.32399955148993,10.7,-313.67104237644963
51007,168.01717220445207,Wheat,55.19882962117433,4.905849889624724,102.78
19145,178.67000549013858,Soybean,30.338230624635578,9.91,121.98186
47063,294.6899150257874,Soybean,40.34167502609152,10.57,131.72159
21147,147.19253174463523,Soybean,26.387334129104563,10.57,131.72159
13105,93.71770552489144,Soybean,22.536914535036583,10.7,147.42728
48275,324.092840000187,Wheat,15.655442922189986,4.506692111959287,-253.5385788735245
39145,235.43958296422565,Wheat,75.25207222762553,5.036799276672695,143.59
27159,669.2978597282643,Soybean,83.04596099777069,9.75,140.40026
45047,83.18731135958186,Soybean,21.552765547624475,10.7,147.42728
16061,294.8646780206383,Soybean,44.63998548462147,9.56,131.893583212343
13093,120.88476973203572,Wheat,45.59144180197187,4.905849889624724,102.78
18057,247.3040842832116,Wheat,77.60763588368285,5.036799276672695,143.59
29019,192.14006630022965,Rice,5648.230675223271,0.11300000000000002,446.11000000000007
6103,340.92484892158495,Corn,120.82591243350451,4.3357861635220125,182.9504704025262
26041,731.9810450519885,Soybean,89.4750056463578,9.75,140.40026
1029,142.93579892866012,Barley,65.95739141083276,4.106072013093289,127.89
17091,284.8495056702344,Wheat,85.06185816347661,5.036799276672695,143.59
28163,62.44246076433791,Wheat,33.67866210373932,4.905849889624724,102.78
51059,209.32563383313487,Soybean,33.34139381618083,10.7,147.42728
51175,212.60847215233574,Wheat,64.28824347425387,4.905849889624724,102.78
40103,52.83213155056852,Barley,44.01338577947209,4.106072013093289,127.89
48277,219.14880286313593,Wheat,68.7663579326263,4.506692111959287,90.76
5139,297.8240254833717,Barley,103.67914252986083,4.106072013093289,127.89
54067,323.3151451827385,Soybean,43.04983303526381,10.57,131.72159
30109,146.87304716644573,Soybean,27.53655735497335,9.54,115.82570999999999
37061,204.79542513696305,Soybean,25.738785082864112,10.7,70.60957524968295
13137,258.9199510021561,Soybean,37.97637672917347,10.7,147.42728
30107,189.09643944130158,Soybean,33.57636220226408,9.56,131.893583212343
22061,22.25319967438479,Barley,36.566138926841454,4.106072013093289,127.89
29057,214.12478658873522,Soybean,24.332466711555284,10.57,43.06938655240411
17121,323.937247742689,Wheat,92.82229091557866,5.036799276672695,143.59
46101,470.27821145275186,Soybean,59.76388208403147,9.91,121.98186
8051,428.2732214002036,Corn,164.83359521117563,4.3357861635220125,286.40999999999997
22089,131.44150680494488,Cotton,778.2968541919377,0.9055176093916756,573.32
28155,639.5932671128228,Cotton,961.7671098886495,0.9055176093916756,231.30378702508818
48289,98.18644849510768,Barley,55.05905589921549,4.106072013093289,127.89
47041,165.03713935663797,Soybean,20.06281777748098,10.57,47.026844551336
51530,256.0465506280271,Soybean,36.685727590163395,10.57,131.72159
29135,208.54699379204044,Soybean,33.35205386397986,9.91,121.97185999999999
48073,50.754271999901434,Barley,43.50734020987631,4.106072013093289,127.89
40037,57.5309593937715,Soybean,20.313382742453584,9.77,140.93079
27131,480.9411234584052,Soybean,60.83985705937489,9.91,121.98186
46105,352.5932288288602,Soybean,49.100517696945516,9.54,115.82570999999999
20101,257.16137396287445,Soybean,40.746383210120214,9.77,140.93079
30005,481.77100099407926,Soybean,62.64116467443179,9.54,115.82570999999999
55013,448.87079001238453,Soybean,60.43805641152662,9.75,140.40026
55099,623.621765162437,Soybean,78.36123334999354,9.75,140.40026
34013,466.0526797167271,Wheat,105.60901768277958,5.771786283891547,143.5
40123,113.92095411519676,Corn,88.12220626677995,4.347042253521127,269.1499999999999
17185,328.0109639049689,Soybean,45.40795397628344,9.91,121.98186
39091,512.5204027909218,Soybean,58.38968279071461,9.91,66.12135366505993
21229,338.04552154589635,Wheat,89.85711578297345,4.905849889624724,102.78
13057,122.94506681993613,Soybean,25.268443628031413,10.7,147.42728
12053,-1.8498368213907952,Barley,36.60903864419151,4.940314465408805,182.71000000000004
48043,385.52088565265433,Corn,154.97325290296064,4.3357861635220125,286.40999999999997
28031,217.10149210834328,Barley,84.01983477353716,4.106072013093289,127.89
37107,218.61318567163198,Soybean,15.971861807424151,10.7,-47.71426433219358
53077,945.6837829312502,Corn,284.16617805026004,4.3357861635220125,286.4
17143,297.93449190519266,Wheat,87.65973540975874,5.036799276672695,143.59
38003,649.5715463118736,Soybean,72.1508252147172,9.54,38.74732623652848
29189,Inf,Soybean,46.57274540047467,9.91,-Inf
5061,62.66725440975287,Soybean,18.390619149456278,10.57,131.72159
26069,436.0050545009217,Soybean,59.11849379496633,9.75,140.40026
8119,152.74222140999126,Soybean,29.773619730369692,9.56,131.893583212343
42069,254.19930490142337,Soybean,40.471750246299834,9.75,140.40026
48265,174.2930962872727,Soybean,32.264471472597,9.77,140.93079
17153,105.53625027814218,Soybean,22.957427878722722,9.91,121.97185999999999
25011,295.0554588694277,Soybean,44.66212501224899,9.75,140.40026
13147,727.4706652732725,Wheat,55.0459461370827,4.905849889624724,-457.42351649237685
42117,549.517595535568,Soybean,70.7608056959557,9.75,140.40026
8105,928.7103804115528,Corn,280.2537612750938,4.3357861635220125,286.40999999999997
36031,748.4811922591928,Soybean,91.16732843684028,9.75,140.40026
54035,226.48579584392405,Soybean,33.88906204767493,10.57,131.72159
26117,352.71132052519425,Soybean,50.57554672053274,9.75,140.40026
40125,116.5195145220783,Wheat,23.317376625308782,4.506692111959287,-11.435277213215343
28123,181.3974270152571,Soybean,16.93952212468173,10.08,-10.647043998465278
12097,170.5625548061127,Corn,105.39554709840861,4.3357861635220125,286.40999999999997
31039,340.45596065230086,Soybean,46.663755868042465,9.91,121.98186
45041,194.42717374559342,Soybean,16.4810007576466,10.7,-18.080465638774797
51081,209.64862340129116,Barley,82.20475002020436,4.106072013093289,127.89
13005,583.2982278306865,Cotton,848.5429119877413,1.30784140969163,526.4613303672018
10005,197.7565815750994,Soybean,32.26017397898126,10.7,147.42728
26077,538.9573838018908,Soybean,69.67770705660419,9.75,140.40026
35043,231.2578458718515,Soybean,37.98655115943457,9.56,131.893583212343
39157,503.1713146992656,Soybean,60.06555389775455,10.57,131.72159
12019,302.0317999448225,Barley,98.11962443664217,4.940314465408805,182.71000000000004
41015,229.75848973945884,Wheat,72.84762562690777,5.226505139500734,150.98
37165,361.44339363068235,Soybean,23.090359877324715,10.7,-114.37654294330792
48061,1537.793301683415,Cotton,765.6280960181082,1.30784140969163,-536.4731732875738
39069,549.2697508065593,Soybean,60.47087596049907,9.91,49.996629961986514
17015,349.6819771072422,Soybean,47.59473633776409,9.91,121.98186
39143,707.6157598111369,Soybean,35.2378391118929,9.75,-364.046828470181
22123,171.16239992557047,Soybean,15.066591492847968,10.08,-19.291157677662966
56027,441.19800246666625,Corn,176.38661957689223,3.9981944444444446,264.03
42029,334.0177022578325,Barley,88.24142324901013,5.112992125984253,117.16000000000001
48151,420.6695710783951,Cotton,232.36125396018681,0.9193667157584683,-207.04436815549877
17047,293.7767676554931,Soybean,41.95344375938376,9.91,121.98186
48455,64.45410283701119,Rice,4518.26639678771,0.11300000000000002,446.11000000000007
4001,286.70356122055864,Soybean,43.78631217917381,9.56,131.893583212343
23015,478.44143852129775,Soybean,63.47094343808182,9.75,140.40026
11001,232.3963128030016,Soybean,35.4975320376637,10.7,147.42728
40109,112.69575182862901,Wheat,25.002021743375415,4.506692111959287,-0.01933765472443838
13307,221.64389080485586,Cotton,561.6267245967963,0.9331695331695331,302.4490576026705
42015,402.60222762753233,Soybean,55.69256283359306,9.75,140.40026
5087,127.58169575307454,Soybean,24.53200432857848,10.57,131.72159
28115,121.14052052538257,Soybean,8.230448385417091,10.08,-38.177600800378286
28057,166.7549068075973,Barley,71.75833883771269,4.106072013093289,127.89
48037,185.12996703698224,Corn,100.62649940501653,4.9799999999999995,315.99000000000007
40001,20.431280874607822,Wheat,25.115175483698494,4.905849889624724,102.78
12123,218.51983321188033,Barley,81.2154440817927,4.940314465408805,182.71000000000004
10003,238.07170847401088,Wheat,69.47862575144642,4.905849889624724,102.78
8097,567.7495021993268,Soybean,73.18442316021651,9.56,131.893583212343
48243,1497.469441642445,Cotton,1700.6797805606138,1.30784140969163,726.7499999999999
38103,545.578321176652,Soybean,69.32956301642055,9.54,115.82570999999999
22081,154.6279331167445,Barley,68.80491433561366,4.106072013093289,127.89
42071,388.9533023054727,Wheat,92.25104259170064,5.771786283891547,143.5
17073,229.2766128112152,Wheat,74.02848363207568,5.036799276672695,143.59
18153,189.68650999554418,Wheat,66.16831278924944,5.036799276672695,143.59
27035,564.5619475888758,Soybean,72.30381616296162,9.75,140.40026
24021,573.7523319883381,Barley,135.12876901904818,5.112992125984253,117.16000000000001
51149,257.9011466387657,Soybean,22.18409049801495,10.7,-20.53137831000572
40047,173.99072002474526,Wheat,27.618203757003258,4.506692111959287,-49.52397900657432
21239,231.07033739572287,Wheat,68.05147831811482,4.905849889624724,102.78
37073,219.10786287304353,Soybean,23.78702139073934,10.7,35.41326600786742
37017,77.79736205337917,Wheat,36.80857876130257,4.905849889624724,102.78
51710,355.0150503014819,Wheat,93.31615532502589,4.905849889624724,102.78
45023,323.43702957659053,Wheat,45.164781483620224,4.905849889624724,-101.86539132024748
35045,619.9842935382169,Corn,209.04958394026093,4.3357861635220125,286.40999999999997
28055,121.52766688874048,Soybean,18.274578882152873,10.08,62.68008824336049
48391,1302.8018191511967,Cotton,841.6902454735772,1.30784140969163,-202.00446198733948
56021,433.45636525413977,Soybean,57.57673744802304,9.54,115.82570999999999
32001,306.96811889423896,Soybean,45.906035785207315,9.56,131.893583212343
1129,286.02483184103255,Corn,52.04273102873266,4.9799999999999995,-26.852031317943897
35013,892.3702716274216,Cotton,719.0959597255452,0.9193667157584683,-231.25738081936333
23019,697.5247477006536,Soybean,85.94102643083627,9.75,140.40026
45077,91.72408764544792,Wheat,39.64737854225838,4.905849889624724,102.78
31127,172.71845258973963,Soybean,22.864940574427738,9.77,50.672016822419366
47173,456.52667387666963,Cotton,969.529594406784,0.9493538713893943,463.9
13247,154.65352706107853,Barley,68.81114752983247,4.106072013093289,127.89
26015,734.2390835434203,Soybean,89.7065993377867,9.75,140.40026
28029,150.05350416185325,Barley,67.6908498622424,4.106072013093289,127.89
21187,349.5548122123296,Cotton,856.850998060213,0.9493538713893943,463.9
28159,61.71229659848022,Barley,46.17607679404635,4.106072013093289,127.89
45081,559.3378301327214,Wheat,33.702139188329845,4.905849889624724,-394.0001943155363
33019,457.65962476008997,Soybean,61.339475360009224,9.75,140.40026
40121,29.63135499883191,Soybean,15.265179280873406,10.57,131.72159
56035,288.83879825363164,Soybean,44.009663333260946,9.56,131.893583212343
41071,493.7529687583685,Wheat,123.35642107872417,5.226505139500734,150.97
46111,214.05447492764313,Soybean,33.90881280803664,9.91,121.98186
13313,259.8209739666033,Barley,94.42381252210993,4.106072013093289,127.89
6085,840.8085855429023,Cotton,1198.58460966801,1.30784140969163,726.7499999999999
21103,121.58770172827943,Soybean,23.963982188105906,10.57,131.71159
45015,96.3443681547098,Barley,56.48514282007723,4.940314465408805,182.71000000000004
17177,501.63649913429344,Soybean,62.92818962000943,9.91,121.98186
55049,558.9656168467304,Soybean,71.72983352274159,9.75,140.40026
20183,153.31030614814256,Soybean,30.11679592099719,9.77,140.93079
21041,345.1206519644438,Soybean,21.51344059437303,10.57,-117.72358488192089
51650,144.39085035426214,Wheat,50.38288082906867,4.905849889624724,102.78
36027,318.893307277769,Soybean,47.10703254130964,9.75,140.40026
8111,368.14581539770757,Soybean,52.305376423645455,9.56,131.893583212343
47023,119.61944305179969,Wheat,45.33351978872152,4.905849889624724,102.78
6017,627.6173479494619,Soybean,79.4467501215277,9.56,131.893583212343
6059,216.35264657329128,Soybean,36.4274298938948,9.56,131.893583212343
49041,506.0195906812497,Barley,97.97081170443342,4.233601462522852,-91.25021896480948
39009,517.2197764751181,Soybean,61.394642050626125,10.57,131.72159
27091,344.79326356791523,Soybean,47.1014251834425,9.91,121.98186
39007,878.3934206536379,Soybean,67.10899317375599,9.75,-224.080737209517
1079,216.38628551658655,Cotton,716.5781970436133,0.9493538713893943,463.9
40019,93.43524426250676,Soybean,23.98833513434051,9.77,140.93079
33009,566.8746872820736,Soybean,72.54102023405883,9.75,140.40026
29169,249.0093547447131,Soybean,37.436045887458434,9.91,121.98186
31151,181.4515773349185,Soybean,32.99717168218204,9.77,140.93079
46121,345.70717024482406,Soybean,48.37870862105075,9.54,115.82570999999999
41049,769.4375834293684,Wheat,20.223755340959165,5.272096219931272,-662.8159993434826
48439,77.3172083153556,Soybean,22.338587340363933,9.77,140.93079
16023,288.2385743070472,Soybean,43.94687840160985,9.56,131.893583212343
6015,206.694029716468,Wheat,62.41237185173329,5.272096219931272,122.35
48437,608.827965192581,Soybean,76.74091660108301,9.77,140.93079
37067,194.04391968633786,Soybean,28.238995609420822,10.7,108.11333333446493
37103,550.6487931915083,Cotton,1131.8402022878986,0.9331695331695331,505.54999999999995
16051,699.2423112565688,Wheat,162.6731991193997,5.226505139500734,150.97
48247,102.1206733684752,Rice,4021.827801632068,0.1645,559.47
36037,388.39516764881864,Soybean,54.23542847680191,9.75,140.40026
29001,372.38572794225945,Soybean,36.69794505410452,9.91,-8.70909245608361
38051,387.541977491544,Soybean,52.76390854209057,9.54,115.82570999999999
5127,139.00006393250544,Barley,64.99887558753386,4.106072013093289,127.89
38041,330.3924043019963,Soybean,46.773387243395845,9.54,115.82570999999999
5035,276.6903925769668,Wheat,77.35059186778228,4.905849889624724,102.78
21023,250.25421845337786,Soybean,36.13773022264691,10.57,131.72159
26007,516.6704154151038,Soybean,60.89130496810574,9.75,77.01980802392723
28129,297.91992061060193,Barley,103.70249699781084,4.106072013093289,127.89
26161,342.7200979228728,Soybean,49.54978029978183,9.75,140.39026
37091,418.0494802601559,Cotton,678.645413143542,0.9331695331695331,215.2417431106481
42061,318.22292880112866,Soybean,47.038275774474734,9.75,140.40026
27139,549.5490226403366,Soybean,70.76402898875247,9.75,140.40026
16069,448.60923928314384,Soybean,60.72205256228941,9.56,131.893583212343
51840,254.17211521996148,Soybean,37.53265375887491,10.7,147.42728
12057,148.46782824589366,Rice,4303.573423987195,0.1645,559.47
19183,357.7107063859268,Soybean,48.40490074530038,9.91,121.98186
27059,447.1868739320346,Soybean,60.26534706995227,9.75,140.40026
20097,880.4228513194499,Wheat,11.154259321408919,4.506692111959287,-830.154038820908
27107,370.6993890273151,Soybean,50.99738983514833,9.54,115.81570999999998
5069,217.96776509648976,Soybean,16.5740288222772,10.08,-50.90155456793559
37047,375.144216062489,Cotton,943.7665769811297,0.9331695331695331,505.54999999999995
21015,163.44208346933044,Soybean,27.924661633806096,10.57,131.72159
48191,739.1974998296021,Cotton,246.2196249693525,0.9193667157584683,-512.8313718662467
18055,178.4044427398661,Soybean,30.310424090803842,9.91,121.97185999999999
1105,37.41848489303325,Wheat,28.577817920914377,4.905849889624724,102.78
48125,713.0473879315284,Cotton,160.67052646207043,0.9193667157584683,-565.3322536989107
54097,182.46140403793225,Soybean,29.724029710305796,10.57,131.72159
20175,685.3171799616496,Corn,100.52704650042972,4.347042253521127,-248.32186120259854
20099,84.24134149288172,Wheat,38.83143936735447,4.506692111959287,90.76
48321,730.4993232611652,Cotton,1114.2400848163718,1.30784140969163,726.7499999999999
18051,307.89219964867743,Wheat,89.63672658937605,5.036799276672695,143.59
26063,677.498125967006,Soybean,83.88701394533395,9.75,140.40026
47057,530.1052110527487,Wheat,45.12533103019356,4.905849889624724,-308.72711079899454
5137,60.565534022994015,Barley,45.89679221943844,4.106072013093289,127.89
20069,724.028547483862,Wheat,12.165861458190104,4.506692111959287,-669.2007556150471
17003,174.16624910388467,Wheat,63.086939075681045,5.036799276672695,143.59
48385,322.93437655860686,Corn,136.2039616888967,4.347042253521127,269.1499999999999
21203,335.4419282538636,Soybean,44.19711620187924,10.57,131.72159
45029,86.08632796205023,Barley,54.40874864224006,4.940314465408805,182.71000000000004
37007,127.51511712068924,Soybean,25.694616553335443,10.7,147.41728
48285,72.90486479829599,Corn,44.76421237395084,4.347042253521127,121.68705783686158
12043,252.33653497577563,Rice,4934.994133591341,0.1645,559.47
16027,2723.6557884931235,Wheat,414.65536144512737,5.226505139500734,-556.4574107786309
56003,434.7317057057744,Corn,166.32317150991184,4.3357861635220125,286.40999999999997
37025,128.04882129673956,Barley,62.331790694515675,4.106072013093289,127.89
55053,634.3339299190154,Soybean,79.45991691477082,9.75,140.40026
6057,234.95737193007892,Soybean,38.37353087263828,9.56,131.893583212343
31065,518.921215649715,Corn,79.26902922491252,4.347042253521127,-174.33539621341924
1051,178.4949500784246,Barley,74.61752962476929,4.106072013093289,127.89
19149,452.51452655553294,Soybean,57.97138108532118,9.91,121.98186
37095,467.91345420695575,Wheat,116.32917171271446,4.905849889624724,102.78
13171,437.4784927544413,Wheat,44.58305156824715,4.905849889624724,-218.76073413922265
20141,394.00004151432006,Soybean,54.75238807720779,9.77,140.93079
21033,281.0788025541783,Wheat,84.31322735471684,5.036799276672695,143.59
36103,327.3607289753369,Soybean,47.9754860487525,9.75,140.40026
47117,130.08342094037206,Wheat,47.46647903615027,4.905849889624724,102.78
17035,165.02357694688,Wheat,61.271764069730786,5.036799276672695,143.59
37115,196.77030972673543,Soybean,31.077757779255954,10.57,131.72159
26089,407.8287916148637,Soybean,56.228620678447555,9.75,140.40026
47161,77.0277967538334,Soybean,23.458043328753313,10.08,159.42928
48111,764.3208776425234,Soybean,92.65626076177313,9.77,140.93079
30049,441.2588626916584,Soybean,59.95318471799178,9.56,131.893583212343
12015,282.4251514191469,Rice,5117.903656043446,0.1645,559.47
27153,529.2546851340918,Soybean,68.68255847529147,9.75,140.40026
31167,314.9454927203638,Soybean,44.08954114231723,9.91,121.98186
48029,626.2033323554765,Corn,60.15725563396337,4.347042253521127,-364.6972002587658
12087,327.6381006641113,Barley,103.30275617827107,4.940314465408805,182.71000000000004
27011,516.3494147809101,Soybean,64.41183398394654,9.91,121.97185999999999
55017,423.7886765855377,Soybean,57.865531957491044,9.75,140.40026
46027,309.12783345964476,Soybean,43.50249177191168,9.91,121.98186
39053,273.36510918890417,Soybean,39.89374058414774,9.91,121.98186
17101,247.71400252823022,Wheat,77.6890205532918,5.036799276672695,143.59
13303,286.24097962833525,Soybean,18.42213813782101,10.7,-89.12410155365046
53053,372.97657890697474,Wheat,100.24989259974708,5.226505139500734,150.98
12111,380.4448488826214,Rice,5713.768078313808,0.1645,559.47
31163,356.34737621388734,Soybean,50.89848170050024,9.77,140.93079
1005,122.39558060338612,Soybean,25.217089776017396,10.7,147.42728
37051,233.40879273896874,Soybean,17.11426547359704,10.7,-50.28615217148041
48491,89.13007721503517,Barley,52.85345130894189,4.106072013093289,127.89
12001,220.11800769180536,Rice,4739.1368248741965,0.1645,559.47
28009,220.35829276941132,Soybean,10.195589598246293,10.08,-117.58674961908866
27065,546.2519477123286,Soybean,70.42484181664909,9.75,140.39026
21191,141.5475321163495,Barley,65.61929046962088,4.106072013093289,127.89
39099,394.97285585936856,Soybean,54.91006316506345,9.75,140.40026
48203,37.079011247708664,Barley,40.17684315366648,4.106072013093289,127.89
30075,377.22560651566823,Soybean,51.68252793665285,9.54,115.82570999999999
20001,91.35158728921753,Soybean,13.87965678788236,9.77,44.252659528393096
48399,142.8798227356257,Wheat,6.961042812955395,4.506692111959287,-111.50854599946875
13219,307.2472825818857,Barley,105.97409913765179,4.106072013093289,127.89
50027,517.4607086412237,Soybean,67.47291986063833,9.75,140.40026
50003,622.5367938009712,Soybean,78.24995423599704,9.75,140.40026
1039,91.11175747723402,Soybean,22.293367988526544,10.7,147.42728
24013,377.7607394478509,Barley,96.79669501790569,5.112992125984253,117.16000000000001
37129,162.10322938436894,Barley,70.62546113649476,4.106072013093289,127.89
21089,272.1377929418773,Soybean,38.20807785637439,10.57,131.72159
1075,112.48481706268215,Barley,58.54130572873147,4.106072013093289,127.89
47185,216.14157229956567,Soybean,32.90947609267414,10.57,131.71159
47135,98.60124753067787,Barley,55.16007678590415,4.106072013093289,127.89
41061,785.9256162558713,Soybean,96.00619241299313,9.56,131.893583212343
38029,262.29860555326286,Soybean,39.63567248985984,9.54,115.82570999999999
48099,203.81400012089824,Wheat,23.654759506324517,4.506692111959287,-97.20928204345158
51077,464.1090877908845,Soybean,56.369978977377905,10.57,131.72159
53017,314.6538220675205,Soybean,46.70997963178488,9.56,131.893583212343
22071,174.46382552368522,Corn,106.29533102926638,4.3357861635220125,286.40999999999997
47111,91.37030707801978,Wheat,39.57526452014442,4.905849889624724,102.78
29103,166.1892799485595,Soybean,27.73770845755987,9.91,108.69141086585881
4023,525.1223801657868,Soybean,68.72551918181273,9.56,131.893583212343
20131,180.55406114873307,Soybean,32.904283638560194,9.77,140.92079
48487,180.24368699114314,Wheat,11.657549800823034,4.506692111959287,-127.70669925900141
45063,83.6043004941525,Barley,51.50769392737082,4.106072013093289,127.89
17095,430.29944574523313,Soybean,55.729697855220294,9.91,121.98186
54063,379.23730625128445,Soybean,48.34048214297866,10.57,131.72159
47183,181.13178878845795,Wheat,57.87209049932345,4.905849889624724,102.78
51057,351.1417976548039,Wheat,92.52663817023699,4.905849889624724,102.78
13067,106.40888790366574,Soybean,23.723006346136987,10.7,147.42728
31005,690.4361787543907,Soybean,84.51382481702208,9.54,115.82570999999999
31077,540.5299148280736,Corn,85.48359702050807,4.347042253521127,-168.92910659695235
18133,318.5986486940652,Wheat,91.76237195606228,5.036799276672695,143.59
25007,393.8552937335158,Barley,99.9444710928721,5.112992125984253,117.16000000000001
29043,168.09352339155248,Soybean,28.364722175170524,10.57,131.72159
51770,131.63768300134313,Wheat,47.78329714023823,4.905849889624724,102.78
31055,296.0678703100814,Soybean,42.18362566196583,9.91,121.97185999999999
27041,543.4678101434265,Soybean,67.14830172991185,9.91,121.97185999999999
27063,266.205792971587,Soybean,39.17130706070505,9.91,121.98186
6095,553.7995285485416,Corn,193.78481706902932,4.3357861635220125,286.40999999999997
39027,443.48262984665945,Soybean,42.68260135726866,9.91,-20.498050396127027
28071,114.88582949784684,Soybean,10.934906858219115,10.08,-4.661968366998167
48333,391.17347957430064,Wheat,8.33593330907246,4.506692111959287,-353.6059946844851
48189,1008.4535157576206,Cotton,1077.8712911857358,0.9193667157584683,-17.494526769851007
5045,169.3342435436739,Rice,3432.61105630359,0.11300000000000002,218.55080581863183
13177,564.616339253433,Cotton,805.7825688830877,0.9331695331695331,187.3154043873451
21121,256.13003852631584,Soybean,36.69362616143007,10.57,131.72159
18117,205.2837386343286,Barley,73.86669976804845,4.156456692913386,101.73999999999998
41001,608.6042737061036,Soybean,77.4579348241053,9.56,131.893583212343
45087,55.8019426283598,Wheat,32.32507031324813,4.905849889624724,102.78
54049,161.86279591989324,Soybean,27.77524937747334,10.57,131.72159
37159,163.15868901865866,Barley,70.88250963221626,4.106072013093289,127.89
47085,258.6155891523383,Soybean,41.472705273049435,10.08,159.42928
29510,151.8214641015212,Soybean,27.628993350304864,9.91,121.98186
39161,379.43233125402685,Wheat,103.84021727376339,5.036799276672695,143.59
45011,221.77993862145124,Soybean,20.643188152253146,9.56,-24.431059885911168
54043,264.41146430752264,Barley,95.54178861368392,4.106072013093289,127.89
51069,197.46460077150124,Soybean,32.232886053411335,10.7,147.42728
12113,87.59875213562793,Barley,54.714887893934964,4.940314465408805,182.71000000000004
34017,209.84026149869993,Wheat,61.218528219736015,5.771786283891547,143.5
39005,413.7300585761018,Soybean,56.83285318729249,9.75,140.39026
48341,634.7165855933222,Corn,207.92680008140832,4.347042253521127,269.1499999999999
29183,269.9396617048702,Soybean,28.863283645636425,9.91,16.095479223386747
49053,153.2274657588196,Barley,67.41009239654643,4.233601462522852,132.16
39155,508.0902961965486,Soybean,43.25483292928553,9.75,-86.35567513601472
16081,421.76118788808304,Soybean,57.91367898540021,9.56,131.893583212343
51143,318.10538091703495,Soybean,43.50772531934906,10.7,147.42728
55107,538.1214501189429,Soybean,69.59197026860953,9.75,140.40026
51095,235.9689103019947,Barley,88.61483898522359,4.106072013093289,127.89
1089,439.27668464686934,Soybean,35.87164555944363,10.57,-60.1133910835502
21205,337.9556759237992,Barley,113.4528752633485,4.106072013093289,127.89
13245,59.49691630223478,Soybean,19.338709934788298,10.7,147.42728
49031,668.9876988951482,Soybean,83.77419268906812,9.56,131.893583212343
21171,157.41626332909942,Soybean,27.35457458175018,10.57,131.72159
20111,106.70450996807955,Soybean,25.345475943508657,9.77,140.92079
5005,261.3984149718338,Barley,94.80798527899302,4.106072013093289,127.89
27089,352.19948732788987,Soybean,49.05924500292347,9.54,115.82570999999999
21213,153.8893588662139,Barley,61.50174962776662,4.156456692913386,101.73999999999998
21105,374.4794327279923,Soybean,18.385359880259546,9.91,-192.28051631462017
13249,78.48234055211384,Wheat,36.94820359984141,4.905849889624724,102.78
6039,2881.42458819713,Cotton,2758.8777671811795,1.30784140969163,726.7499999999999
40117,225.71905350022874,Wheat,15.413601724429297,4.905849889624724,-150.1022371817178
18177,354.5922991856717,Soybean,48.09022797029987,9.91,121.98186
37151,196.91775016309015,Soybean,32.18084394047572,10.7,147.41728
54069,382.0664629977034,Soybean,48.60814124860013,10.57,131.72159
46015,198.91353759869455,Soybean,32.991535387703834,9.54,115.82570999999999
55113,475.625374773721,Soybean,63.18211638704831,9.75,140.40026
22093,219.42815040829583,Barley,84.58647322813157,4.106072013093289,127.89
51135,222.70182369902747,Wheat,66.34565488589081,4.905849889624724,102.78
30063,664.7996227967185,Soybean,83.3361094151738,9.56,131.893583212343
29185,155.50291127649095,Barley,61.88995345845444,4.156456692913386,101.73999999999998
37161,510.5286909548097,Soybean,29.596524312899962,10.57,-197.69342896745707
51169,254.16314001894563,Soybean,36.50754304815001,10.57,131.72159
13301,66.32168995375802,Barley,47.298656558984604,4.106072013093289,127.89
17111,400.03994776798186,Soybean,52.676267181431065,9.91,121.98186
48381,519.0814943941684,Wheat,7.917934195153569,4.506692111959287,-483.3978028138571
37155,151.41117380630325,Wheat,51.81389148165472,4.905849889624724,102.78
20051,153.89290471930894,Soybean,30.176427299826916,9.77,140.93079
19103,149.79716893358358,Soybean,27.424725422157778,9.91,121.98186
42007,374.16510501650725,Soybean,47.86061447649075,10.57,131.72159
46125,379.50930621462896,Soybean,50.60455764022492,9.91,121.98186
5067,149.0523419972252,Wheat,51.33307126453665,4.905849889624724,102.78
29079,400.5127088523228,Soybean,35.30870873769133,9.91,-50.60340526180168
5025,56.126758310424265,Wheat,32.39128018296947,4.905849889624724,102.78
27009,350.88537991642755,Soybean,50.38827076065924,9.75,140.40026
1123,78.0014807368774,Soybean,21.068108480082,10.7,147.42728
48471,61.59434149950172,Soybean,19.534730981261845,10.7,147.42728
13175,83.01540282522478,Wheat,37.87221521354729,4.905849889624724,102.78
30083,395.5162267512894,Corn,164.96101825856405,3.9981944444444446,264.03
51121,339.1055875161669,Soybean,44.54372540361087,10.57,131.72159
51683,208.45195167327887,Barley,81.91331048280794,4.106072013093289,127.89
45021,455.0968314894304,Soybean,22.48629396616539,10.7,-214.4934860514607
17045,255.2580261944464,Wheat,79.18680183299364,5.036799276672695,143.59
54013,203.74496370723682,Soybean,31.737611514402722,10.57,131.72159
30069,199.9866470050415,Soybean,34.71550525286449,9.56,131.893583212343
48021,28.326268439872152,Barley,38.0451847755557,4.106072013093289,127.89
56017,317.4249269240669,Soybean,46.999844156528226,9.56,131.893583212343
48237,276.5460297844536,Wheat,11.476160731702642,4.506692111959287,-224.82650673931238
28079,20.906889642524675,Cotton,656.2289716725937,0.9055176093916756,573.32
42121,465.53009880412867,Soybean,62.14670346709012,9.75,140.40026
19135,339.95686141261166,Soybean,43.18028544260366,9.91,87.95976732359065
48229,1732.6639268539327,Cotton,1366.4950821574619,1.30784140969163,54.49492773156203
21085,339.9448748380545,Soybean,32.97329531747089,10.57,8.582856667612859
55073,627.9915158323172,Soybean,78.80941290587869,9.75,140.40026
36043,408.29076733267345,Soybean,56.276002803351126,9.75,140.40026
26037,335.86679845086934,Soybean,48.847903430858395,9.75,140.40026
22077,651.3379563037706,Soybean,21.796959844091184,10.08,-431.62460107533144
40057,324.83381770522385,Cotton,743.9292786893825,0.9193667157584683,359.11
48129,479.9162854722102,Wheat,14.139844214070903,4.506692111959287,-416.19236108832365
31157,756.4773294600586,Soybean,91.43637730189295,9.54,115.82570999999999
17079,290.9743039766204,Wheat,86.27786816704221,5.036799276672695,143.59
36123,554.6783424937041,Soybean,71.29011307627735,9.75,140.40026
27005,503.3779154623004,Soybean,64.90499218682395,9.54,115.81570999999998
6111,183.06928316471442,Rice,4513.916614983066,0.1645,559.47
27117,430.940496078877,Soybean,55.79438507354965,9.91,121.98186
19023,426.7491555843186,Soybean,55.371444559467065,9.91,121.98186
26011,492.0098544984256,Wheat,110.1062692276163,5.771786283891547,143.5
41069,483.23145596390845,Soybean,64.34362334479617,9.56,131.893583212343
17069,212.86493588333315,Soybean,19.812345717046977,9.91,-16.524589827397605
13273,303.4354634666721,Cotton,601.1445187580644,0.9331695331695331,257.5342864702144
48115,341.5350196770957,Cotton,337.44957110641525,0.9193667157584683,-31.29511575488698
19031,299.56576044605725,Soybean,42.537600448643516,9.91,121.98186
18011,313.48012581445937,Wheat,90.74614665137094,5.036799276672695,143.59
19153,177.49505063419934,Soybean,30.219668076104874,9.91,121.98186
35015,316.5752260729637,Cotton,694.2551358384721,0.9193667157584683,321.69983806130176
48095,533.9094392859522,Wheat,6.809368774680696,4.506692111959287,-503.2217107416768
20151,764.1569224333812,Wheat,24.18477723450229,4.506692111959287,-655.1635776411572
37177,227.8589800272149,Soybean,22.768832831658617,10.7,15.767531271532278
13121,93.545970132498,Barley,53.92890563691802,4.106072013093289,127.89
18099,313.56874745353997,Soybean,43.95061629198183,9.91,121.98186
5009,107.47025985101908,Soybean,22.629314082404832,10.57,131.72159
56005,392.3263030291537,Soybean,53.26541017077083,9.54,115.82570999999999
39097,455.82180683806587,Soybean,53.62305728494856,9.91,75.58269085577433
54091,286.76305257351413,Barley,100.98533373289214,4.106072013093289,127.89
29129,236.7980969033136,Soybean,36.20282108005183,9.91,121.97185999999999
48131,275.9532804176223,Rice,5078.560975183114,0.1645,559.47
26109,572.6819481132766,Soybean,73.13663672956683,9.75,140.40026
53049,315.4702022175319,Wheat,89.24705702328839,5.226505139500734,150.98
29055,89.97092906805204,Barley,46.12364406320232,4.156456692913386,101.73999999999998
8103,526.2919396574796,Soybean,68.84785804077643,9.56,131.893583212343
17049,150.94743039356885,Wheat,58.47710305981064,5.036799276672695,143.59
31033,538.5845972762049,Soybean,68.59646826794601,9.54,115.82570999999999
40079,138.50378015961485,Soybean,25.565314111600266,10.57,131.72159
46021,413.81762725257556,Soybean,55.518169523330776,9.54,115.82570999999999
51011,165.8396037236522,Soybean,29.276344273238525,10.7,147.41728
38095,320.75257520404796,Soybean,45.762922977363516,9.54,115.82570999999999
30047,473.46165661279156,Wheat,60.751674794901675,5.272096219931272,-153.17298157209657
19137,186.3275006639691,Soybean,31.110934476687092,9.91,121.98186
24510,210.32983807911347,Soybean,35.97231775170395,9.75,140.40026
27119,552.9559900463097,Soybean,70.10290356879557,9.54,115.82570999999999
42113,524.3709226796341,Soybean,68.18165976201375,9.75,140.40026
8017,274.5445461245733,Soybean,42.52562294007915,9.77,140.93079
48309,37.07675982998673,Wheat,28.365984774231585,4.506692111959287,90.76
20133,61.95983890913975,Barley,46.23636368377215,4.106072013093289,127.89
38101,407.97929199787495,Soybean,54.90618469579402,9.54,115.82570999999999
48173,1055.3146615101437,Cotton,213.8630097118833,0.9193667157584683,-858.6961286491081
21017,234.7524178114273,Wheat,68.80202725429234,4.905849889624724,102.78
27141,508.43719854360666,Soybean,66.54743164549812,9.75,140.40026
28053,190.4572371888837,Corn,109.98403039358347,4.3357861635220125,286.40999999999997
16021,1172.0184265113205,Wheat,206.74749413940577,5.272096219931272,-82.02574417869656
17007,402.74957995739317,Soybean,52.94969121668952,9.91,121.98186
12077,342.21191107784364,Cotton,817.3482680364809,1.30784140969163,726.7499999999999
12029,51.340969692888166,Rice,3713.1365938777394,0.1645,559.47
39013,344.415816936764,Soybean,45.04611229297672,10.57,131.72159
1071,294.6667743209745,Soybean,18.577716060393534,10.57,-98.30031556261486
17039,260.83730615244343,Soybean,38.62958286099328,9.91,121.98186
45071,109.30011400921518,Wheat,43.23004551316151,4.905849889624724,102.78
29073,250.84343079975594,Soybean,37.62011007061109,9.91,121.97185999999999
13229,902.6760888839586,Cotton,1064.831749420622,1.30784140969163,489.95496736271195
40111,303.46770987505244,Soybean,12.592220466439867,10.57,-170.36793954478304
19171,386.7738419637772,Soybean,51.33760867444775,9.91,121.98186
13087,530.2129146069979,Cotton,1109.9300585704268,0.9331695331695331,505.53999999999996
39083,264.83268856114057,Soybean,39.03274960253689,9.91,121.98186
26133,491.46224472260246,Soybean,64.80641074077974,9.75,140.40026
47101,93.68134690165598,Wheat,40.04634290118575,4.905849889624724,102.78
29099,199.704608043902,Soybean,32.45978486820403,9.91,121.97185999999999
19117,223.59414708955904,Soybean,34.87043462054077,9.91,121.97185999999999
47009,560.3390234006704,Soybean,25.955651385239282,10.57,-285.9877882586911
27097,382.56784481087925,Soybean,53.637754339577356,9.75,140.40026
35039,218.9462935527676,Soybean,36.69873187919567,9.56,131.893583212343
38069,612.164451996452,Soybean,76.30924129941846,9.54,115.82570999999999
47091,472.2665811088615,Soybean,57.141738042465605,10.57,131.72159
55083,761.0286827846564,Soybean,92.45425054201604,9.75,140.40026
20059,101.75632118410577,Wheat,42.71787741461868,4.506692111959287,90.76
22091,334.37756682810345,Corn,143.1776253291583,4.3357861635220125,286.40999999999997
37049,419.10108748086486,Cotton,990.8714918502159,0.9331695331695331,505.54999999999995
19097,385.41890270490893,Soybean,51.20088422854782,9.91,121.98186
27037,485.0871174495003,Soybean,61.25822174061557,9.91,121.98186
48493,141.10913273439166,Corn,64.65383103345637,4.347042253521127,139.9438026200587
30073,428.0581345909143,Soybean,57.01088517724469,9.54,115.82570999999999
54085,440.5480183680828,Soybean,54.14092794400027,10.57,131.72159
38057,248.91593331476017,Soybean,38.23287665773167,9.54,115.82570999999999
42041,296.4285751783034,Wheat,76.22052403535767,5.771786283891547,143.5
46077,520.175238259424,Soybean,64.79889992526982,9.91,121.98186
45001,38.18528366702449,Wheat,28.73412086357329,4.905849889624724,102.78
36011,404.4525527003656,Soybean,55.882339764140056,9.75,140.40026
18025,210.02087433274858,Soybean,33.501789539126996,9.91,121.98186
55111,461.63116247304265,Soybean,61.74681256133771,9.75,140.40026
18095,318.4982638101492,Soybean,32.387399706373245,9.91,2.4608672800096656
20095,524.8965576601111,Wheat,25.463233453010208,4.506692111959287,-410.14160431245216
47121,186.6393612330432,Barley,76.60103384209621,4.106072013093289,127.89
13305,855.419349497751,Cotton,1100.14163367798,1.30784140969163,583.3914355521113
37005,216.24009556836,Soybean,33.987605193304674,10.7,147.42728
12133,312.41729795919184,Barley,100.22181815064292,4.940314465408805,182.71000000000004
53045,358.7907284498857,Wheat,97.53567916678293,5.226505139500734,150.98
19163,213.54080889422482,Soybean,33.856979706783534,9.91,121.98186
37081,205.30323056995428,Soybean,32.96453369812657,10.7,147.41728
1103,240.9697076572309,Barley,89.83274196872944,4.106072013093289,127.89
38045,414.8386755213111,Soybean,55.62414942571395,9.54,115.81570999999998
47169,152.21421441947535,Soybean,26.862422367026994,10.57,131.72159
45083,202.60757805713212,Soybean,32.713538136180574,10.7,147.42728
27013,557.8641397998965,Soybean,68.60201814327917,9.91,121.98186
17021,372.53277038206,Wheat,102.47038685309894,5.036799276672695,143.59
1047,84.88220020458112,Cotton,400.6595719317835,0.9331695331695331,289.00110549490626
21145,250.71685974681452,Soybean,19.104668064187898,9.91,-61.38959923071245
26031,615.6570844699312,Soybean,77.54434302255704,9.75,140.40026
36109,433.90890321818154,Soybean,58.90350391981349,9.75,140.40026
29005,338.6823555480549,Soybean,46.48478461635266,9.91,121.98186
51678,170.46363786047613,Soybean,28.588952493895565,10.57,131.72159
37101,276.3965237878757,Soybean,21.465409848435797,10.7,-46.7166384096127
51119,284.37114817648956,Barley,100.40280512905925,4.106072013093289,127.89
47105,172.3746701948666,Soybean,19.694445100222097,10.57,35.79561451448096
13111,348.6258376717478,Barley,116.05150522257082,4.106072013093289,127.89
20125,84.9560160510611,Wheat,38.99002010471677,4.506692111959287,90.76
46031,200.95366054883803,Soybean,33.205384753546966,9.54,115.82570999999999
39129,338.52359716216756,Soybean,31.06250447781746,9.91,-30.69417778699652
45035,160.83150239378165,Cotton,678.6614155328361,1.30784140969163,726.7499999999999
45053,139.7473462342931,Barley,65.27061151513362,4.940314465408805,182.71000000000004
28063,270.97137479318894,Soybean,17.60000740511393,10.08,-93.5633001496405
37099,214.6488852309165,Soybean,32.769202954675166,10.57,131.72159
48375,1136.0782583229716,Wheat,9.490245072018084,4.506692111959287,-1093.3086457163472
29153,175.55612056817938,Soybean,29.070738937386885,10.57,131.72159
48007,48.38775767845178,Barley,46.77794486495887,4.940314465408805,182.71000000000004
5113,61.14769646222901,Barley,46.03857308382139,4.106072013093289,127.89
51191,334.86117133064755,Soybean,44.14217231131954,10.57,131.72159
50021,407.02759438339376,Soybean,56.146446603425005,9.75,140.40026
24045,335.17017933990155,Soybean,45.102566293448746,10.7,147.42728
31185,772.0889815744451,Corn,135.1310446755443,4.331437125748503,-186.77735782561297
5103,142.93985872234316,Barley,65.95838014012686,4.106072013093289,127.89
36105,316.02439136337614,Corn,57.58023191638653,4.472243589743591,-58.51156827936717
48063,86.5576096589962,Soybean,21.86774669710245,10.7,147.42728
51181,276.9067016830868,Wheat,77.39468394377049,4.905849889624724,102.78
13309,377.8856667540909,Cotton,313.26295957169066,0.9331695331695331,-85.55821701127002
55065,695.2482006047006,Soybean,85.70753442099493,9.75,140.40026
21179,316.84552739458354,Wheat,85.53574545402225,4.905849889624724,102.78
31099,873.9459275431188,Corn,127.80420413133643,4.347042253521127,-318.3756520065601
22105,104.46060873951649,Corn,90.1498814743224,4.3357861635220125,286.40999999999997
22039,155.40156014207145,Rice,4247.748300171805,0.1017,276.5944419854011
48293,188.22799973809964,Rice,5613.610617151324,0.11300000000000002,446.11000000000007
51023,190.77032664435654,Soybean,30.510115103534204,10.57,131.72159
41007,173.85657931051307,Wheat,62.15177650079635,5.226505139500734,150.98
26115,369.3576359998329,Soybean,39.56055363008339,9.75,16.357761893480173
42101,243.4143415165429,Barley,70.5212002350057,5.112992125984253,117.16000000000001
39137,482.11454218179796,Soybean,37.442249132407866,9.91,-111.061853279636
20007,341.5753012742173,Wheat,13.546990250547374,4.506692111959287,-280.52318717128605
55078,536.5548906537896,Soybean,69.43129750295277,9.75,140.40026
45051,192.63965203918988,Soybean,15.937385262712652,10.7,-22.10962972816452
13293,113.00827965910122,Soybean,24.339771930757127,10.7,147.42728
29205,157.91147438969963,Wheat,59.85973588148846,5.036799276672695,143.59
20169,275.3857599640848,Wheat,43.93807656106899,4.506692111959287,-77.37037691165192
27051,575.2112035945124,Soybean,60.80541291730214,9.91,27.370438415951867
51009,189.79986737651075,Soybean,31.516555829580444,10.7,147.42728
8011,342.08434596729825,Soybean,49.43860142961088,9.77,140.93079
48195,436.0583313678838,Corn,162.2271628017099,4.347042253521127,269.1499999999999
17005,400.8096332303331,Soybean,15.159313195797067,9.91,-250.58083945998413
6055,236.61439524963203,Rice,4839.418816107185,0.1645,559.47
28077,72.75444512832976,Soybean,20.577731320404652,10.7,147.42728
30065,302.7666653023644,Soybean,45.466553191915,9.56,131.893583212343
51029,212.08555109132374,Barley,82.79824367600528,4.106072013093289,127.89
37027,174.44279387746786,Soybean,30.081315315651203,10.7,147.42728
45027,352.23477007390716,Soybean,20.32568820378623,10.7,-134.74990629339453
47045,72.04564632298352,Wheat,35.63615892380207,4.905849889624724,102.78
41017,232.61817420352736,Corn,119.70797327834876,4.3357861635220125,286.40999999999997
6053,348.5122912066985,Cotton,822.1656565074122,1.30784140969163,726.7499999999999
51690,263.8441540382582,Soybean,38.436582620397964,10.7,147.42728
20147,312.7502887049118,Wheat,16.303112638469784,4.506692111959287,-239.27717957673622
28101,256.45680745007553,Cotton,816.5791749135881,0.9331695331695331,505.54999999999995
1033,43.42050564005646,Wheat,29.801259502304127,4.905849889624724,102.78
13181,197.6487966376921,Barley,79.28229110440004,4.106072013093289,127.89
27033,518.102090945378,Soybean,64.58970241628435,9.91,121.98186
29085,74.91676126478085,Soybean,19.868680248716533,9.91,121.98186
26111,641.7912289132629,Soybean,80.22374245264236,9.75,140.39026
51580,436.78126081828043,Barley,137.52103202712416,4.106072013093289,127.89
35029,380.2073778917088,Cotton,889.1388167579117,0.9493538713893943,463.9
31135,530.3676543387484,Soybean,68.71017854030178,9.77,140.93079
12119,69.77504620416732,Soybean,21.095044918045012,9.56,131.893583212343
28045,126.85828779170963,Barley,62.04184607074055,4.106072013093289,127.89
36071,266.3828053469653,Barley,75.01337688313636,5.112992125984253,117.16000000000001
46095,95.60015642474224,Soybean,22.16204050573818,9.54,115.82570999999999
48467,25.709941579112325,Soybean,16.181048745711433,10.7,147.42728
39035,415.1844624444881,Soybean,56.98304845584494,9.75,140.40026
20079,505.1103471364842,Corn,178.11199017201392,4.347042253521127,269.1499999999999
6049,361.4181389283566,Soybean,51.601644575386985,9.56,131.893583212343
37163,334.99215535246253,Soybean,21.73150296872616,10.7,-102.4650735870926
49029,400.0381258982615,Soybean,55.64139216638122,9.56,131.893583212343
41059,646.5270622610601,Wheat,41.200751543319456,5.226505139500734,-431.1911225686082
12033,112.6301021492867,Rice,4085.7149066825937,0.1645,559.47
18005,210.30310201075247,Soybean,33.52925953690741,9.91,121.97185999999999
47089,414.59908860228836,Soybean,41.52318257448151,10.57,24.30095120998122
21201,190.68806368935452,Soybean,30.50233242094177,10.57,131.72159
1057,83.18945920782325,Barley,51.40666275085798,4.106072013093289,127.89
40119,129.43038653814466,Wheat,21.919042627749846,4.506692111959287,-30.64801002596505
13227,206.36208647566428,Soybean,33.06442677342657,10.7,147.42728
8083,336.7770183265487,Wheat,3.316987441093899,5.272096219931272,-319.28954137679807
19121,320.68775258324166,Soybean,42.42208970118436,9.91,99.71515635549537
51700,314.8196133968689,Soybean,43.200644242698026,10.7,147.42728
20191,141.98039933808283,Wheat,24.43802815988807,4.506692111959287,-31.84573059807633
47031,289.13782915442937,Soybean,21.1102891406335,10.57,-66.00207293793324
12081,316.3961650601128,Corn,139.0304185505417,4.3357861635220125,286.40999999999997
5031,129.3321979380739,Wheat,47.31335103199203,4.905849889624724,102.78
51131,Inf,Soybean,46.00786394119244,10.7,-Inf
18141,402.46669152593324,Soybean,52.92114546174906,9.91,121.98186
13063,53.29540095145704,Barley,44.126211224182086,4.106072013093289,127.89
28109,338.35340808875594,Cotton,904.3409349450334,0.9331695331695331,505.54999999999995
9001,584.3197090863449,Wheat,126.09955970088735,5.771786283891547,143.5
22085,145.92054640962425,Barley,66.68430206204552,4.106072013093289,127.89
48463,730.0373948286255,Corn,118.48138932406556,4.347042253521127,-214.99378918102548
21215,165.40761672643583,Soybean,28.110615584336404,10.57,131.72159
37065,202.21011314500583,Soybean,20.983635349851717,10.7,22.314785098407512
51590,482.6963271981725,Soybean,58.890056747492764,10.7,147.42728
50011,484.35356664960625,Corn,173.36344747135257,4.472243589743591,290.97
41019,243.1717023373956,Wheat,75.4140083702371,5.226505139500734,150.98
49007,226.01728449742666,Soybean,37.43837528344871,9.56,131.893583212343
51091,831.7780489663095,Soybean,91.15417587193089,10.57,131.72159
32011,401.6128275885507,Soybean,55.80610991641148,9.56,131.893583212343
18003,317.7188934322901,Soybean,43.26113843618942,9.91,110.99898847034706
28041,88.80383305505788,Corn,48.60466512712995,4.9799999999999995,153.24739927804924
17081,158.10678135656107,Wheat,59.89851188905461,5.036799276672695,143.59
24037,407.9701289935115,Soybean,22.181443996670904,10.7,-170.6286782291328
20189,496.1513228507501,Corn,77.78719259197632,4.347042253521127,-158.00710987064343
28127,27.716562696128292,Barley,37.89669596634835,4.106072013093289,127.89
1037,150.1088506010692,Soybean,27.807115009445724,10.7,147.42728
30039,716.5171822991738,Soybean,88.74589597400802,9.56,131.893583212343
42115,357.73570185065734,Soybean,51.0908678821187,9.75,140.40026
48485,192.45584018433345,Wheat,14.899000386707852,4.506692111959287,-125.31063266547879
21185,163.74349647096724,Wheat,54.32769091337916,4.905849889624724,102.78
21063,249.8395109167173,Soybean,36.09849582939615,10.57,131.72159
45043,131.2064411278377,Barley,63.100802981935196,4.106072013093289,127.89
13199,157.4290345693164,Barley,69.48709951006745,4.106072013093289,127.89
48147,146.847494670169,Barley,66.91005267177397,4.106072013093289,127.89
24039,376.9420916650487,Wheat,97.78572570669203,4.905849889624724,102.78
39021,464.3284889498832,Soybean,41.812158617885075,9.91,-49.96999704664209
26135,896.0267829299497,Soybean,106.3002095312769,9.75,140.40026
17019,335.9048511290011,Soybean,46.204511718365396,9.91,121.98186
18135,584.5827591332579,Soybean,50.11979226814796,9.91,-87.89561775591163
18077,149.32969515638078,Wheat,58.15591987415533,5.036799276672695,143.59
48155,203.39198490994528,Wheat,5.097261133595953,4.506692111959287,-180.42019836657175
1021,136.00670406533789,Soybean,25.329072286219287,10.57,131.72159
12073,68.90381508539102,Barley,50.930728569435374,4.940314465408805,182.71000000000004
13223,164.653958376344,Soybean,28.039313942889688,10.57,131.72159
32023,169.70456387995605,Wheat,55.3962886291486,5.272096219931272,122.35
41029,281.9778503410166,Soybean,43.29199095746439,9.56,131.893583212343
27127,342.18129267697094,Soybean,46.83785597144005,9.91,121.98186
46129,323.1120397111039,Soybean,46.010246300954286,9.54,115.82570999999999
17089,383.978392630865,Soybean,51.0555249879783,9.91,121.98186
31035,580.0346411593548,Corn,129.90424686654003,4.347042253521127,-15.335391118665768
48413,143.61117913649377,Soybean,29.124050065147777,9.77,140.93079
48335,768.523906367857,Cotton,230.3839505353717,0.9193667157584683,-556.7165704006909
39119,200.3310544429709,Wheat,61.785635774142605,4.905849889624724,102.78
28015,167.07976314679058,Cotton,817.6536330907902,0.9055176093916756,573.32
13299,89.89086146462739,Soybean,23.199209694243763,9.56,131.893583212343
51097,513.45177220764,Soybean,37.47682975538008,10.7,-112.44969382507315
24029,220.77567047188376,Barley,84.91465063449245,4.106072013093289,127.89
13085,128.71075578099197,Barley,62.49299938304858,4.106072013093289,127.89
41041,239.48896139987338,Wheat,74.70938054739447,5.226505139500734,150.98
51001,185.2542200403973,Wheat,58.71239979224694,4.905849889624724,102.78
26155,630.7812128540215,Soybean,52.364622033053834,9.75,-120.22614803174667
12051,217.92749865517862,Rice,4725.820660517803,0.1645,559.47
19133,440.7825334818092,Soybean,56.78752709200899,9.91,121.98186
31081,912.3224322717454,Corn,115.76529818987629,4.331437125748503,-410.89232181876923
13321,659.6167462204453,Cotton,921.1439801614259,0.9331695331695331,199.96675172871824
25023,229.57715736253664,Barley,67.81492105188596,5.112992125984253,117.16000000000001
47159,171.0460977052544,Soybean,24.445072004718185,10.57,87.33831338461681
39103,330.8814201821259,Wheat,82.18970641828422,5.771786283891547,143.5
32021,223.0186484065338,Wheat,65.50879081092266,5.272096219931272,122.35
19043,402.7077151017362,Soybean,52.94546671056874,9.91,121.98186
13119,158.04878930391214,Barley,69.63803566818146,4.106072013093289,127.89
27015,673.2479728173081,Soybean,80.2451899916557,9.91,121.98186
35019,276.1441925323308,Corn,125.44027886792212,4.347042253521127,269.1499999999999
17171,322.74506572180735,Barley,102.12666631304967,4.156456692913386,101.73999999999998
12013,132.58966847824206,Soybean,27.66561210152563,9.56,131.893583212343
56013,311.30053878471307,Soybean,46.35921778211883,9.56,131.893583212343
19185,209.1287425630175,Soybean,33.41075706993113,9.91,121.97185999999999
21217,372.9232003986541,Wheat,96.96652182626063,4.905849889624724,102.78
22055,371.52927339173766,Soybean,25.34571792500023,10.08,-116.04443670773537
22073,95.23684521522544,Barley,54.340704328547304,4.106072013093289,127.89
31053,419.41535572165435,Soybean,54.63140421005593,9.91,121.98186
29207,204.1494599205768,Wheat,69.03976926995851,5.036799276672695,143.59
1125,77.5138631733109,Barley,50.02441811013706,4.106072013093289,127.89
1081,86.56655846085903,Soybean,21.868583033725145,10.7,147.42728
47051,235.6017141658816,Wheat,68.97514636179916,4.905849889624724,102.78
29041,246.15421651281534,Wheat,77.37934253561917,5.036799276672695,143.59
13159,70.21747343659372,Barley,48.247442520461405,4.106072013093289,127.89
46017,422.52348002879114,Soybean,27.05908302893902,9.54,-164.3798279327129
48319,7.918800135975914,Soybean,15.235372583006747,9.77,140.93079
55047,572.2209206416962,Soybean,73.08935186068679,9.75,140.40026
28035,447.4780947990297,Barley,140.126157788835,4.106072013093289,127.89
53039,1982.0648460086993,Wheat,37.306278857006376,5.226505139500734,-1787.083387826908
48419,42.96309880537274,Soybean,17.79349334629652,10.7,147.42728
1035,353.76144654425104,Cotton,688.1489863935768,0.9331695331695331,288.39822183973047
18047,118.27897456782544,Soybean,24.24428199473516,9.91,121.98186
31083,497.7316718989382,Corn,130.10465266991488,4.347042253521127,67.83875063687208
47043,98.77867085454577,Wheat,41.08537264477208,4.905849889624724,102.78
28083,111.07983262554384,Wheat,43.59282029355023,4.905849889624724,102.78
39077,598.1969103235845,Soybean,38.632219057943715,9.75,-221.53277450863328
16059,682.0977798125784,Soybean,85.14554006536834,9.56,131.893583212343
21159,210.9237530977869,Soybean,32.41677796573197,10.57,131.72159
16033,583.4112937158632,Soybean,74.82268587115128,9.56,131.893583212343
29061,255.5312324603123,Soybean,38.09314757419902,9.91,121.97185999999999
46089,368.4973135988992,Soybean,50.7665643185429,9.54,115.81570999999998
48087,394.7160815551246,Cotton,248.6197389940922,0.9193667157584683,-166.1433686433985
29147,304.86355914578803,Soybean,43.071182557597176,9.91,121.97185999999999
19195,465.1078346727336,Soybean,59.24214880653215,9.91,121.98186
31029,545.9657279470052,Soybean,70.30670603347035,9.77,140.93079
29093,61.03372042572319,Barley,46.010815159424936,4.106072013093289,127.89
53013,299.16217008601,Soybean,45.08951394334236,9.56,131.893583212343
48121,130.1807466076879,Wheat,13.313028114011576,4.506692111959287,-70.1830278199797
32017,162.51459526617282,Soybean,30.79583456888241,9.56,131.893583212343
17023,176.79359328753236,Soybean,30.14888529642102,9.91,121.98186
17155,172.4311830766127,Wheat,62.74246117772158,5.036799276672695,143.59
31119,350.2178228182976,Soybean,47.64880754977776,9.91,121.98186
21169,315.38292213222326,Barley,107.95546710304424,4.106072013093289,127.89
41065,380.27785333944536,Soybean,53.57441804935025,9.56,131.893583212343
53035,97.46394091026355,Barley,56.711762555195875,4.940314465408805,182.71000000000004
40115,265.51787657712487,Soybean,16.173725176719753,10.57,-94.56160145919705
41053,393.36056110857885,Wheat,104.14809640091093,5.226505139500734,150.97
5043,161.76210799867255,Corn,103.36582365829057,4.3357861635220125,286.40999999999997
26097,686.8311777865553,Soybean,84.84425002939028,9.75,140.40026
8067,482.490085157711,Soybean,64.26607409728598,9.56,131.893583212343
18079,271.5313634906786,Wheat,82.41769041964035,5.036799276672695,143.59
12091,225.94374970231638,Rice,4774.551669922896,0.1645,559.47
48405,212.416178414336,Corn,106.10565831613175,4.9799999999999995,315.99000000000007
51117,103.39088923093136,Barley,56.32655454980611,4.106072013093289,127.89
42027,287.40240495674584,Soybean,43.87719640582009,9.75,140.40026
12117,70.55229584267136,Rice,3829.9227710800687,0.1645,559.47
38081,402.69870622633835,Corn,166.75744901620993,3.9981944444444446,264.03
47179,341.8014620753169,Soybean,44.79877503077738,10.57,131.72159
29051,147.7690852812313,Soybean,27.219066123232217,9.91,121.97185999999999
1127,178.37443923856858,Soybean,29.33737268103771,10.57,131.72159
36035,199.82675190666714,Soybean,34.895078144273555,9.75,140.40026
21117,305.11274842403805,Soybean,41.327751979568404,10.57,131.72159
42059,453.05430236148777,Soybean,55.324114698343216,10.57,131.72159
4005,465.84327409856985,Cotton,911.8791202518705,1.30784140969163,726.7499999999999
40015,649.3524126780173,Cotton,1096.9098569617522,0.9193667157584683,359.11
37189,237.91152010471598,Soybean,36.01297197240336,10.7,147.42728
17181,134.3437203728754,Corn,98.48780162061269,4.331437125748503,292.25
33007,486.8072622004879,Soybean,64.32897663594748,9.75,140.40026
36115,253.30028305720833,Soybean,40.379542877662395,9.75,140.40026
30045,446.5414514086369,Soybean,60.50575675951672,9.56,131.893583212343
22127,170.75275948153887,Barley,72.73198290951497,4.106072013093289,127.89
42085,271.9232717119917,Soybean,42.28959299610171,9.75,140.40026
29071,123.39185289284126,Soybean,21.805184010536937,9.91,92.6975206515798
4025,1563.5934929621121,Cotton,2135.6562121507372,0.9493538713893943,463.9
17157,152.82872180328988,Soybean,20.526575808896983,9.91,50.58964446287922
37021,177.48384979605936,Soybean,29.253116347782342,10.57,131.72159
55037,429.514829496194,Soybean,58.45282969191734,9.75,140.40026
46063,296.18346086652934,Soybean,43.1875441159884,9.54,115.82570999999999
30061,643.365689025253,Soybean,81.09406613363974,9.56,131.893583212343
8071,124.93837693309473,Soybean,27.212811354462104,9.77,140.93079
36091,499.2425052831238,Soybean,65.6043861828845,9.75,140.40026
55119,624.4068816443774,Soybean,78.44175811737205,9.75,140.40026
31087,498.7120295939005,Soybean,65.47009412424775,9.77,140.93079
13027,337.4995999816762,Cotton,719.4384982874243,0.9331695331695331,333.85848760938944
40105,260.48091421729123,Wheat,31.963589258455695,4.905849889624724,-103.67234338168632
5133,78.04491454091624,Soybean,19.845459275394155,10.57,131.72159
28017,85.46968161870537,Soybean,13.74041127075462,10.08,53.03366399050121
54077,480.48193880315455,Soybean,57.91897150455578,10.57,131.72159
20199,415.45751109637297,Soybean,56.94864903749979,9.77,140.93079
29171,279.4395984379366,Soybean,40.505697117854346,9.91,121.97185999999999
13045,263.1416517815068,Soybean,38.370928203879146,10.7,147.42728
38093,408.77560360709197,Soybean,54.988607296340874,9.54,115.81570999999998
29127,215.36865369180853,Wheat,71.26721435064538,5.036799276672695,143.59
42093,484.7148177955946,Soybean,64.11436695339432,9.75,140.40026
37041,1023.5585898383841,Cotton,1124.2717587766435,0.9331695331695331,25.577562454906342
38073,346.3855795050425,Soybean,48.44877248480529,9.54,115.81570999999998
54027,323.13365159142666,Soybean,43.03266240221633,10.57,131.72159
35028,326.7292441430712,Soybean,47.97309909575462,9.56,131.893583212343
29049,416.14206024796,Soybean,38.185538293226315,9.91,-37.72337576208717
46073,369.0688173013232,Soybean,50.827518585044366,9.54,115.82570999999999
48495,26.97366561220008,Rice,3565.0070857884502,0.1645,559.47
8007,264.08173011399015,Soybean,41.42001185421895,9.56,131.893583212343
1003,786.4514825705853,Cotton,1384.530288062739,0.9331695331695331,505.54999999999995
40089,20.555735215195554,Barley,36.15273544687899,4.106072013093289,127.89
22003,57.43706549061474,Soybean,21.515510465338764,10.08,159.43928
30095,505.8008430061563,Wheat,2.8569695512453563,5.272096219931272,-490.7386246345769
54047,298.61146888367665,Soybean,40.712682959666665,10.57,131.72159
40107,100.71499099627118,Soybean,20.4868064456644,9.77,99.44110797786999
5003,188.5441859865307,Barley,77.06493821284603,4.106072013093289,127.89
33001,660.5473145439619,Soybean,82.14846918399608,9.75,140.40026
48015,559.3443243035981,Corn,116.97608717476274,4.347042253521127,-50.84433070333375
35025,583.0696997559435,Cotton,1024.8029253252473,0.9193667157584683,359.1
5049,152.2515607985908,Barley,68.22616844158743,4.106072013093289,127.89
26159,329.12763090270613,Soybean,48.15670675925191,9.75,140.40026
28067,184.1437705495477,Barley,75.99325329768841,4.106072013093289,127.89
37133,418.4748162706301,Soybean,20.937846617968702,10.7,-194.43985745836494
39017,266.670714850645,Soybean,36.54404499041836,9.91,95.48077100440088
21127,425.63416059479414,Soybean,52.729966943689135,10.57,131.72159
42023,419.2863397072265,Soybean,57.40375381612579,9.75,140.40026
39095,409.2554814002294,Wheat,109.76126921727139,5.036799276672695,143.59
19189,576.8339276020315,Corn,200.6433205357562,4.331437125748503,292.24
6033,178.4459935584623,Rice,4485.811510993692,0.1645,559.47
54053,148.38567046924334,Soybean,26.499267783277517,10.57,131.71159
41023,920.1670118268739,Soybean,110.04817939740762,9.56,131.893583212343
48447,212.10135478184793,Wheat,11.157164690410028,4.506692111959287,-161.81944867974636
21189,410.5570716220774,Soybean,51.30356306736777,10.57,131.72159
37055,139.10546927965555,Corn,91.38463238547303,4.9799999999999995,315.99000000000007
30007,322.7379626917301,Soybean,47.55560103599091,9.56,131.893583212343
20203,398.22391592279325,Soybean,55.18471913232275,9.77,140.93079
13225,151.13274020914264,Barley,67.95368890740477,4.106072013093289,127.89
35017,770.2880988578187,Cotton,1300.0295633192763,0.9493538713893943,463.9
41003,368.1706478009145,Corn,150.97161693721318,4.3357861635220125,286.40999999999997
29219,167.07400223345022,Wheat,61.67885301132639,5.036799276672695,143.59
29033,231.26947895829122,Wheat,74.42414485214965,5.036799276672695,143.59
12063,123.7129467966455,Rice,4153.087822472009,0.1645,559.47
28011,346.80714304012076,Wheat,91.64306963222477,4.905849889624724,102.78
31007,585.062805817437,Soybean,73.46839788442736,9.54,115.82570999999999
46093,162.92045559623872,Soybean,29.218675639018738,9.54,115.82570999999999
49055,378.435339708222,Soybean,53.381686497967046,9.56,131.893583212343
38031,437.4509467525322,Soybean,57.95364227360529,9.54,115.4268005376622
51049,133.37856931466393,Barley,63.629806900984796,4.106072013093289,127.89
12055,305.44935590174725,Rice,5257.868424934633,0.1645,559.47
46005,215.3910801006468,Soybean,34.71874110069673,9.54,115.82570999999999
1091,154.08486320563088,Cotton,706.8756959575876,0.9331695331695331,505.54999999999995
19045,399.7356220876022,Soybean,52.64555823285592,9.91,121.98186
8125,373.5558898545706,Corn,147.8467087210812,4.347042253521127,269.13999999999993
30031,367.5251162114929,Soybean,52.24044973052676,9.56,131.893583212343
5085,312.5942622392044,Barley,107.27631196788673,4.106072013093289,127.89
46029,567.511127466028,Soybean,71.62755109706794,9.54,115.81570999999998
49051,455.90519312920554,Soybean,61.4852276507896,9.56,131.893583212343
6105,657.4718939772056,Soybean,82.5696105846808,9.56,131.893583212343
20045,186.19396677296675,Soybean,30.845220447713043,9.77,115.16383700118966
26075,401.20352029593414,Soybean,55.54910567137786,9.75,140.40026
29007,407.982382817077,Soybean,35.81408454436016,9.91,-53.06480498246775
5125,109.39468992465952,Barley,57.78873073049254,4.106072013093289,127.89
16007,501.99263387148375,Soybean,66.30608965311995,9.56,131.893583212343
37039,371.3528727722384,Soybean,47.59455655366494,10.57,131.72159
46099,403.68503190298907,Soybean,53.04408596397467,9.91,121.98186
47151,266.9019614218099,Cotton,769.7887831354916,0.9493538713893943,463.9
13221,103.19623945925538,Barley,56.27914920205398,4.106072013093289,127.89
40077,43.320285422692976,Barley,41.69685404365632,4.106072013093289,127.89
19021,347.6864538424667,Soybean,47.393371729815,9.91,121.98186
1073,129.8610113776151,Soybean,24.747644406586105,10.57,131.72159
40003,180.25413508375925,Wheat,11.134363143074072,4.506692111959287,-130.0749885351771
28073,129.39453492890118,Cotton,680.4171293208605,0.9331695331695331,505.54999999999995
46071,106.38367601830836,Soybean,23.292388471520795,9.54,115.82570999999999
18137,326.39217864833626,Soybean,37.471269499331875,9.91,44.94810209004265
48431,97.20673995609704,Soybean,24.37436335272232,9.77,140.93079
40151,370.7954067433392,Wheat,8.860875001793538,4.506692111959287,-330.862171267699
13073,113.38208000240682,Barley,58.759826723215625,4.106072013093289,127.89
28111,83.48145276843678,Soybean,21.580255398919327,10.7,147.42728
22043,150.49577491178383,Barley,67.79856125856479,4.106072013093289,127.89
31011,615.7423496034223,Corn,87.01148558947287,4.331437125748503,-238.85757055464865
13145,36.3331468467467,Wheat,28.356584481101653,4.905849889624724,102.78
29113,202.0775793451883,Wheat,68.62842062142607,5.036799276672695,143.59
54083,292.54592759080066,Soybean,40.13883799345323,10.57,131.72159
48503,304.67513149565747,Wheat,5.755388528170551,4.506692111959287,-278.7373674144903
42133,375.8463083076102,Barley,96.42227020107259,5.112992125984253,117.16000000000001
54101,255.93586575211475,Soybean,36.675255984116816,10.57,131.72159
27021,604.1237439031974,Soybean,76.36143629776383,9.75,140.40026
40153,169.72920800859663,Wheat,7.25268120151154,4.506692111959287,-137.04360684718915
28133,244.04933805631757,Wheat,70.69709547979025,4.905849889624724,102.78
54015,263.5639845955259,Barley,95.33539191404145,4.106072013093289,127.89
24027,497.37700483502067,Wheat,111.03616338388022,5.771786283891547,143.5
53007,192.86878588466465,Soybean,33.97095911056565,9.56,131.893583212343
34019,204.9030299818868,Barley,62.989150393007804,5.112992125984253,117.16000000000001
21093,351.1348612930161,Wheat,92.52522427418558,4.905849889624724,102.78
47025,189.00456625416115,Soybean,30.343061140412594,10.57,131.72159
29209,113.74808206213152,Soybean,23.22324238998406,10.57,131.72159
54103,535.7883035275601,Soybean,63.15136173392243,10.57,131.72159
38061,452.56991536149064,Soybean,59.58025423076422,9.54,115.82570999999999
47003,189.90686055239314,Soybean,22.03645968374159,10.57,43.01851830475549
37141,284.73252566948406,Wheat,78.98988643925406,4.905849889624724,102.78
26025,376.68846802499934,Soybean,53.034741335897365,9.75,140.40026
40141,160.99107252662924,Rice,5372.5758630675155,0.11300000000000002,446.11000000000007
37075,213.9310487367477,Soybean,32.70129032514169,10.57,131.72159
26005,499.3691012917129,Soybean,65.61737038889363,9.75,140.40026
46003,264.9560084274641,Soybean,39.91422625025829,9.54,115.82570999999999
48167,835.0885475771738,Rice,8477.559559739659,0.1645,559.47
30001,423.5781680673471,Soybean,58.103739673607755,9.56,131.893583212343
29095,159.60949943888548,Barley,62.87795561168176,4.156456692913386,101.73999999999998
46057,518.3517403323808,Soybean,66.47562372456822,9.54,115.82570999999999
47047,118.58893915905253,Soybean,23.233096770899067,10.08,115.60067629161006
13015,206.74049508387122,Soybean,22.699649668754436,10.57,33.19480191486319
13157,165.10561812498258,Barley,71.35666817111075,4.106072013093289,127.89
51193,468.73935286332573,Soybean,15.827452787942173,10.7,-299.3856080323445
18115,437.61787846572366,Soybean,44.72475313158064,9.91,5.604425068240516
48273,301.4665721036879,Rice,5233.656973274698,0.1645,559.47
29083,108.94690744960667,Soybean,23.30159106454154,9.91,121.97185999999999
48097,263.03971543364554,Wheat,22.812029282072203,4.506692111959287,-160.23292301034644
20071,389.77973583448943,Soybean,54.320422296263,9.77,140.93079
32027,271.2055527190682,Soybean,42.165181582783596,9.56,131.893583212343
4019,1027.218662286961,Cotton,745.086760041641,1.30784140969163,-52.763343691531986
27169,468.65524387406424,Soybean,59.60011138991566,9.91,121.98186
27121,317.47710391247637,Soybean,44.34500140388258,9.91,121.98186
22099,196.93570749178627,Barley,79.10862411959512,4.106072013093289,127.89
21225,146.5048144842901,Wheat,57.595071502616335,5.036799276672695,143.59
37131,128.932818185251,Soybean,25.828046559369255,10.7,147.42728
8055,462.1241385278887,Soybean,61.725171804287484,9.77,140.93079
22109,68.88527171482127,Rice,4561.998738592146,0.1017,395.06999999999994
18111,202.258014760927,Wheat,68.66424404932688,5.036799276672695,143.59
19091,310.1371358395324,Soybean,43.60433863163798,9.91,121.98186
20065,225.52901126073573,Soybean,37.50867976056661,9.77,140.93079
46041,251.71794079530704,Soybean,38.52658813367999,9.54,115.82570999999999
51610,73.51527264117546,Barley,49.050594339052466,4.106072013093289,127.89
22005,197.44883365574685,Cotton,851.1914353311665,0.9055176093916756,573.32
37139,456.8620522793728,Soybean,32.20858896166603,10.7,-112.23015038954628
47181,104.41650866239443,Barley,56.576335710047,4.106072013093289,127.89
30077,318.5913748042771,Soybean,47.121857533119254,9.56,131.893583212343
30015,402.78360771889425,Soybean,54.36156370219017,9.54,115.82570999999999
22025,87.29818117919056,Soybean,17.839374616110995,10.08,92.52271495120827
36111,228.39303564198548,Soybean,37.824953399178,9.75,140.40026
47053,226.77486532398697,Wheat,67.17589668223552,4.905849889624724,102.78
36079,183.8388134721078,Wheat,56.71360604353565,5.771786283891547,143.5
12105,148.33326777012434,Soybean,29.31243211113675,9.56,131.893583212343
41035,348.38970002726023,Corn,146.40936524222047,4.3357861635220125,286.40999999999997
34037,209.25261111263268,Barley,63.83984232125101,5.112992125984253,117.16000000000001
48239,560.1409822472675,Cotton,983.9809113787715,1.30784140969163,726.7499999999999
39029,399.68770815830317,Soybean,55.393637759825964,9.75,140.40026
25017,200.5051024912163,Barley,62.129002874234956,5.112992125984253,117.16000000000001
48075,156.08617541058211,Wheat,6.8740547479735605,4.506692111959287,-125.10692710071338
51061,239.95379848278657,Soybean,36.203839110540805,10.7,147.42728
1031,256.2368953816488,Cotton,555.757809573142,0.9331695331695331,262.37936033304237
22029,186.52994521567877,Soybean,23.125576038369775,10.08,46.5758612510886
54021,172.5397939602697,Wheat,56.12071305780015,4.905849889624724,102.78
54017,291.5306540772067,Soybean,40.042785626982656,10.57,131.72159
13049,181.01496132354123,Barley,73.62384801013745,4.940314465408805,182.71000000000004
47019,392.96110332600483,Soybean,49.63885461930036,10.57,131.72159
13109,274.4723540676771,Cotton,615.3641047485924,1.30784140969163,530.3263041603498
39167,570.0463888471309,Soybean,66.39242940843243,10.57,131.72159
41047,451.0249312072541,Wheat,115.18116124243592,5.226505139500734,150.97
35005,1187.6014877028538,Cotton,1682.3553226275335,0.9193667157584683,359.1
48233,732.3305372625535,Cotton,1187.1655984001184,0.9193667157584683,359.11
22067,160.26090846702886,Corn,94.37120683790751,4.3357861635220125,248.91246437564445
27101,659.3408144568859,Soybean,78.8418440420672,9.91,121.98186
13187,205.32800610103322,Barley,81.15249928361706,4.106072013093289,127.89
46047,453.47309054992274,Soybean,59.67492668238184,9.54,115.82570999999999
37185,159.91422477189934,Soybean,28.722570539429846,10.7,147.41728
21005,200.26428653877613,Wheat,61.772025919439145,4.905849889624724,102.78
26029,348.8186758211787,Soybean,50.17630110986448,9.75,140.40026
29115,310.40158266894457,Barley,99.15695341458306,4.156456692913386,101.73999999999998
12007,128.39902227811393,Corn,95.6710055878677,4.3357861635220125,286.40999999999997
51670,180.8071511141731,Soybean,30.676115057399358,10.7,147.42728
12037,212.80167287859314,Corn,115.13752155919916,4.3357861635220125,286.40999999999997
20173,605.9554596174908,Corn,201.3105483179168,4.347042253521127,269.1499999999999
32005,266.5176454827146,Soybean,41.674814717056236,9.56,131.893583212343
12041,125.00095952699292,Rice,4160.917687094182,0.1645,559.47
55045,619.153108500759,Soybean,77.90290958982143,9.75,140.40026
5065,241.6825714065301,Cotton,743.2239891473755,0.9493538713893943,463.9
48325,928.9144982820203,Corn,67.96424304721077,4.347042253521127,-633.4710620272156
31183,526.7006932493075,Soybean,67.35077602193999,9.54,115.82570999999999
28135,213.87774889727007,Cotton,869.3345559851757,0.9055176093916756,573.32
13233,94.75754831786867,Cotton,588.4608101932155,0.9493538713893943,463.9
51171,252.36797839210737,Soybean,37.36404284038387,10.7,147.42728
42057,252.75145360919504,Soybean,40.32325267786616,9.75,140.40026
13099,313.89528006370455,Corn,126.48298796459933,4.9799999999999995,315.99000000000007
13153,369.2992000340396,Soybean,6.9214263209574325,10.7,-295.23993839979505
51036,186.92827432113577,Wheat,59.05363613628569,4.905849889624724,102.78
48169,115.1640427281067,Cotton,272.39406116439375,0.9193667157584683,135.26599067671333
55131,435.7430294106067,Soybean,59.09161942672889,9.75,140.40026
19019,415.0396933487232,Soybean,54.18986411187923,9.91,121.98186
17119,107.43362055498804,Wheat,49.8379241987213,5.036799276672695,143.59
18151,277.43455815559724,Soybean,40.30438124678075,9.91,121.98186
37135,282.7927059924535,Soybean,31.083846719145054,10.7,49.80445390239855
27081,478.87133956970786,Soybean,60.63099894749826,9.91,121.98186
48371,388.1245809136661,Soybean,54.395205452511405,9.56,131.893583212343
48139,87.95429394375316,Soybean,23.427337148797662,9.77,140.93079
51111,126.28154184112394,Soybean,14.566228575711477,10.7,29.57710391898887
55101,338.46160483832483,Soybean,49.114037419315366,9.75,140.40026
17117,92.34250216134714,Wheat,46.84175191456189,5.036799276672695,143.59
45025,549.6642134482466,Soybean,20.362009383595748,10.7,-331.79071304377214
36055,357.53041334174725,Soybean,51.069812650435615,9.75,140.40026
31107,303.84084849423374,Corn,70.50620806929396,4.331437125748503,1.5523587328548274
16041,1567.7632339048344,Wheat,33.5942614066527,5.226505139500734,-1392.182654005233
21231,528.242553395459,Soybean,41.95001578521365,10.57,-84.83088654575079
48421,1119.9342522199563,Cotton,1608.7641926429321,0.9193667157584683,359.11
48049,571.1301946140244,Wheat,6.927148756562339,4.506692111959287,-539.9116679544563
27017,670.7222101795019,Soybean,83.19204822353865,9.75,140.40026
30091,357.1487318518714,Soybean,49.578033737093435,9.54,115.82570999999999
1027,106.92074190065532,Soybean,23.770843168285545,10.7,147.42728
50025,380.2995149875236,Soybean,53.40510512692549,9.75,140.40026
31171,554.6135363963119,Soybean,70.27665056565115,9.54,115.82570999999999
13235,357.5691137242803,Cotton,601.7392083953339,0.9331695331695331,203.95558246379778
42123,446.03960198602283,Soybean,60.1476781524126,9.75,140.40026
31009,382.7116552538513,Soybean,52.25758545637855,9.54,115.82570999999999
44003,306.388507982808,Soybean,45.824489023877746,9.75,140.40026
54007,152.5959139833313,Soybean,26.89853396247221,10.57,131.72159
48343,146.9838717061421,Barley,66.94326617498051,4.106072013093289,127.89
45061,325.64975013071114,Soybean,21.199610435238704,10.7,-98.813918473657
47125,304.24815435045116,Soybean,15.970370108475297,10.08,-143.26682365702015
34003,196.87945942559998,Wheat,58.972983870792916,5.771786283891547,143.5
19039,214.54162523608682,Soybean,32.48436100992165,9.91,107.3783923722367
28091,68.75907910349503,Wheat,34.96623071698124,4.905849889624724,102.78
18143,268.40742139951965,Soybean,31.423554044649066,9.91,42.99999918295259
5115,134.07871575677035,Barley,63.80032179694225,4.106072013093289,127.89
27167,641.8833630729143,Soybean,77.07923542612657,9.91,121.97185999999999
19169,259.54542244292486,Soybean,38.499221235411184,9.91,121.98186
55011,522.2377791051425,Soybean,67.96287580565564,9.75,140.40026
20103,105.47475424348036,Soybean,25.219605347336785,9.77,140.92079
48225,202.19543496743614,Corn,104.05330019426431,4.9799999999999995,315.99000000000007
46081,364.56584378809885,Soybean,50.355508782819584,9.54,115.82570999999999
17043,210.58469373136,Soybean,33.55868352485974,9.91,121.98186
37199,477.22650270589236,Soybean,57.61098322666909,10.57,131.72159
1067,194.38034566433072,Soybean,31.944637912554274,10.7,147.42728
40017,220.01970412110273,Wheat,12.882990295617628,4.506692111959287,-161.96003337739472
27173,365.8951223138157,Soybean,49.23077520825587,9.91,121.98186
48091,68.65144175160725,Soybean,21.45161020999051,9.77,140.93079
29133,204.97795855164955,Wheat,69.20425838011819,5.036799276672695,143.59
8029,286.9919043241837,Soybean,43.816473591686886,9.56,131.893583212343
40067,14.8945077480046,Soybean,15.94936517379781,9.77,140.93079
56011,310.19330068481884,Soybean,44.65608078457221,9.54,115.82570999999999
48393,543.796009951288,Wheat,5.836834457503999,4.506692111959287,-517.4911941428426
6087,910.0495305140201,Cotton,1251.5275310788284,1.30784140969163,726.7499999999999
40083,45.49786997346035,Wheat,22.81317325098303,4.506692111959287,57.31407796550548
48329,176.83662675767417,Cotton,176.39224627462147,0.9193667157584683,-14.66746661491652
19129,178.09706904830256,Soybean,30.280416654722757,9.91,121.98186
39139,364.1175357241811,Soybean,49.18635732177593,9.75,115.44944816313419
37169,149.05985851814478,Soybean,27.708143786742507,10.7,147.41728
37187,360.95660838736376,Soybean,34.97753305297489,10.7,13.302995279467552
18041,465.78773875767354,Wheat,120.98511480890856,5.036799276672695,143.59
28039,288.4078341166278,Barley,101.38590672281265,4.106072013093289,127.89
31049,275.59190416912577,Soybean,41.02910001772807,9.54,115.82570999999999
12127,142.75914061016272,Barley,65.88024768241765,4.940314465408805,182.71000000000004
47013,221.14516502836193,Soybean,33.383798962002075,10.57,131.72159
32029,382.6979272312432,Soybean,53.82756385393161,9.56,131.893583212343
30071,307.1705433867295,Soybean,44.33922991475153,9.54,115.82570999999999
48027,90.20795407550753,Rice,4746.176584739004,0.11300000000000002,446.11000000000007
40073,159.4233391651012,Wheat,18.553511435391044,4.506692111959287,-75.80837553007795
26009,344.9232252373605,Soybean,49.77676771665236,9.75,140.40026
22059,66.49783394919606,Wheat,34.50530239565587,4.905849889624724,102.78
50017,618.9673394880525,Barley,143.97192902900233,5.112992125984253,117.16000000000001
13117,118.51242155978751,Barley,60.00927912955951,4.106072013093289,127.89
48259,-23.272974800597666,Soybean,12.042765117646095,9.77,140.93079
51730,89.55862426594665,Barley,52.95782041146735,4.106072013093289,127.89
46087,400.06619478965695,Soybean,52.678915720449744,9.91,121.98186
1019,187.05918054496232,Soybean,20.267381631759477,10.57,27.167043302735337
27155,566.4169549609903,Soybean,62.5248070975218,9.91,53.20388337545069
40075,210.03712132478682,Wheat,9.425913195645904,4.506692111959287,-167.55743267795646
13129,207.51217983636298,Soybean,32.093071886127056,10.57,131.71159
18147,117.88506820715824,Wheat,51.912941899064215,5.036799276672695,143.59
35055,324.135032961623,Corn,140.81530083247225,4.3357861635220125,286.40999999999997
48443,390.6308998311132,Corn,156.15181983078807,4.3357861635220125,286.40999999999997
8021,423.4053831950234,Soybean,58.08566594219313,9.56,131.893583212343
21043,286.0880177209629,Soybean,39.527872064424116,10.57,131.72159
33011,395.494317700098,Soybean,54.96354643077928,9.75,140.40026
6065,789.1829969519227,Cotton,1159.110719173021,1.30784140969163,726.7499999999999
22101,110.12309292235449,Rice,4967.483706217841,0.1017,395.06999999999994
19151,286.5453540920738,Soybean,41.22373502442722,9.91,121.98186
48177,146.6527823564242,Rice,5245.688339437383,0.11300000000000002,446.11000000000007
19063,401.9193740749015,Soybean,52.865916657406814,9.91,121.98186
48389,199.02233576417268,Rice,4610.895658140867,0.1645,559.47
28119,64.42923854992583,Wheat,34.08364346890292,4.905849889624724,102.78
51550,162.87751235134135,Soybean,29.000447883302932,10.7,147.42728
56025,212.19453240535637,Soybean,35.99248071314847,9.56,131.893583212343
13065,68.39418480363949,Soybean,20.170230355480328,10.7,147.42728
18075,351.1613372662001,Soybean,31.660243745449712,9.91,-37.408321748793455
1121,102.80260616605773,Soybean,23.385970669725022,10.7,147.42728
17057,213.34254697549198,Soybean,33.83697345867729,9.91,121.98186
26163,460.11770852044776,Soybean,37.036505307510375,9.75,-99.01178177222164
18033,695.4295268774481,Soybean,47.422667397431496,9.91,-225.47089296890204
26101,503.0443120255902,Soybean,65.99431507954772,9.75,140.40026
30043,347.11928159039303,Soybean,50.10594820112301,9.56,131.893583212343
20077,445.23877775773605,Wheat,20.81042949077099,4.506692111959287,-351.4525793251935
37173,487.6483301102936,Soybean,58.59696500570422,10.57,131.72159
13091,176.10077331245805,Soybean,30.236266664715707,10.7,147.42728
47005,216.14612207776148,Soybean,18.528524575628367,10.08,-29.378594355427538
28099,72.97100465539303,Barley,48.91804235651371,4.106072013093289,127.89
45089,98.07428951424288,Soybean,22.94313733777971,10.7,147.41728
39171,454.5834120294242,Soybean,46.56128285676093,9.91,6.838901081076642
41067,338.44937541723027,Wheat,93.64180505981143,5.226505139500734,150.97
51197,339.0824792651732,Soybean,44.5415391925424,10.57,131.72159
36053,462.98052473770497,Soybean,61.885208691046664,9.75,140.40026
48499,242.52879571524636,Cotton,801.6536857717358,0.9331695331695331,505.54999999999995
40045,408.7216310713291,Wheat,5.4632733974398455,4.506692111959287,-384.10033994560996
51071,694.059710404462,Soybean,78.12500476863406,10.57,131.72159
26081,330.0239212232334,Soybean,48.248633971613685,9.75,140.40026
48423,185.04758709760569,Barley,76.21337036947281,4.106072013093289,127.89
18139,338.8781436688994,Soybean,46.504541238032225,9.91,121.98186
51735,314.2942908806166,Wheat,85.01570579293059,4.905849889624724,102.78
13209,425.62699646213105,Barley,134.80450286724067,4.106072013093289,127.89
17195,298.78207287627936,Soybean,42.45851996733394,9.91,121.98186
31013,1165.4750767577855,Soybean,134.3082585699985,9.54,115.82570999999999
24043,329.1664827078373,Soybean,48.160691559778186,9.75,140.40026
35051,86.40754328255775,Soybean,22.834845867667443,9.56,131.893583212343
48459,87.58706241563246,Soybean,21.963957235105838,10.7,147.42728
42081,543.3836094691659,Soybean,70.13167891991445,9.75,140.40026
21053,180.30295893928644,Soybean,29.51982487599682,10.57,131.72159
21071,214.2256344922042,Wheat,64.6178830629597,4.905849889624724,102.78
19047,328.56310011656456,Soybean,45.46366903295303,9.91,121.98186
41009,298.8339068619242,Wheat,86.06399397990319,5.226505139500734,150.98
27111,629.9369194471702,Soybean,73.52904744067743,9.91,98.73594068994316
6019,1198.6979116670486,Cotton,1472.2334813676234,1.30784140969163,726.7499999999999
39169,388.73880637146647,Soybean,54.27067347399656,9.75,140.40026
17041,267.1096662504311,Soybean,39.26251526240475,9.91,121.98186
53051,296.11337375598237,Soybean,44.77060219333947,9.56,131.893583212343
51685,90.6627924611343,Soybean,22.251408641227506,10.7,147.42728
6051,229.5738634338241,Soybean,37.81040236884593,9.56,131.893583212343
27093,482.45485767561297,Soybean,63.882576171857735,9.75,140.40026
18127,375.8715241935823,Soybean,50.237475700664206,9.91,121.98186
45049,147.99473995799866,Barley,66.94001814530915,4.940314465408805,182.71000000000004
42005,359.9821000622361,Soybean,46.51879754609613,10.57,131.72159
22021,668.2471935800585,Cotton,294.27885337448777,0.9331695331695331,-393.63513335492223
29117,143.88881217377457,Soybean,26.82751485103679,9.91,121.97185999999999
38049,513.3264647586291,Soybean,65.94886527868229,9.54,115.82570999999999
29039,278.79877316802924,Soybean,19.719177959842746,9.91,-83.38171958598763
41013,444.3766627369425,Soybean,60.27931442984157,9.56,131.893583212343
54081,502.3800741183834,Soybean,59.99069669994166,10.57,131.72159
48053,112.08910138507758,Soybean,25.89763473746956,9.77,140.93079
36061,161.89844982448483,Wheat,52.91229349167345,5.771786283891547,143.5
40065,594.8280914564288,Cotton,1037.6034667183262,0.9193667157584683,359.11
13231,44.99082250820126,Wheat,30.121350190660863,4.905849889624724,102.78
47039,245.68147919963732,Soybean,21.476993903432405,10.08,-29.193380653038673
40149,157.58930675979883,Wheat,17.979743699092538,4.506692111959287,-76.56013765604881
26105,390.7504921683976,Soybean,54.47700022239976,9.75,140.40026
37035,168.49719007261118,Wheat,55.29667563745263,4.905849889624724,102.78
21001,185.24768764450766,Soybean,29.987632700521065,10.57,131.72159
42111,436.41424041700157,Soybean,53.74984204512786,10.57,131.72159
6025,3267.756869669479,Wheat,132.9346168691006,5.226505139500734,-2572.9734113855634
19029,294.4661937967994,Soybean,42.02301249210892,9.91,121.98186
27151,396.7318180628263,Corn,159.06310032002762,4.331437125748503,292.24
37089,413.01189147791774,Soybean,51.535807140768,10.57,131.72159
13165,44.839158663341664,Soybean,17.96882604330296,10.7,147.42728
21099,267.8095535214035,Soybean,37.79859446749323,10.57,131.72159
20161,139.19035517256594,Soybean,26.119789953251644,9.77,115.99999267070261
8009,378.1584633236615,Soybean,53.130936880620425,9.77,140.93079
29197,280.4963049904607,Soybean,40.61232744606062,9.91,121.97185999999999
17029,335.93203633501355,Wheat,95.20372164836105,5.036799276672695,143.59
55077,413.4708829310125,Soybean,56.807296710873075,9.75,140.40026
18089,288.5172666429983,Soybean,41.422717118365114,9.91,121.98186
21207,489.37184930225663,Soybean,38.131890816702125,10.57,-86.31776336971518
1119,151.44361513275982,Soybean,27.931859358201855,10.7,147.42728
36033,414.2278585349434,Soybean,56.884935234353165,9.75,140.40026
17083,191.32001596768006,Wheat,66.49262707743266,5.036799276672695,143.59
17001,130.6795796544184,Wheat,54.45314863442417,5.036799276672695,143.59
47061,146.81093889463034,Wheat,50.87618751288841,4.905849889624724,102.78
8115,519.0368743422847,Soybean,66.54744070673844,9.54,115.82570999999999
26051,515.9901781145837,Soybean,67.32209621688038,9.75,140.40026
48081,136.10808924898282,Wheat,5.874072513693591,4.506692111959287,-109.63545298644304
48337,95.36849082281289,Wheat,23.743177523013053,4.506692111959287,11.634700032999092
25005,338.60708502496067,Soybean,49.12895846409853,9.75,140.40026
21097,266.3829852072001,Soybean,37.66363057778619,10.57,131.72159
5021,60.11294669842164,Cotton,699.525818304031,0.9055176093916756,573.32
39065,309.01532161766113,Wheat,89.85970985856952,5.036799276672695,143.59
36075,262.7706251223097,Barley,74.3069059683273,5.112992125984253,117.16000000000001
16067,1032.3706670819925,Wheat,226.41146148285085,5.226505139500734,150.97
37083,164.01977526495182,Cotton,561.5374606453419,0.9331695331695331,359.98987474266687
51155,561.1879391061804,Soybean,65.55435469311072,10.57,131.72159
42019,328.1460820116746,Soybean,43.506875308578486,10.57,131.72159
31147,149.0376412681465,Wheat,53.209235357303854,4.506692111959287,90.76
13051,224.5218956224358,Barley,82.43035913478798,4.940314465408805,182.71000000000004
6011,1185.766482390697,Corn,339.5408414687199,4.3357861635220125,286.40999999999997
12071,421.0349850423531,Rice,5960.516626397283,0.1645,559.47
41037,343.74254947438374,Soybean,49.75273354463668,9.56,131.893583212343
23013,444.59914408895236,Soybean,59.999938880918194,9.75,140.40026
31015,299.1013863263114,Soybean,43.49340632351273,9.54,115.82570999999999
49001,175.71037178687342,Barley,72.72067872052602,4.233601462522852,132.16
29025,208.79873851093197,Rice,5795.652553194088,0.11300000000000002,446.11000000000007
54051,256.0613218900468,Soybean,36.68712506055315,10.57,131.72159
28105,62.9351019946576,Wheat,33.779081244439396,4.905849889624724,102.78
26157,535.2491937006854,Soybean,69.29737986673696,9.75,140.40026
51103,199.09687823363046,Wheat,61.53406341927896,4.905849889624724,102.78
20153,658.3335066091272,Soybean,81.80801398251046,9.77,140.93079
8059,851.4511165440033,Corn,278.9962149274611,3.9981944444444446,264.03
48135,333.1380504940606,Corn,142.89174491732638,4.3357861635220125,286.40999999999997
28147,187.20296342887593,Soybean,14.808290120950808,10.7,-28.754259134702295
37145,320.3020689778591,Soybean,23.6463045992662,10.7,-67.28660976571075
26085,586.7302370914995,Soybean,74.57748688117944,9.75,140.40026
19125,355.6168248386534,Soybean,48.19361098270972,9.91,121.98186
31161,639.1382214135944,Soybean,79.13668044167656,9.54,115.82570999999999
55129,363.9975431748558,Soybean,51.73310801793393,9.75,140.40026
20043,335.62725068989124,Rice,6918.028767167179,0.11300000000000002,446.11000000000007
53069,280.68438775542415,Wheat,82.59140213849656,5.226505139500734,150.98
38077,364.09731246800555,Soybean,41.96293069018534,9.54,36.229046316362556
18157,360.0140615482508,Soybean,48.637328107795234,9.91,121.98186
20197,148.85704971939157,Soybean,29.65996312378624,9.77,140.92079
51820,300.225251010034,Soybean,40.8653586575245,10.57,131.72159
45085,139.0935359111489,Wheat,49.30308536807904,4.905849889624724,102.78
19027,259.17111452381323,Soybean,38.46145050694381,9.91,121.98186
18131,263.7036162710552,Soybean,38.91881697992484,9.91,121.98186
20037,113.31766496253341,Wheat,45.28324986323739,4.506692111959287,90.76
6075,1543.8851772227422,Cotton,1736.170120013347,1.30784140969163,726.7499999999999
31003,456.9201253807465,Soybean,58.41594201622064,9.91,121.98186
48093,148.72258450253253,Soybean,29.64722359288972,9.77,140.93079
54009,353.9508579553162,Soybean,45.94819753598072,10.57,131.72159
6063,198.5046084951262,Soybean,34.560480304128575,9.56,131.893583212343
1077,225.1781748957493,Cotton,725.8391161214442,0.9493538713893943,463.9
49009,555.5274129481438,Soybean,71.9059619414735,9.56,131.893583212343
48163,747.7426102807112,Wheat,22.266549675141395,5.226505139500734,-631.3663739646363
30103,369.62720924917403,Corn,151.3075563478128,4.3357861635220125,286.40999999999997
13239,225.8978282353239,Cotton,783.8316642753471,0.9331695331695331,505.54999999999995
51163,218.3117753340191,Soybean,33.11573938827049,10.57,131.72159
54037,379.63344577542597,Soybean,48.37795986522478,10.57,131.72159
48219,763.3485322013885,Cotton,574.2471306020337,0.9193667157584683,-235.4048337060725
20117,89.91033623668284,Soybean,23.626522644491594,9.77,140.92079
47093,138.5347736030409,Wheat,49.1891882206572,4.905849889624724,102.78
22049,118.8662889367036,Soybean,24.887249433336784,10.7,147.42728
42055,386.5360464835246,Wheat,91.83223709491807,5.771786283891547,143.5
44007,240.82894576162278,Soybean,39.10043136016644,9.75,140.40026
31079,459.79836361143543,Corn,143.4229344683274,4.347042253521127,163.6671926463755
26047,473.70497723999426,Soybean,62.98515253743531,9.75,140.40026
53063,379.94801055299496,Soybean,53.53991566583033,9.56,131.893583212343
48103,1.1389610049241128,Rice,3407.957209756378,0.1645,559.47
13151,103.1020263276363,Barley,56.25620437027347,4.106072013093289,127.89
13033,112.32173992667299,Soybean,24.2756093389414,10.7,147.42728
18001,296.51466066832506,Wheat,87.37784384353269,5.036799276672695,143.59
31153,269.1311053625363,Soybean,39.46548590943858,9.91,121.97185999999999
21061,184.18625756106462,Soybean,29.88626750814235,10.57,131.71159
28047,162.85025991320867,Barley,70.80739426539695,4.106072013093289,127.89
13257,165.48205396146756,Soybean,29.243862987053046,10.7,147.42728
26095,582.320520548674,Soybean,74.12520826140246,9.75,140.40026
53001,833.5226848974501,Wheat,53.78895685264545,5.226505139500734,-552.3944254587153
29187,161.29157215547826,Soybean,28.58359557572939,9.91,121.97185999999999
45033,434.1023307885589,Soybean,18.819936843394927,10.7,-232.7290065642332
48077,292.3881081095691,Wheat,12.113641798792566,4.506692111959287,-237.79565416785033
36097,208.1422220795829,Soybean,35.74794687995722,9.75,140.40026
39123,487.4392386399697,Soybean,51.53318002870438,9.75,15.009266639897973
49035,334.72658363590074,Corn,143.25812210520635,4.3357861635220125,286.40999999999997
16055,300.0083100657564,Soybean,45.17802230942462,9.56,131.893583212343
28107,103.17644183050596,Barley,56.27432765272745,4.106072013093289,127.89
1093,35.24571401477587,Wheat,28.134924043779545,4.905849889624724,102.78
26165,540.0974938844596,Soybean,69.79464142404714,9.75,140.40026
21139,241.23393100063117,Soybean,10.422973269499142,9.91,-137.94226589989466
48185,41.851101997614876,Soybean,17.689568410992045,10.7,147.42728
21077,279.6202593846343,Soybean,38.915974397789434,10.57,131.72159
34041,328.119349715896,Soybean,48.05329330419446,9.75,140.40026
47037,80.9611504696638,Soybean,20.121356714253906,10.57,131.72159
55117,466.4320442399189,Soybean,62.23921069127373,9.75,140.40026
17129,221.76390896851976,Wheat,72.53692055202808,5.036799276672695,143.59
18093,209.4845652987103,Wheat,70.09899460038659,5.036799276672695,143.59
5007,84.5579940099715,Barley,51.73995812360944,4.106072013093289,127.89
18007,207.3797780457858,Wheat,69.68111270013446,5.036799276672695,143.59
21095,160.20264439626874,Soybean,27.618186792456832,10.57,131.72159
21165,107.20004741620666,Barley,57.25424363395486,4.106072013093289,127.89
24025,361.18535178706463,Wheat,87.4400622205276,5.771786283891547,143.5
12047,180.7059566357334,Rice,4499.549888363121,0.1645,559.47
47079,368.3892388286946,Wheat,96.04232690143257,4.905849889624724,102.78
42025,268.7800801223519,Soybean,41.96721437152327,9.75,140.40026
13213,117.03761890869869,Barley,59.650103097968724,4.106072013093289,127.89
29045,170.97465679205754,Soybean,29.561707042589052,9.91,121.98186
31069,769.3013002413339,Soybean,92.78060903997212,9.54,115.82570999999999
28157,144.63946220974162,Cotton,792.8718942219854,0.9055176093916756,573.32
40009,73.5296406152039,Cotton,470.5844068525807,0.9193667157584683,359.11
23025,537.1142395473879,Soybean,69.48866662024491,9.75,140.40026
22041,288.23067561124253,Corn,132.53206083956476,4.3357861635220125,286.4
17027,249.22358546519803,Soybean,37.45766351818345,9.91,121.98186
18101,150.6543459760461,Soybean,27.511221591931996,9.91,121.98186
48161,26.24708006520534,Barley,37.53881558182584,4.106072013093289,127.89
29145,257.0968172127106,Soybean,36.7841444855923,10.57,131.71159
35023,534.8146220558478,Cotton,1051.9940479035633,0.9493538713893943,463.9
5149,81.19835921665862,Soybean,20.143798412172053,10.57,131.72159
5039,172.2511054280132,Barley,73.09689271667287,4.106072013093289,127.89
18071,328.47941042386054,Soybean,42.89891657821234,9.91,96.6488528662237
31101,536.8122969562257,Soybean,69.36981442745402,9.77,140.93079
26021,357.39693180008766,Wheat,86.78369349849953,5.771786283891547,143.5
12027,166.49886927794296,Rice,4413.1846156713855,0.1645,559.47
37019,143.84050302337118,Barley,66.17772463729011,4.106072013093289,127.89
29195,178.78979034557196,Barley,67.492532960554,4.156456692913386,101.73999999999998
40007,315.4461411430133,Wheat,5.935571446935427,4.506692111959287,-288.6963481231386
16019,940.0585598596622,Wheat,53.8782434449096,5.226505139500734,-658.4636435875705
5141,242.72813066985793,Barley,90.26099140201259,4.106072013093289,127.89
12131,241.34113337403232,Barley,85.83484641375813,4.940314465408805,182.71000000000004
12039,291.2547958842722,Barley,95.93818353120813,4.940314465408805,182.71000000000004
27083,553.4486652261137,Soybean,68.15646066862902,9.91,121.98186
46019,361.8888582797251,Soybean,50.074902335400964,9.54,115.82570999999999
19147,456.8732005028171,Soybean,58.41120691249415,9.91,121.98186
29109,151.20809791457742,Wheat,51.77249684131823,4.905849889624724,102.78
45031,252.20793649740256,Soybean,15.102547375495588,10.7,-90.61067957959978
40005,17.15982702451143,Soybean,16.181229992273433,9.77,140.93079
42125,191.87742005398434,Soybean,30.614854309743077,10.57,131.72159
27125,523.0263397108207,Corn,196.85294215854063,3.9981944444444446,264.03
37125,494.0289352604867,Soybean,29.94495036003384,10.7,-173.61796640812463
16049,520.5027832464539,Soybean,68.24229774673607,9.56,131.893583212343
36049,490.1227858311447,Soybean,64.66903034165587,9.75,140.40026
19165,315.5984620356534,Soybean,44.15543108331518,9.91,121.98186
51153,121.06842421333268,Barley,60.63177251140831,4.106072013093289,127.89
8047,407.4669403387404,Wheat,100.49455059939085,5.272096219931272,122.35
42053,250.42434981782156,Soybean,40.08457536593042,9.75,140.40026
13295,176.32661793188055,Barley,74.08945020004664,4.106072013093289,127.89
20107,122.93865081547415,Soybean,27.007107555319774,9.77,140.92079
30111,440.56525784850885,Corn,167.66861427916405,4.3357861635220125,286.40999999999997
26061,554.2040022375547,Corn,188.98210378697453,4.472243589743591,290.97
21173,285.4613838553144,Soybean,39.46858787656711,10.57,131.72159
40133,-4.115076250269624,Wheat,19.22583606716844,4.506692111959287,90.76
27113,496.71020242958,Soybean,64.20607048528093,9.54,115.81570999999998
28121,283.9646075642879,Corn,131.5504469207876,4.3357861635220125,286.40999999999997
21019,350.0378064996032,Soybean,45.57799399239387,10.57,131.72159
16083,1007.3868526733274,Wheat,221.63316054520925,5.226505139500734,150.98
18105,159.665715642829,Soybean,28.1466218713307,9.91,119.26730710205823
51740,272.20163149985075,Barley,97.43901963337551,4.106072013093289,127.89
48005,166.46644940859073,Barley,71.68808741540768,4.106072013093289,127.89
42043,250.21533914819685,Barley,71.85134068194502,5.112992125984253,117.16000000000001
18181,285.3749768267276,Soybean,41.10563439220258,9.91,121.98186
48141,1391.4747934101174,Cotton,1490.2074021188291,1.30784140969163,557.4801561098739
36063,304.62323944553106,Wheat,77.64030360864126,5.771786283891547,143.5
35057,201.87791691532652,Soybean,35.087892212418275,9.77,140.93079
47097,257.7012672669857,Soybean,30.506940620714367,10.08,49.80869418981506
21219,230.94741182950213,Soybean,13.80691707932442,9.91,-94.12086357339716
1113,55.706462931965234,Cotton,601.4517651745915,0.9331695331695331,505.54999999999995
38067,655.8749311435496,Soybean,80.8910525307704,9.54,115.82570999999999
29017,309.840570718825,Soybean,41.01917973860154,10.57,123.73215911819322
29053,169.90239237861493,Soybean,27.40342367007512,9.91,101.66553619182952
27069,386.16244483516607,Soybean,52.61930344184131,9.54,115.82570999999999
13163,696.3273646537796,Cotton,389.20317059686136,0.9331695331695331,-333.1348236398044
48079,669.4540735961139,Cotton,567.9950360920064,0.9193667157584683,-147.25834269709316
26139,460.32031002303677,Soybean,61.6123661562089,9.75,140.40026
55139,517.7944832071706,Soybean,67.5071531494534,9.75,140.40026
12075,117.14624335613468,Soybean,26.050191063648292,9.56,131.893583212343
48497,300.3295310619713,Wheat,6.187290737002952,4.506692111959287,-272.4453167031213
38021,391.5588725058036,Soybean,53.183918501656564,9.54,115.81570999999998
39153,234.34688401761105,Soybean,38.435604514626775,9.75,140.40026
29181,427.29645489922433,Rice,2552.8781327975225,0.11300000000000002,-138.8212258931042
34021,310.5485380561788,Barley,83.65131952434697,5.112992125984253,117.16000000000001
46059,196.52680351369733,Soybean,32.74135361778798,9.54,115.82570999999999
20139,95.74254207699069,Wheat,41.38346650796799,4.506692111959287,90.76
6073,397.0060888577797,Cotton,859.2449210816355,1.30784140969163,726.7499999999999
53065,586.020978557558,Soybean,75.09566545710261,9.56,131.893583212343
31067,149.71991529839863,Wheat,53.36062666900265,4.506692111959287,90.76
39105,313.32825697243743,Soybean,42.10499971357024,10.57,131.72159
18171,300.1784157641277,Soybean,42.599422377813084,9.91,121.98186
19095,219.75331457012356,Soybean,34.4838723077824,9.91,121.98186
31071,681.3718014601145,Corn,171.0467009230903,3.9981944444444446,2.506167911135549
17071,255.57278940992092,Corn,126.4736791753049,4.331437125748503,292.24
48363,49.21741406196648,Soybean,19.462456915247337,9.77,140.93079
17191,150.58559551176688,Soybean,27.503275026414414,9.91,121.97185999999999
48069,921.0060164266432,Wheat,19.485038547249353,4.506692111959287,-833.1929469045319
6097,134.99293342203475,Soybean,27.916999647947463,9.56,131.893583212343
51115,257.30443578222014,Soybean,30.841895708839616,10.7,72.70384830236371
30013,275.66810249595363,Soybean,42.63197549249965,9.56,131.893583212343
53029,432.3597840753097,Wheat,111.61182635535181,5.226505139500734,150.98
21115,166.36274615059938,Soybean,28.200977876121037,10.57,131.72159
39163,157.56974917665082,Soybean,27.36909547555826,10.57,131.72159
36095,320.790854778432,Soybean,47.301652797787895,9.75,140.40026
12107,247.67193470013115,Rice,4906.637900912651,0.1645,559.47
47155,346.95888979992833,Soybean,45.28670575212188,10.57,131.72159
47133,109.33098045192389,Wheat,43.23633727573133,4.905849889624724,102.78
22103,64.88418827914123,Wheat,34.176379638873705,4.905849889624724,102.78
48433,572.1571875155461,Wheat,6.590100065230458,4.506692111959287,-542.4576355345496
13095,874.9483025166405,Cotton,1346.257939995006,0.9331695331695331,381.3385908742764
48105,31.150244580528266,Soybean,17.61320722420965,9.77,140.93079
35049,654.1310529076711,Corn,216.92514746706465,4.3357861635220125,286.40999999999997
26099,589.9603185000157,Soybean,48.40595026954775,9.75,-118.00230337192505
29165,259.44543678312647,Soybean,31.456990447735382,9.91,52.293338553931164
49039,423.4898552741782,Soybean,58.094501933736524,9.56,131.893583212343
36087,324.25652965197116,Corn,137.56552327849482,4.472243589743591,290.97
20021,55.13584426400901,Barley,44.574436025569696,4.106072013093289,127.89
48281,56.653595084443594,Wheat,6.941260164875608,4.506692111959287,-25.371472652341467
55091,637.2566600606541,Soybean,79.75968410878504,9.75,140.40026
31017,601.3975205152033,Soybean,75.18063212947624,9.54,115.82570999999999
12005,186.12581124340534,Cotton,698.0019171121429,1.30784140969163,726.7499999999999
21091,291.3827118743297,Soybean,19.211039555624296,9.91,-101.0013098780929
48415,168.4499666520985,Soybean,31.666402932661057,9.77,140.93079
53075,613.2379050121795,Soybean,77.94262429126805,9.56,131.893583212343
50005,427.55375297677426,Soybean,58.25169363864351,9.75,140.40026
36019,663.2636834132063,Soybean,82.4270711193032,9.75,140.40026
29027,330.9817369591169,Soybean,30.5431782362594,9.91,-28.298840637786256
40129,771.6324808228111,Wheat,6.192999832247448,4.506692111959287,-743.7225373294564
51520,332.87792175610565,Soybean,43.954542266424376,10.57,131.72159
51073,580.690543837131,Soybean,32.32800921614614,10.7,-234.78084522436734
47073,285.45238621652135,Soybean,39.46773663354033,10.57,131.72159
51093,255.3702945495688,Wheat,73.00473977139275,4.905849889624724,102.78
44001,304.0578653500961,Soybean,45.585448753856014,9.75,140.40026
26153,693.0428341850433,Soybean,85.48134299333778,9.75,140.40026
49015,237.97207738945843,Soybean,38.6888766319876,9.56,131.893583212343
50013,353.92175124008463,Soybean,50.6996934605215,9.75,140.40026
17097,427.1287078087041,Soybean,40.21105571033912,9.91,-28.637145719243435
17187,194.9600812241756,Soybean,31.98203241414486,9.91,121.98186
38009,380.2263218558595,Soybean,51.99706832870645,9.54,115.82570999999999
20081,1469.2264111313239,Cotton,1988.6911063807274,0.9193667157584683,359.11
12101,40.81515495210513,Soybean,18.065767590423444,9.56,131.893583212343
12009,391.39329385431245,Rice,5780.323974798252,0.1645,559.47
45055,294.6607441025575,Soybean,16.83029485043289,10.7,-114.57658920292562
6101,1667.8608664776016,Corn,450.73045412602255,4.3357861635220125,286.40999999999997
49037,322.88378185697894,Soybean,47.57085408674916,9.56,131.893583212343
30059,352.67788162703926,Soybean,50.687391719600654,9.56,131.893583212343
12059,163.15173672816263,Rice,4392.837305338375,0.1645,559.47
46113,337.7678376053776,Soybean,47.54649345968319,9.54,115.82570999999999
42089,288.7253880657147,Soybean,44.012886981098944,9.75,140.40026
8015,319.1583052605047,Wheat,83.74435648411976,5.272096219931272,122.35
51043,312.86628601168013,Soybean,43.01809028146543,10.7,147.42728
39019,452.60425644071074,Soybean,55.28153703317982,10.57,131.72159
47021,246.5548273144428,Wheat,71.20781009896848,4.905849889624724,102.78
47167,117.19662066645232,Barley,59.688826665710984,4.106072013093289,127.89
35021,215.11574614785343,Soybean,36.44283890970864,9.77,140.93079
29137,184.83463159415672,Soybean,22.24141036079419,9.91,35.57774508131371
29047,181.37730527782406,Rice,5552.985002458619,0.11300000000000002,446.11000000000007
48429,32.56360212022888,Barley,39.07715247286955,4.106072013093289,127.89
27165,396.8187200336682,Soybean,52.35121897413403,9.91,121.98186
26123,340.70635210688897,Soybean,49.34426790839887,9.75,140.40026
25003,399.82431909135175,Soybean,55.40764913757454,9.75,140.40026
48235,66.31699106752745,Rice,4534.75213334095,0.11300000000000002,446.11000000000007
19061,562.9328877361597,Soybean,69.11349623977394,9.91,121.98186
55027,471.8851232635109,Soybean,62.79850084753958,9.75,140.40026
19001,251.61181332658884,Soybean,37.69865522972642,9.91,121.98186
48033,254.68881049966325,Soybean,40.49330609003718,9.77,140.93079
29107,143.31420553539962,Barley,58.95747836208868,4.156456692913386,101.73999999999998
26055,408.77105107129194,Soybean,56.32526267397866,9.75,140.40026
17087,259.780564602871,Soybean,18.466947379074593,9.91,-76.77311607624175
27049,703.0888653425567,Soybean,83.25637995384022,9.91,121.98186
48207,124.89470279711409,Wheat,8.164983335010758,4.506692111959287,-88.09763680694208
21175,239.51053507743865,Soybean,35.121298493608194,10.57,131.72159
37069,545.071597295034,Soybean,18.932373739364856,10.7,-342.4951982838302
34007,169.2400189277335,Soybean,31.757977325921384,9.75,140.40026
22119,268.45815993992073,Barley,96.52732798549575,4.106072013093289,127.89
49033,248.4861649668955,Soybean,39.788676587786455,9.56,131.893583212343
13189,54.97123383551201,Soybean,18.91574895658991,10.7,147.42728
22047,391.5782560957365,Soybean,31.594586045970708,10.08,-73.10482875235175
31115,492.00853395503503,Corn,120.52267777435593,3.9981944444444446,-10.135433248037202
5131,178.53180905899444,Soybean,18.149068725956653,10.57,13.303847374367407
16025,407.8101127628674,Soybean,56.45436150368309,9.56,131.893583212343
18161,285.7181717449399,Wheat,85.23432206902248,5.036799276672695,143.59
26027,306.4915324934349,Soybean,45.835055640352294,9.75,140.40026
26127,328.83409302405073,Soybean,48.12660031015905,9.75,140.40026
9005,543.6619534243687,Soybean,70.16022701788397,9.75,140.40026
22079,238.3109226862844,Soybean,27.09836910075444,10.08,34.840637849320316
27129,319.2371777926472,Soybean,47.14230131206638,9.75,140.40026
12061,173.20575906123565,Barley,72.0431384587548,4.940314465408805,182.71000000000004
51003,186.67250850029416,Barley,76.60910658586332,4.106072013093289,127.89
25015,276.5444722178378,Soybean,42.763562278752595,9.75,140.40026
16017,301.3529758683926,Soybean,45.318677728110416,9.56,131.893583212343
4011,586.7148956526772,Cotton,1106.6630972021906,0.9493538713893943,463.9
48057,374.0446105623763,Cotton,841.6881453707201,1.30784140969163,726.7499999999999
55021,490.8284272244466,Soybean,64.74140381789196,9.75,140.40026
19053,232.82843123618846,Soybean,35.398738861542235,9.91,117.9730708816951
51027,249.59285794344964,Corn,107.65637203342308,4.735185185185185,260.18
16043,447.78487667599273,Soybean,60.63582216405185,9.56,131.893583212343
55127,494.91236496193403,Soybean,65.16026922686503,9.75,140.40026
26045,453.9223599854457,Soybean,60.95514051132777,9.75,140.39026
27073,381.3428599193984,Soybean,46.96347959244573,9.91,84.06522284173877
38079,512.983802018305,Soybean,65.91294675244288,9.54,115.82570999999999
26145,493.32091011080047,Soybean,64.9960174472616,9.75,140.39026
41043,402.3304244698278,Wheat,105.8643222768709,5.226505139500734,150.97
47139,100.06121120072851,Soybean,21.927417332140823,10.57,131.71159
18049,388.17947468157365,Soybean,51.47944850469966,9.91,121.98186
41033,267.5004564500714,Soybean,41.77761921154962,9.56,131.893583212343
53033,372.4067924967694,Wheat,100.14087397353376,5.226505139500734,150.98
18149,361.30566960824393,Soybean,48.76766191808718,9.91,121.98186
21131,199.94058485850883,Soybean,31.377689201372643,10.57,131.72159
53037,711.1121730835646,Wheat,164.94428878834236,5.226505139500734,150.97
9009,328.39921289496505,Wheat,81.75964765223316,5.771786283891547,143.5
21235,280.9498098497038,Cotton,784.5860561558615,0.9493538713893943,463.9
46107,266.52120448421226,Soybean,40.07829292287341,9.54,115.82570999999999
47067,211.3863387508468,Cotton,711.3115131268751,0.9493538713893943,463.9
20031,146.8487351939222,Soybean,22.57586596739756,9.77,73.71747530755196
21181,210.1229180926875,Wheat,63.78159241163068,4.905849889624724,102.78
36121,467.94085810127115,Soybean,62.39396083089961,9.75,140.40026
13007,640.7648696747342,Cotton,1112.4752634280608,0.9331695331695331,397.36315256108264
1069,206.351416037342,Barley,81.40174233952192,4.106072013093289,127.89
38059,401.22864263428096,Soybean,54.19856945852002,9.54,115.82570999999999
28151,208.52422238121406,Wheat,63.45571702868134,4.905849889624724,102.78
41031,415.60889053558174,Corn,161.91271065022337,4.3357861635220125,286.40999999999997
37111,531.2355691710397,Soybean,62.72063946745882,10.57,131.72159
46035,295.5123247536131,Soybean,42.127566574532096,9.91,121.97185999999999
51019,Inf,Corn,23.5985511083755,4.9799999999999995,-Inf
40143,21.355149946845202,Barley,36.34742631666903,4.106072013093289,127.89
45037,49.16412930983833,Wheat,30.972029868093127,4.905849889624724,102.78
42073,338.26166429236235,Soybean,44.46388403901252,10.57,131.72159
56007,399.74541781268323,Soybean,55.61077416579772,9.56,131.893583212343
31041,514.403786126424,Soybean,67.07621045306286,9.77,140.93079
1099,137.63917176177694,Cotton,674.754567612219,0.9331695331695331,492.02123310092765
26091,603.8346234667496,Soybean,52.38794063474245,9.75,-93.05220227801067
51750,305.864703169074,Soybean,41.398892447405295,10.57,131.72159
48133,353.7217513820069,Wheat,6.739636494817032,4.506692111959287,-323.34828475334206
34033,205.7729797493222,Barley,63.15929533866777,5.112992125984253,117.16000000000001
6113,1035.5635840093028,Corn,304.89824316784274,4.3357861635220125,286.40999999999997
55085,713.5207477422078,Soybean,87.58164181971362,9.75,140.40026
51047,202.7115284494963,Barley,80.51527771439139,4.106072013093289,127.89
16001,852.9341806345581,Wheat,192.0794400539816,5.226505139500734,150.97
40023,8.464694056630705,Barley,33.20806201689302,4.106072013093289,127.89
53061,1080.8075384044755,Wheat,235.67900643490844,5.226505139500734,150.97
20187,419.8115563619415,Wheat,7.29194454492584,4.506692111959287,-386.9490074004796
48395,158.38049295828313,Soybean,28.58016569703581,10.7,147.42728
42079,313.7896316756976,Soybean,46.58357863340488,9.75,140.40026
28001,543.0347370155574,Cotton,1232.8360326040724,0.9055176093916756,573.32
48479,181.6139169056582,Soybean,32.793671560460375,9.56,131.893583212343
26137,520.2135753638943,Soybean,67.75526516552762,9.75,140.40026
38017,477.69024894179825,Soybean,47.4406399831226,9.54,-25.10654350280865
31129,487.73539925045156,Corn,73.98070239292962,4.347042253521127,-166.13816000321498
19161,329.58592343156414,Soybean,45.56688026554633,9.91,121.98186
26107,334.51989442413117,Soybean,48.709759428116016,9.75,140.40026
51157,294.4908175679286,Soybean,41.300756782049405,10.7,147.42728
21137,324.20976768274784,Wheat,87.0368595227056,4.905849889624724,102.78
18087,403.6913627678773,Soybean,53.04472479998761,9.91,121.98186
27061,626.91726552586,Soybean,78.6992333872677,9.75,140.40026
44005,788.6826315266346,Wheat,161.50678241989988,5.771786283891547,143.5
17179,265.044733585884,Soybean,39.05414667869667,9.91,121.98186
13019,352.5353831217862,Cotton,701.4735448864174,0.9331695331695331,302.05835729064944
28161,324.1003789544872,Cotton,565.9598865080857,0.9055176093916756,188.3862644878986
46075,241.02356416336184,Wheat,23.083887785584807,5.26809312638581,-119.41549358986117
19013,273.66887460937494,Soybean,39.92439299791876,9.91,121.98186
51630,120.37735672221464,Soybean,25.028470721702305,10.7,147.42728
47049,294.1426021735381,Barley,102.78256222194258,4.106072013093289,127.89
46007,342.7491489704754,Soybean,48.0686434979534,9.54,115.82570999999999
21113,123.36020524182132,Soybean,24.132620174249887,10.57,131.72159
51680,334.0604889391192,Soybean,44.99885691019806,10.7,147.42728
16011,618.5061228585636,Wheat,139.67388126177022,5.226505139500734,111.50013541009375
13167,121.61876971801298,Barley,60.76580462358885,4.106072013093289,127.89
24005,Inf,Corn,81.89585194896229,4.472243589743591,-Inf
28061,56.610755280106645,Wheat,32.48993729245542,4.905849889624724,102.78
26149,328.54333723259595,Soybean,48.096779203343175,9.75,140.40026
6079,765.2466876681452,Cotton,1140.8085694579256,1.30784140969163,726.7499999999999
19155,350.62137859140654,Soybean,47.68952962577261,9.91,121.98186
29131,185.37459509829364,Soybean,31.01376943474204,9.91,121.97185999999999
21007,246.0068345685488,Soybean,14.86158441539786,9.91,-98.728533011956
21029,110.01595253737898,Wheat,43.3759608069983,4.905849889624724,102.78
21011,235.1391866416193,Soybean,34.70679059996398,10.57,131.71159
53071,1717.9241285605297,Wheat,77.5879686346804,5.272096219931272,-1308.872892409485
19083,401.4117444443242,Soybean,52.814692678539274,9.91,121.98186
21055,363.1861867028126,Wheat,100.61472750162649,5.036799276672695,143.59
21223,250.884487916455,Soybean,21.894168996354615,10.57,-19.463121624986684
31027,287.68856421158324,Soybean,41.339094269584585,9.91,121.98186
22033,338.7039358510091,Barley,113.63510780209205,4.106072013093289,127.89
5023,167.54095266129377,Barley,71.94977382745226,4.106072013093289,127.89
51167,296.6766979619998,Soybean,40.52963935307472,10.57,131.72159
5059,201.25943813068244,Soybean,31.50246245323391,10.57,131.72159
19101,209.71798764821284,Soybean,33.47122579699423,9.91,121.98186
51161,204.39969585204477,Soybean,31.799554006815967,10.57,131.72159
29141,233.3732948140958,Soybean,35.857230556417335,9.91,121.97185999999999
36101,903.1490956506676,Soybean,107.03070314365823,9.75,140.40026
5011,89.65851631466782,Soybean,22.15755105744559,10.7,147.42728
24017,439.8478823134326,Soybean,30.028376332493433,10.7,-118.5442555557529
13255,91.07708730957938,Wheat,39.5154951070891,4.905849889624724,102.78
31051,271.22235605676525,Soybean,39.67751927918923,9.91,121.98186
31073,534.1672295425675,Corn,122.73530204514233,4.347042253521127,-0.6316855536557568
19159,284.29478756461305,Rice,6463.759181987726,0.11300000000000002,446.11000000000007
13169,91.89170124532562,Barley,53.526022082538724,4.106072013093289,127.89
6027,285.80327984380847,Corn,131.9745158693418,4.3357861635220125,286.40999999999997
5013,178.1117665388577,Barley,74.52420843158393,4.106072013093289,127.89
1097,625.4893384935833,Cotton,1130.1106602703412,0.9331695331695331,429.0954987808038
12023,163.24931281329486,Barley,70.0277918006313,4.940314465408805,182.71000000000004
40063,165.26328684928427,Corn,89.84723304599669,4.735185185185185,260.18
39109,575.4336954839113,Soybean,40.92433593745386,9.91,-169.8735263437435
45065,51.26629240657401,Barley,43.632038560280265,4.106072013093289,127.89
21227,292.94980308883396,Wheat,80.66488212893638,4.905849889624724,102.78
29167,117.36783987874702,Soybean,24.1513319756556,9.91,121.97185999999999
19113,232.20743432912957,Soybean,35.740594785986836,9.91,121.98186
36025,395.61080411267903,Soybean,54.97549375514657,9.75,140.40026
5083,853.1211369259486,Soybean,21.332270341429577,10.57,-627.6390394170379
48327,356.9416560343892,Cotton,778.8531428872252,0.9193667157584683,359.11
21233,132.51155848113075,Soybean,25.680466042495535,9.91,121.98186
48477,77.87679648636713,Barley,50.11280752754108,4.106072013093289,127.89
16009,349.1257821229754,Soybean,50.31583319407096,9.56,131.893583212343
6009,539.098190350881,Corn,190.39411982446813,4.3357861635220125,286.40999999999997
13253,1272.626658523698,Cotton,958.181879057192,0.9331695331695331,-378.4805217523922
1017,187.93966463849335,Cotton,743.1550645283486,0.9331695331695331,505.54999999999995
13291,164.0815690432509,Soybean,29.112976546098217,10.7,147.42728
37123,103.55363572235738,Barley,56.36619011657334,4.106072013093289,127.89
6115,528.2137008333277,Rice,6271.6789470700105,0.1645,503.47748595968915
55133,525.4244429779587,Soybean,68.28971312594449,9.75,140.40026
48199,474.1954644945677,Corn,158.67178001898952,4.9799999999999995,315.99000000000007
45079,145.05086077520866,Barley,66.47249729300047,4.106072013093289,127.89
8001,184.35630756358526,Wheat,9.538471105508222,4.506692111959287,-141.36935507223978
48123,241.10740528582176,Barley,89.8662770913848,4.106072013093289,127.89
35003,397.8339756290117,Soybean,55.41083251478605,9.56,131.893583212343
6099,319.0365196217425,Cotton,799.6279303224721,1.30784140969163,726.7499999999999
39041,219.27795484377555,Soybean,34.43489554427604,9.91,121.97185999999999
48181,399.4469194546828,Wheat,58.2345621393446,4.506692111959287,-137.00167761789555
31125,413.5442857549938,Soybean,54.03896526286516,9.91,121.98186
40029,235.84813422333022,Soybean,21.615301622431588,9.77,-24.666637372173625
26017,438.5690496162898,Soybean,59.3814676529528,9.75,140.40026
49023,958.0896962459037,Barley,45.98653667036129,4.233601462522852,-763.4010273419013
40041,45.692813928185615,Soybean,16.783765745334495,10.57,131.71159
17149,219.913347107103,Soybean,34.50002089879949,9.91,121.98186
20029,183.32549600379102,Wheat,25.265550150713004,4.506692111959287,-69.46144043526094
8095,518.8250058167245,Soybean,67.5287406158367,9.77,140.93079
31117,392.29007534518234,Soybean,53.2616127196208,9.54,115.82570999999999
1043,166.51351950469208,Soybean,23.56912752509335,10.57,82.61215843554464
20113,363.17840513468514,Wheat,32.46451683390238,4.506692111959287,-216.8708232007678
37197,401.6857701375025,Soybean,29.68900910035306,10.7,-84.01337276372476
48165,276.8581229786647,Cotton,349.47178372118674,0.9193667157584683,44.43460307133648
18065,394.7487330861215,Soybean,42.13608217215901,9.91,22.819841239974267
47001,61.90364710705978,Soybean,18.31837626367642,10.57,131.72159
13039,187.4417928219442,Rice,4540.497220802093,0.1645,559.47
36099,503.6022639970429,Soybean,66.05154092277363,9.75,140.40026
29155,153.84891377699833,Wheat,59.05316004045454,5.036799276672695,143.59
31143,414.37938437981666,Soybean,54.12323353984022,9.91,121.98186
48453,81.42344238114063,Soybean,22.758877418745204,9.77,140.93079
40093,283.83775961290746,Wheat,15.820679638646382,4.506692111959287,-212.53882747958488
30029,749.0646982396065,Soybean,92.15044785062233,9.56,131.893583212343
29069,427.16551701102657,Cotton,562.9028723644276,0.8955607917059378,76.94822501720671
49047,150.7733657091786,Barley,66.82805838331822,4.233601462522852,132.15
17151,181.1426192842859,Soybean,12.559217374320111,9.91,-56.68077510477359
21123,226.52227692147932,Soybean,33.89156735302548,10.57,131.71159
20137,271.94828612835084,Soybean,42.25988496707788,9.77,140.93079
48197,137.15876783549976,Wheat,7.1095018015162355,4.506692111959287,-105.11843214664621
42067,218.59907240728694,Soybean,36.820444349465326,9.75,140.40026
29211,218.66184750177166,Soybean,29.74411670853787,9.91,76.10234907983863
27075,433.47510757497764,Soybean,58.85901205897207,9.75,140.40026
22095,111.87406984964963,Wheat,43.75471624266712,4.905849889624724,102.78
42077,330.2739641263918,Wheat,82.08446065451963,5.771786283891547,143.5
46045,473.66369518421226,Soybean,52.49459960593706,9.54,27.134785056427305
29229,163.58658209776343,Soybean,27.938332270365507,10.57,131.72159
31113,901.5042029058401,Soybean,106.63835565050735,9.54,115.82570999999999
42003,330.5547791651341,Soybean,43.734755833976735,10.57,131.72159
55071,598.3853755544093,Soybean,75.77288569788813,9.75,140.40026
16003,273.83928184735356,Soybean,42.440676261474536,9.56,131.893583212343
24009,180.07132647858595,Soybean,30.607346399867847,10.7,147.42728
20035,82.32348122696438,Barley,51.195760950281304,4.106072013093289,127.89
1107,47.91755215730781,Barley,42.81648047006951,4.106072013093289,127.89
13101,409.68567062224645,Cotton,980.7817744688107,0.9331695331695331,505.54999999999995
48039,329.49352693899516,Rice,5403.972808139788,0.1645,559.46
20011,48.69740238323821,Wheat,30.944515160723732,4.506692111959287,90.76
29023,198.70971326773113,Wheat,67.95976858816856,5.036799276672695,143.59
8089,121.49815194329847,Soybean,26.860690065844267,9.77,140.93079
29139,143.51514252304892,Wheat,57.001505669034785,5.036799276672695,143.59
18015,363.6809967174929,Wheat,100.71296647989429,5.036799276672695,143.59
22051,153.33640011060203,Corn,101.42252950809515,4.3357861635220125,286.40999999999997
45067,397.9315763738947,Soybean,17.949214477672015,10.7,-205.87498146280416
39147,620.9672104457875,Soybean,36.40407957111286,9.75,-266.0274346274372
55105,477.5625126082464,Soybean,63.38079719058937,9.75,140.40026
29121,355.298175097329,Soybean,37.63651178490485,9.91,17.679656691078037
8079,591.8568288135859,Soybean,75.70611004455324,9.56,131.893583212343
20163,144.0002765115412,Soybean,29.163875794425916,9.77,140.93079
10001,225.5170347953818,Soybean,30.157160047147414,10.7,97.16457770909551
47035,619.4712407003259,Cotton,1141.166927686085,0.9493538713893943,463.9
37037,106.46668699282917,Barley,57.07563974658051,4.106072013093289,127.89
4017,248.9853736320838,Cotton,746.0655140611796,1.30784140969163,726.7499999999999
31181,372.50727831333677,Corn,92.81729133094552,4.347042253521127,30.97340895966363
30037,258.589635799088,Soybean,40.84552500119571,9.56,131.893583212343
31061,635.0700671232249,Corn,116.02690778912618,4.347042253521127,-130.69619641849386
55097,559.8465466675814,Soybean,71.82018529923911,9.75,140.40026
41025,539.2475146802396,Soybean,70.20304371261324,9.56,131.893583212343
13207,88.65358011317039,Soybean,22.063631786277607,10.7,147.42728
23005,322.0904190260141,Soybean,47.43494143856555,9.75,140.40026
24033,119.0340564436606,Wheat,45.2141955897938,4.905849889624724,102.78
51067,Inf,Corn,53.746718325330534,4.9799999999999995,-Inf
18129,280.3738722799229,Wheat,84.17327135577122,5.036799276672695,143.59
42075,292.5775641739966,Wheat,75.55331100720821,5.771786283891547,143.5
13071,272.19443138347935,Cotton,686.4641042703706,0.9331695331695331,368.39295633614415
51600,226.19672291263225,Soybean,34.91813111333012,10.7,147.42728
47123,265.79627193802816,Soybean,23.73839369697178,10.57,-14.881450561036445
48373,204.79746147443916,Cotton,761.2201601371689,0.9331695331695331,505.54999999999995
1115,729.2326873667637,Corn,208.9491009691249,4.735185185185185,260.18
8053,511.553602301078,Soybean,67.30619095328672,9.56,131.893583212343
34015,213.4487401902237,Barley,64.66052206692602,5.112992125984253,117.16000000000001
54033,308.8585301161669,Barley,106.36650519608021,4.106072013093289,127.89
17125,199.37276342271986,Soybean,32.42730811530977,9.91,121.98186
6083,394.2605101902012,Cotton,857.1456002869027,1.30784140969163,726.7499999999999
20039,423.5286078359877,Soybean,57.77475924626282,9.77,140.93079
55059,485.4773243202642,Soybean,64.19257275079633,9.75,140.40026
35047,369.4474712621095,Cotton,792.4557837196194,0.9193667157584683,359.11
53073,847.6313202943384,Wheat,191.06674415128032,5.226505139500734,150.98
36069,411.5720885598938,Soybean,56.61254857024552,9.75,140.40026
13017,130.58407639565638,Wheat,47.56853178267705,4.905849889624724,102.78
13021,54.58583275612648,Wheat,32.07718056945364,4.905849889624724,102.78
40053,106.25494820040508,Wheat,14.497184105525417,4.506692111959287,-40.92060294641213
39055,427.3935876662823,Soybean,58.235266427311004,9.75,140.40026
48299,108.18972683559241,Corn,86.80378630549201,4.347042253521127,269.1499999999999
19127,383.1793545716189,Soybean,50.974895516813206,9.91,121.98186
1109,223.83405481588562,Cotton,458.56853838249157,0.9331695331695331,204.08813407273914
13259,132.72434354985387,Barley,63.4704756075433,4.106072013093289,127.89
22065,82.36684472539832,Soybean,23.987710786249835,10.08,159.42928
21049,215.14226562347736,Wheat,64.80472757551027,4.905849889624724,102.78
17201,287.7167518611792,Wheat,85.63111773358182,5.036799276672695,143.59
27163,344.89501968388066,Soybean,49.773874839372375,9.75,140.40026
8025,106.88547927558616,Soybean,25.365022443765216,9.77,140.93079
48145,119.8604267223933,Soybean,26.69306210055203,9.77,140.93079
55087,592.6464205465755,Soybean,75.1842749278539,9.75,140.40026
48051,233.7611056267325,Cotton,644.869011967243,0.9193667157584683,359.11
13261,121.88366404367764,Cotton,443.80940615862283,0.9331695331695331,292.26575231761217
51595,200.6670318566205,Cotton,756.7939230269735,0.9331695331695331,505.54999999999995
48397,2.300743111942367,Barley,31.70688256240879,4.106072013093289,127.89
19141,432.2538834875156,Soybean,55.926916598134774,9.91,121.98186
56029,808.7122936319915,Soybean,98.3897360715831,9.56,131.893583212343
48175,72.68789315969153,Corn,51.1549316721748,4.347042253521127,149.68475629523846
8019,541.4030966091973,Soybean,70.42852299388497,9.56,131.893583212343
51087,172.56249806489075,Barley,73.17272982714843,4.106072013093289,127.89
26067,492.96514367131033,Soybean,64.96055422269849,9.75,140.40026
8069,566.7613132347741,Soybean,71.55000243551092,9.54,115.82570999999999
56001,347.6532588206831,Soybean,50.16180355993997,9.56,131.893583212343
12093,188.13799679985857,Rice,4544.729463828928,0.1645,559.47
13125,129.04626153148132,Barley,62.57470904362431,4.106072013093289,127.89
17135,133.3385894580178,Soybean,25.76392022785245,9.91,121.98186
32013,338.0627163957149,Soybean,49.15860874561275,9.56,131.893583212343
20177,149.24564417902167,Soybean,28.925055810918238,9.77,133.35215109364952
8087,608.6506165621935,Soybean,75.94091473398255,9.54,115.82570999999999
26129,803.368224157634,Soybean,96.79676760591119,9.75,140.40026
47119,239.339497139911,Wheat,69.73704961161819,4.905849889624724,102.78
48221,164.6161747078674,Rice,5404.656413343959,0.11300000000000002,446.11000000000007
13287,805.4003670581629,Cotton,757.5053847329502,0.9331695331695331,-98.51942081350819
24041,412.8658643157038,Soybean,18.582584050153105,10.7,-214.03221497906554
39073,704.9538768794473,Soybean,65.02197896357214,10.57,-17.67155923448979
1015,226.34362385015731,Barley,86.27067979338656,4.106072013093289,127.89
9013,480.37775998124664,Wheat,108.09093221667342,5.771786283891547,143.5
32033,331.48001958980535,Soybean,48.470042134115936,9.56,131.893583212343
9003,427.89660871090496,Soybean,58.286858329323586,9.75,140.40026
17053,331.2997516372062,Wheat,94.28403348066671,5.036799276672695,143.59
28059,117.86147698267708,Barley,59.85074694234147,4.106072013093289,127.89
20209,120.37855358776959,Barley,60.46376020588535,4.106072013093289,127.89
19065,632.9581711898002,Soybean,76.17961969624623,9.91,121.98186
51640,440.29055653214175,Soybean,54.11657015441265,10.57,131.72159
20171,210.0702097522343,Wheat,16.019303771464394,4.506692111959287,-137.87613980629607
33017,340.6197265182508,Soybean,49.33538323264111,9.75,140.40026
28143,76.86292696585986,Wheat,36.618105120946076,4.905849889624724,102.78
28069,51.74161783251584,Barley,43.747800150536385,4.106072013093289,127.89
23001,484.60270279315273,Soybean,64.1028679787849,9.75,140.40026
51105,204.1430998096463,Soybean,31.775278127686494,10.57,131.72159
29065,171.72694960096425,Soybean,28.70847110699756,10.57,131.72159
39127,409.46606768408446,Soybean,51.20034604390582,10.57,131.72159
21163,181.50296785335465,Wheat,57.94775100122377,4.905849889624724,102.78
8117,358.1092403778103,Soybean,51.25552548014156,9.56,131.893583212343
13083,212.49123038430588,Soybean,32.56507288404029,10.57,131.72159
48209,207.49194263797818,Wheat,10.382727386758663,4.506692111959287,-160.70018702344925
5143,95.9124722010043,Soybean,21.53586208145736,10.57,131.72159
40081,66.72337572839888,Cotton,463.1811968275256,0.9193667157584683,359.11
18023,303.9882054886796,Soybean,42.98386130057312,9.91,121.98186
17193,280.10828480087343,Wheat,84.12054194082718,5.036799276672695,143.59
48183,117.48328975869843,Barley,59.7586425606422,4.106072013093289,127.89
21183,97.46959116965235,Soybean,19.044814323064244,9.91,91.26451877191431
26079,972.4809958401717,Soybean,114.14166726565864,9.75,140.40026
32510,159.55508228914863,Soybean,30.486262081745984,9.56,131.893583212343
42127,545.3204125506358,Soybean,70.33032538980879,9.75,140.40026
21109,117.22861571900775,Barley,59.696618797084575,4.106072013093289,127.89
13107,245.3433678209483,Cotton,440.04018465459063,0.9331695331695331,165.28872586901122
39037,348.8928753197239,Soybean,47.51410043589544,9.91,121.97185999999999
42013,850.4518626838386,Cotton,1384.4699034726261,0.9493538713893943,463.9
25009,420.6351330084327,Soybean,57.542091590608486,9.75,140.40026
30003,449.0999378752379,Soybean,60.77338086690176,9.56,131.893583212343
35037,349.90398248507887,Wheat,7.067598201469503,4.506692111959287,-318.0524934200186
42119,251.3623288944496,Soybean,40.18077834814868,9.75,140.40026
26151,717.7599845971915,Soybean,68.4120112501154,9.75,-50.742874908566364
17161,310.11341794544154,Soybean,43.60194530226453,9.91,121.98186
17031,266.27459379690686,Soybean,39.178249626327634,9.91,121.98186
48171,62.00597748814522,Soybean,20.77141939489716,9.77,140.93079
29077,158.6627686449098,Wheat,53.29204409572935,4.905849889624724,102.78
32019,114.8572316645432,Soybean,25.81075469423496,9.56,131.893583212343
37003,158.46547607787642,Barley,69.73951629799885,4.106072013093289,127.89
49021,260.77634649522224,Soybean,41.074260429661635,9.56,131.893583212343
36083,304.5474295804741,Soybean,45.635660469792214,9.75,140.40026
26113,376.168607026298,Soybean,52.98142225910748,9.75,140.40026
48283,269.68238633000965,Rice,5040.440038480302,0.1645,559.47
48011,390.72136932019487,Wheat,7.590157586094378,4.506692111959287,-356.5148659984154
19009,479.4507259244698,Soybean,60.68946376634407,9.91,121.98186
26119,442.85428067912255,Soybean,59.81995289016642,9.75,140.39026
48457,210.51933367225325,Barley,82.41680433103613,4.106072013093289,127.89
28025,67.75290935508774,Barley,47.64721824927301,4.106072013093289,127.89
53059,358.9134217557855,Wheat,97.55915437681814,5.226505139500734,150.98
30097,497.70143472414435,Soybean,65.85721944942335,9.56,131.893583212343
21069,135.15337552896926,Soybean,25.247395035853287,10.57,131.71159
27123,359.183567688724,Soybean,51.23936694243323,9.75,140.40026
37191,241.6365116669266,Soybean,23.94670655005958,10.7,14.593248418710914
26049,641.8997199884957,Soybean,59.653630616895434,9.75,-60.27682147376515
24001,227.40449234467053,Soybean,33.97597751605208,10.57,131.72159
28139,289.05144320450347,Barley,101.54265241208049,4.106072013093289,127.89
48047,230.59834070778618,Rice,4802.847055974384,0.1645,559.47
22007,200.45809374215457,Cotton,854.5146838855809,0.9055176093916756,573.32
13251,412.82965549488387,Cotton,788.3811226857504,0.9331695331695331,322.8635887214502
39043,625.8304575906235,Soybean,51.725731915715244,9.75,-121.50457141239986
33003,302.4062570931946,Wheat,77.25619680993255,5.771786283891547,143.5
20075,506.25292873656656,Soybean,66.24193641111223,9.77,140.93079
12089,136.1453796659872,Rice,4228.664921981685,0.1645,559.47
8035,399.05975645431243,Wheat,10.6670893598579,4.506692111959287,-350.986468978676
30055,268.73290653570893,Soybean,40.31012751946635,9.54,115.82570999999999
51065,198.17489959645673,Soybean,32.29926912116418,10.7,147.42728
39107,351.16363235265095,Soybean,47.744247462426934,9.91,121.98186
46069,346.9747630563679,Soybean,48.511579984944234,9.54,115.82570999999999
5093,273.29753984986735,Wheat,76.65899860597563,4.905849889624724,102.78
37195,347.8330057790141,Soybean,42.26193388115098,10.7,104.36968674930137
36089,450.141587716917,Soybean,60.56839463763251,9.75,140.40026
18125,164.46478833780515,Soybean,28.90379902500556,9.91,121.97185999999999
5073,304.59224539567754,Cotton,809.4897683105005,0.9493538713893943,463.9
38071,500.899633095279,Soybean,64.64626237896006,9.54,115.82570999999999
28085,92.63357931123119,Wheat,39.83276775844837,4.905849889624724,102.78
22027,75.73398317082474,Barley,49.59094300380416,4.106072013093289,127.89
18061,154.1805718333163,Barley,61.57181242129912,4.156456692913386,101.73999999999998
8085,667.7939923591423,Soybean,83.64932798864908,9.56,131.893583212343
5071,367.7309775376118,Cotton,875.9968254203322,0.9493538713893943,463.9
34011,246.4374875476101,Wheat,67.55923874657051,5.771786283891547,143.5
6043,266.20913000016606,Soybean,41.6425432230658,9.56,131.893583212343
19143,761.2800769153444,Corn,243.22645032814333,4.331437125748503,292.24
42091,245.39964914975985,Barley,70.90948709019712,5.112992125984253,117.16000000000001
12121,94.71148116883415,Soybean,23.703458617277946,9.56,131.893583212343
48143,172.17518973898535,Rice,5471.550351672437,0.11300000000000002,446.11000000000007
37153,81.8698778381208,Wheat,37.63871337128208,4.905849889624724,102.78
53005,1292.1719652275651,Wheat,18.124125887533392,5.226505139500734,-1197.4461281274137
31031,502.13397731986595,Soybean,64.77564856602369,9.54,115.82570999999999
34039,155.4545604560431,Barley,53.31800905200196,5.112992125984253,117.16000000000001
46051,371.3180389721297,Soybean,51.06223783774945,9.54,115.81570999999998
18103,382.11375991954765,Wheat,104.37258485845939,5.036799276672695,143.59
55033,390.4481352952248,Soybean,54.4459892610487,9.75,140.40026
37045,146.25186683761467,Soybean,27.445714657721002,10.7,147.41728
36021,288.8958516542163,Soybean,44.03037042607347,9.75,140.40026
36015,455.7188170596652,Soybean,61.14041815996566,9.75,140.40026
28021,135.85064338521863,Barley,64.231860168115,4.106072013093289,127.89
23003,664.9194347172536,Soybean,82.59689176587216,9.75,140.40026
55135,526.501372786943,Soybean,68.40016746532748,9.75,140.40026
30079,205.13686366785706,Soybean,33.6438756465259,9.54,115.82570999999999
13035,94.42932751356581,Barley,54.14404004718919,4.106072013093289,127.89
16085,451.5595236280987,Soybean,61.030659711343276,9.56,131.893583212343
48297,253.29198345326745,Corn,36.35964837960747,4.3357861635220125,-95.64432309843983
51075,166.04800444774042,Soybean,29.29675555586359,10.7,147.42728
28125,189.80360353836738,Soybean,17.497928159532233,10.08,-13.42448769028249
13139,194.9237943680074,Barley,78.61863925879302,4.106072013093289,127.89
42129,370.59239795770657,Soybean,47.52261002438094,10.57,131.72159
54019,390.2487872366637,Soybean,49.38224950204954,10.57,131.72159
18053,572.8366564900272,Soybean,54.3709074906173,9.91,-34.0209632580097
47187,229.59737093915192,Soybean,31.676127943048012,10.57,105.21930141886558
1041,319.1225847241901,Cotton,883.7328646201827,0.9331695331695331,505.54999999999995
21059,343.39019569087395,Wheat,96.68445553235797,5.036799276672695,143.59
4012,5861.73934530445,Wheat,1150.4282852152364,5.226505139500734,150.98
5145,72.50492375914698,Wheat,35.72977724611046,4.905849889624724,102.78
6035,323.7772225071371,Soybean,47.664310221702934,9.56,131.893583212343
51620,186.5577655965239,Barley,76.58116189726448,4.106072013093289,127.89
40091,111.80091172625214,Corn,78.55678229651004,4.735185185185185,260.18
17061,209.30179982109004,Wheat,70.06270856483486,5.036799276672695,143.59
45059,77.2921128694395,Soybean,21.001812417704627,10.7,147.42728
48401,103.97942053613687,Soybean,23.495953321134287,10.7,147.42728
48271,380.8357489605613,Cotton,804.8428731184961,0.9193667157584683,359.11
12095,159.92370349487658,Rice,4373.214003008368,0.1645,559.47
40027,198.26344451020742,Wheat,17.77727503006174,4.506692111959287,-118.14673936009738
50015,461.8463606151955,Soybean,61.768884165661085,9.75,140.40026
54039,318.160688690517,Soybean,42.562183414429235,10.57,131.72159
1111,189.00353686346364,Soybean,31.442132417146134,10.7,147.42728
36047,202.2947731105616,Wheat,59.91122264447641,5.771786283891547,143.5
17055,274.2714707867054,Soybean,26.375197336699088,9.91,-12.893265180017394
37079,156.6221911723214,Wheat,52.876096294940766,4.905849889624724,102.78
40059,694.6537553448053,Wheat,11.238829671001483,4.506692111959287,-644.0038103188489
48465,113.7640897503949,Soybean,26.069076740060893,9.77,140.93079
48461,85.6079736395972,Barley,51.99567200935659,4.106072013093289,127.89
22013,63.71939400175248,Soybean,19.733334018855373,10.7,147.42728
51137,183.30704506226442,Soybean,30.909750005819106,10.7,147.42728
38091,570.727599513993,Soybean,66.84922379591133,9.54,67.01399549900103
51083,1227.1311891130808,Soybean,20.7692805693534,10.7,-1004.8998870209995
42051,253.09621997143984,Soybean,36.40660453845221,10.57,131.72159
17085,338.95195354216094,Soybean,46.5119892575339,9.91,121.98186
51540,179.6286433301724,Barley,74.89363127328707,4.106072013093289,127.89
28037,87.8124856986558,Barley,52.53256275360777,4.106072013093289,127.89
28075,124.11480299788364,Barley,61.373692958696324,4.106072013093289,127.89
29119,61.011130329252666,Wheat,33.38690217074334,4.905849889624724,102.78
48009,538.3880459206019,Wheat,8.611974753140851,4.506692111959287,-499.5765272322295
24003,183.55866475047765,Soybean,30.93326586453062,10.7,147.42728
55123,636.9468574783863,Soybean,79.7279094849627,9.75,140.40026
8081,423.92419508695144,Soybean,58.13993496854545,9.56,131.893583212343
1023,107.66461657295135,Barley,57.367385623492126,4.106072013093289,127.89
18165,212.47994420834425,Soybean,33.749929788934836,9.91,121.98186
13319,50.986897696042405,Wheat,31.343579839497476,4.905849889624724,102.78
13061,383.63557592067616,Cotton,775.0330254568194,0.9331695331695331,339.6016306358348
48257,134.12169019971432,Wheat,31.022556548312487,4.506692111959287,5.687420689376495
19057,302.3608802793898,Soybean,42.81965088591219,9.91,121.98186
48311,75.30389960700904,Rice,3858.8079003465596,0.1645,559.47
21237,164.94905614528275,Wheat,54.573430122983815,4.905849889624724,102.78
34035,460.51842943356684,Wheat,58.29535851744782,5.771786283891547,-124.05007872802122
45045,646.0160701427668,Wheat,35.97556611961783,4.905849889624724,-469.5253430656527
17051,126.94852409407842,Soybean,25.119110403035158,9.91,121.98186
38013,353.40453778749645,Soybean,49.1855605647271,9.54,115.82570999999999
51165,571.9561100409834,Soybean,67.23209252719471,10.7,147.42728
18019,174.9044913862467,Wheat,63.23350880018468,5.036799276672695,143.59
30053,606.5131494828818,Soybean,77.23919798067205,9.56,131.893583212343
21125,161.45079260832563,Soybean,27.736270823871866,10.57,131.72159
13037,460.4534056013616,Cotton,913.5101509811923,0.9331695331695331,392.00643553538725
48451,232.2268266538288,Cotton,175.66162483325184,0.9193667157584683,-70.72937554608586
29063,278.3913021645189,Rice,6411.515948358574,0.11300000000000002,446.11000000000007
39003,337.7937577036633,Soybean,39.78306076544958,9.91,56.45637448194202
6069,199.1553975208884,Soybean,34.62855447000329,9.56,131.893583212343
47083,151.65595114277386,Barley,68.0811126184266,4.106072013093289,127.89
30009,420.6936305410074,Soybean,57.80200980683581,9.56,131.893583212343
39117,291.1506646459206,Soybean,41.687439419366356,9.91,121.97185999999999
48481,419.67779805315314,Corn,115.49506572615225,4.3357861635220125,81.08410987736318
17013,247.73669100889947,Soybean,37.307623714318815,9.91,121.98186
51101,548.3338504969252,Soybean,29.088737371498773,10.7,-237.08436062188832
20083,623.125920308867,Soybean,78.20437157716141,9.77,140.93079
20033,364.85960841339187,Wheat,5.783941484631727,4.506692111959287,-338.79316494856795
6029,2446.024774871669,Cotton,2425.962927431517,1.30784140969163,726.7499999999999
27023,489.94385298955683,Soybean,61.748306053436615,9.91,121.98186
19015,335.6242757406924,Soybean,46.1761993683847,9.91,121.98186
19173,261.16400922894,Soybean,38.66154079000404,9.91,121.97185999999999
5029,94.32797543911751,Soybean,18.764561504611553,10.57,104.0134396646266
49013,471.67361569935855,Soybean,63.134644237625686,9.56,131.893583212343
51089,221.95760137595164,Soybean,34.52195153046277,10.7,147.42728
5129,234.2378002967984,Soybean,34.62245887386929,10.57,131.72159
55001,484.47578583670145,Soybean,64.08985085504631,9.75,140.40026
44009,627.1022891490948,Wheat,133.51192356164768,5.771786283891547,143.5
6021,1384.5655240954502,Corn,385.3915901466174,4.3357861635220125,286.40999999999997
40087,159.98325668018703,Wheat,24.59391475943363,4.506692111959287,-49.1460550316484
29221,132.31337725300102,Soybean,25.660467936730676,9.91,121.98186
13043,76.32447162082951,Cotton,623.5463663761917,0.9331695331695331,505.54999999999995
36039,328.273423096667,Soybean,48.069095702222256,9.75,140.40026
46135,260.99659674532836,Soybean,38.645656583786916,9.91,121.98186
13277,330.96041408224016,Cotton,761.1640398229122,0.9331695331695331,379.33467762474265
30035,425.3984673914629,Soybean,56.732094066191074,9.54,115.82570999999999
48441,290.0619627891961,Wheat,3.2719622378315267,4.506692111959287,-275.3162363813321
29067,230.842475008453,Soybean,34.30123604621126,10.57,131.72159
38099,401.85913629019376,Soybean,54.26465894027188,9.54,115.82570999999999
54071,304.5371560732141,Soybean,41.273296695668314,10.57,131.72159
17145,129.1211055404715,Soybean,25.337332546969876,9.91,121.97185999999999
19177,170.86921181011587,Soybean,29.551066782050036,9.91,121.98186
19071,455.11033093567806,Soybean,47.46414675508924,9.91,15.259363407256274
13123,193.13589573676234,Soybean,31.82833418100583,10.7,147.42728
55023,351.0628480345591,Soybean,50.40647261892914,9.75,140.40026
38097,503.664279050946,Soybean,63.19481107413662,9.54,99.21421859631734
4013,1066.0114566007146,Cotton,1370.771290246437,1.30784140969163,726.7399999999999
27001,668.8641547664947,Soybean,83.00045279656356,9.75,140.39026
29186,205.23706209980944,Soybean,21.213571700720035,9.91,4.989433454326104
47095,569.0066476124329,Cotton,1261.517871949332,0.9055176093916756,573.32
13317,69.81879763441486,Soybean,20.3033717415341,10.7,147.42728
54059,157.625641318997,Soybean,27.37438328467332,10.57,131.72159
48241,83.84680535329682,Soybean,21.614400500308115,10.7,147.42728
55061,607.5664058127699,Soybean,76.71452982695075,9.75,140.40026
20091,135.5829706250792,Wheat,50.223748372878404,4.506692111959287,90.76
51099,779.5265458734341,Barley,74.57172094223053,4.106072013093289,-473.32968954433863
18059,603.6191803545581,Wheat,148.3500015208396,5.036799276672695,143.59
54099,339.85940426150887,Cotton,846.6383595036004,0.9493538713893943,463.9
31159,588.3487857095514,Corn,190.1785469743918,4.331437125748503,235.39763317623488
5091,170.3102701141496,Cotton,668.0441184549792,0.9493538713893943,463.9
55009,612.9366432568137,Soybean,77.26532341095525,9.75,140.40026
39149,400.0571109686174,Wheat,107.93503594364996,5.036799276672695,143.59
36067,284.89124950567384,Soybean,43.61964200058193,9.75,140.40026
5017,455.07734563846543,Wheat,113.712681429219,4.905849889624724,102.78
20047,819.8775997362224,Wheat,16.385227522965067,4.506692111959287,-746.0344241058175
51017,471.33105934414084,Soybean,57.05323077995656,10.57,131.72159
13191,206.28577917850865,Wheat,68.35653455659602,5.226505139500734,150.98
47177,104.08813808908062,Wheat,42.16764530985377,4.905849889624724,102.78
48013,506.69035016745465,Wheat,7.071548321947969,5.226505139500734,-469.7308665185658
16015,316.511438300593,Soybean,46.90429095323598,9.56,131.893583212343
35033,396.4878330925784,Cotton,821.8677271443504,0.9193667157584683,359.11
48127,157.3204092502565,Soybean,30.25250967182003,9.56,131.893583212343
42035,401.1054774736414,Wheat,94.35648700187988,5.771786283891547,143.5
31093,229.2482879487415,Soybean,37.88936314726116,9.77,140.93079
54073,238.08298816588734,Soybean,34.98624202137061,10.57,131.72159
55057,499.8905839794887,Soybean,65.67085579276808,9.75,140.40026
13315,420.48106006075716,Cotton,631.8727387042078,0.9331695331695331,169.16332853840277
51109,157.85409115335267,Soybean,28.530969266668475,10.7,147.42728
17037,476.95910831261745,Wheat,123.20306492788247,5.036799276672695,143.59
18029,202.80523204021338,Soybean,19.891349444805726,9.91,-5.681959042188623
53027,220.78339904954854,Wheat,71.13039959338134,5.226505139500734,150.98
54055,350.41705469024316,Soybean,45.61387366984325,10.57,131.72159
29123,400.3593924708808,Soybean,35.19854213586246,10.57,-28.310802094814562
37071,149.59561038125656,Barley,67.57933360555313,4.106072013093289,127.89
13237,77.61063701904044,Wheat,36.770517051600926,4.905849889624724,102.78
21197,379.4099365470186,Soybean,32.945972413370484,10.57,-31.17100813769258
19003,320.2546765842614,Soybean,44.625281189128295,9.91,121.98186
27135,522.7279172022304,Soybean,66.93434247402834,9.54,115.82570999999999
20165,125.34639602128388,Wheat,12.510511758448517,4.506692111959287,-68.96537136291003
56031,158.56633926848602,Wheat,6.662487038485105,5.26809312638581,-123.46773709640809
39085,320.9216858420177,Soybean,47.31507136841208,9.75,140.40026
37167,480.34288325760804,Cotton,1056.4992192886953,0.9331695331695331,505.54999999999995
13241,239.6465552237949,Soybean,36.175124787270555,10.7,147.42728
49045,165.09798857628516,Soybean,31.066063994626376,9.56,131.893583212343
48345,862.0202990876021,Cotton,131.61516350440078,0.9193667157584683,-741.0176984725473
27045,492.34232070944586,Soybean,61.99033105039817,9.91,121.98186
5001,180.903015794227,Wheat,57.82545780582934,4.905849889624724,102.78
28019,300.5708924403319,Barley,104.34811933986344,4.106072013093289,127.89
37157,157.86015202154783,Barley,69.59209461265131,4.106072013093289,127.89
20109,326.67487285302866,Soybean,47.861377978815625,9.77,140.93079
23021,565.7080071988256,Soybean,72.4213607383411,9.75,140.40026
9007,562.7569488611734,Wheat,122.36366942973319,5.771786283891547,143.5
13263,126.91392794677358,Soybean,25.63936522867043,10.7,147.42728
31045,530.4865337064382,Soybean,67.74761464428073,9.54,115.82570999999999
30081,725.1296780315195,Soybean,89.64678464893959,9.56,131.893583212343
28089,105.8501741343388,Wheat,42.52681570538191,4.905849889624724,102.78
6045,172.51415432018533,Wheat,55.92920576931907,5.272096219931272,122.35
46049,434.99189340965364,Soybean,51.447887934109204,9.54,55.82095748174813
21003,142.82253543417363,Soybean,25.973900230290784,10.57,131.72159
16047,1096.4782183651607,Wheat,200.4982498993162,5.226505139500734,-48.57308480548207
13003,762.7018878726024,Cotton,1359.0691110167172,0.9331695331695331,505.53999999999996
48083,461.40661391941495,Wheat,7.290890618956915,4.506692111959287,-428.5488146778039
38005,437.0209557726772,Soybean,57.95038425290118,9.54,115.82570999999999
17093,277.3421624876073,Wheat,83.57135938235656,5.036799276672695,143.59
28013,98.48046286366629,Soybean,13.227988597162483,10.08,34.85766219573155
12085,107.63803031382906,Rice,4055.3679654336115,0.1645,559.47
51041,171.5075056351319,Barley,72.91579511524013,4.106072013093289,127.89
31095,261.9172434787291,Soybean,41.2331661697778,9.77,140.93079
54057,317.3435454461094,Soybean,42.48487563350136,10.57,131.72159
38025,404.0302521291029,Soybean,54.4922392168871,9.54,115.82570999999999
28043,95.38255909640816,Wheat,40.39311506768641,4.905849889624724,102.78
54075,490.43062527551973,Corn,158.515579839179,4.735185185185185,260.17
50023,520.7919885249297,Soybean,67.81458959230048,9.75,140.40026
39135,338.54045267614924,Soybean,32.5063198285107,9.91,-16.40282317560819
55089,482.7620992564305,Soybean,63.91408812886466,9.75,140.40026
13193,88.13428090165237,Wheat,38.915638512587364,4.905849889624724,102.78
12045,143.1749542694305,Cotton,665.1608886390484,1.30784140969163,726.7499999999999
12067,154.94686447658674,Wheat,58.53373455322205,5.226505139500734,150.98
12031,361.9879710646661,Rice,5601.568213159065,0.1645,559.47
49019,549.5692292813592,Soybean,71.28272097214459,9.56,131.893583212343
28117,144.43771560456463,Soybean,12.61140511560102,10.08,-17.31475203930637
1083,134.81751905125685,Wheat,48.431469449105386,4.905849889624724,102.78
51775,267.76910669629024,Soybean,37.794767899365205,10.57,131.72159
19055,438.1621272181534,Soybean,56.52310668195291,9.91,121.98186
42011,376.6219342643392,Wheat,90.11455183570209,5.771786283891547,143.5
5107,257.57628887916746,Soybean,14.431568142408292,10.08,-112.10608200369188
34027,158.0392961805848,Soybean,30.60918524929075,9.75,140.40026
20067,620.1309310828863,Wheat,11.828778321498284,4.506692111959287,-566.8222691272749
19051,196.08888917957165,Soybean,32.09492928149058,9.91,121.97185999999999
55051,541.101309143993,Soybean,69.89759683528133,9.75,140.40026
39015,194.7527227987244,Soybean,21.63613004323691,9.91,19.66132592975339
29111,301.71674110467666,Wheat,88.41065856387391,5.036799276672695,143.59
29179,298.5998268070798,Cotton,803.1776661858969,0.9493538713893943,463.9
1065,89.52706941998494,Soybean,22.145266300933173,10.7,147.42728
29003,276.4629230408432,Soybean,40.205326240246535,9.91,121.97185999999999
37175,180.17670867732795,Soybean,29.50788066956745,10.57,131.72159
27105,515.9536184153787,Soybean,64.37290397733388,9.91,121.98186
12115,303.1925259743144,Barley,98.35457426374711,4.940314465408805,182.71000000000004
19157,306.4836088355698,Soybean,43.235667894608454,9.91,121.98186
13201,413.72807952125356,Cotton,985.1029709456299,0.9331695331695331,505.53999999999996
17033,241.74899339146214,Soybean,36.703416083901324,9.91,121.98186
21045,200.8620471720318,Soybean,31.464866336048416,10.57,131.72159
48489,1049.3760957145041,Cotton,415.65683380482733,1.30784140969163,-505.762876243239
19087,271.01090983011636,Corn,130.03788199575507,4.331437125748503,292.24
20135,140.19568543627383,Soybean,28.77446012653775,9.77,140.93079
51125,164.66153855186252,Soybean,29.167179303912388,10.7,147.42728
19005,406.8462957602717,Soybean,53.363083325960815,9.91,121.98186
23011,552.151879155,Soybean,71.03098863128204,9.75,140.40026
27133,525.1673236649118,Soybean,65.3026421458034,9.91,121.98186
6081,284.86550184958446,Cotton,773.5001310962532,1.30784140969163,726.7499999999999
9015,675.7887205007152,Corn,216.16861897188002,4.472243589743591,290.97
41027,255.5084843207186,Soybean,40.523228821449955,9.56,131.893583212343
17025,121.8179138384343,Wheat,52.69376428551318,5.036799276672695,143.59
19037,413.13289157324505,Soybean,53.997452227370836,9.91,121.98186
36081,695.8587560157339,Wheat,145.42443443519323,5.771786283891547,143.5
38055,536.1187215051444,Soybean,68.3379907238097,9.54,115.82570999999999
37147,276.8221041444891,Cotton,838.4029657367222,0.9331695331695331,505.54999999999995
20009,432.90796342929116,Wheat,16.357025782084293,4.506692111959287,-359.1918843620572
19191,425.35989286427946,Soybean,55.23125659579006,9.91,121.98186
55069,518.4605406020783,Soybean,67.57546672841828,9.75,140.40026
51187,170.94761833463468,Soybean,29.754663395760254,10.7,147.42728
28137,83.90974825643889,Wheat,38.054517047344845,4.905849889624724,102.78
6005,232.5503568009628,Soybean,38.12175104741692,9.56,131.893583212343
48067,55.37917193221881,Rice,4437.95727373645,0.11300000000000002,446.11000000000007
20089,366.89478746582154,Wheat,23.351696957152704,4.506692111959287,-261.6558789881578
6107,966.0449260800311,Cotton,1294.34265770738,1.30784140969163,726.7499999999999
55115,478.2115640933057,Soybean,63.44736657367238,9.75,140.40026
20201,140.03258810131842,Soybean,28.756742896757263,9.77,140.92079
26141,623.7104422593098,Soybean,62.24749530899212,9.75,-16.797362996636707
54031,652.3927306754035,Soybean,74.18300100997195,10.57,131.72159
49005,456.14263688515547,Soybean,61.51006486375507,9.56,131.893583212343
6093,343.54164119962985,Soybean,49.73171803472519,9.56,131.893583212343
48387,130.50259312893223,Barley,62.92938660232445,4.106072013093289,127.89
31021,284.41479286635735,Corn,95.11569504664371,4.331437125748503,127.57285990004823
50001,321.08961136740345,Wheat,80.49321102966417,5.771786283891547,143.5
20087,173.89932460845228,Wheat,58.72584992130547,4.506692111959287,90.76
18085,339.4679254545357,Wheat,95.90573277195261,5.036799276672695,143.59
55125,715.8574416081716,Soybean,87.82130272904324,9.75,140.40026
40039,177.30402409580324,Cotton,583.4603481955153,0.9193667157584683,359.11
46079,543.827752903742,Soybean,67.1856319781778,9.91,121.98186
41063,406.8851216115973,Soybean,56.35760510710673,9.56,131.893583212343
38023,247.74157515837615,Soybean,38.10977831848807,9.54,115.82570999999999
20027,187.96260946518612,Corn,105.1548576724605,4.347042253521127,269.1499999999999
39081,300.0674703356728,Soybean,40.850431441407075,10.57,131.72159
29159,225.90670786577536,Wheat,73.35942680444963,5.036799276672695,143.59
42009,454.2462687060439,Soybean,60.98938755959424,9.75,140.40026
4027,1506.5951958562052,Wheat,146.98517794504863,5.226505139500734,-738.3764078959786
31179,390.27058464523896,Soybean,51.69045859185055,9.91,121.98186
27145,432.0751154003581,Soybean,58.715423117985445,9.75,140.40026
21167,172.32657927112382,Soybean,28.765200498687207,10.57,131.72159
51053,211.4348010974998,Wheat,64.04900438597313,4.905849889624724,102.78
30051,369.2042550819481,Soybean,50.84171541739498,9.54,115.82570999999999
48119,162.3521357758247,Soybean,18.786552143271084,9.77,21.192478663933784
20157,309.6046153266313,Corn,133.1375637901465,4.347042253521127,269.1499999999999
17169,185.0335577526825,Soybean,30.98036506081559,9.91,121.98186
13127,10.592519332025802,Barley,39.127573899494735,4.940314465408805,182.71000000000004
46037,268.34482940023327,Soybean,40.26840035641858,9.54,115.81570999999998
26093,469.3132465690346,Soybean,62.53471862246509,9.75,140.40026
29015,165.01921506798868,Soybean,28.95974521372237,9.91,121.97185999999999
20193,713.4557184242218,Soybean,87.45000086225403,9.77,140.93079
22111,117.57930909807625,Barley,59.7820272794371,4.106072013093289,127.89
48359,1445.6280913486758,Wheat,4.43075166947569,4.506692111959287,-1425.6600577497993
33005,328.32752154534575,Wheat,81.7472266535868,5.771786283891547,143.5
19073,415.0761545711915,Soybean,54.19354334724434,9.91,121.98186
24035,340.39330836438376,Wheat,90.33568460821465,4.905849889624724,102.78
45009,90.16381426976574,Barley,55.23409818957462,4.940314465408805,182.71000000000004
41005,868.184573010567,Wheat,194.99733489364223,5.226505139500734,150.97
48153,725.8711086638107,Cotton,762.3985303444746,0.9193667157584683,-24.947275721928122
12079,50.702928095233375,Soybean,19.100053484056104,9.56,131.893583212343
49057,421.5660333201317,Soybean,57.89326532766471,9.56,131.893583212343
21149,275.55616358311727,Wheat,83.21676933292542,5.036799276672695,143.59
6067,1694.2243430461635,Corn,456.8085851902987,4.3357861635220125,286.4
51113,263.35644892935704,Wheat,74.63262373838448,4.905849889624724,102.78
51510,163.032386312039,Wheat,54.18273944219123,4.905849889624724,102.78
55039,494.34744426626423,Soybean,65.10232864269376,9.75,140.40026
32015,300.97108469122645,Soybean,45.27873095225622,9.56,131.893583212343
47069,76.66134033424123,Soybean,23.421688525222343,10.08,159.42928
34025,345.29837464494835,Soybean,27.130453828290253,9.75,-80.7764498191184
34001,272.60794584696157,Barley,76.23089107963982,5.112992125984253,117.16000000000001
19197,392.6221602621347,Soybean,51.927751792344566,9.91,121.98186
21075,198.25987096524736,Soybean,24.450915570751675,9.91,44.04870234090174
51141,171.06047854204218,Barley,72.8069253507391,4.106072013093289,127.89
53041,799.0795962789156,Wheat,181.77722415282477,5.226505139500734,150.98
39165,642.941177704677,Wheat,156.15694303074528,5.036799276672695,143.59
23031,340.31729994160173,Soybean,49.304365122215565,9.75,140.40026
8099,220.2244783384499,Corn,112.5764254861001,4.347042253521127,269.1499999999999
39113,362.0011921391857,Soybean,30.879131270415943,9.91,-55.98900124936368
55121,509.9344867003148,Soybean,66.70099966157075,9.75,140.40026
56023,279.73391539681506,Soybean,43.05726972899143,9.56,131.893583212343
17183,391.54327760992305,Wheat,106.24470982759347,5.036799276672695,143.59
39175,804.6243500230887,Soybean,42.686332209162586,9.75,-388.43261098375353
53047,370.8237507542031,Soybean,52.58549518478515,9.56,131.893583212343
48231,80.25979643773914,Wheat,34.33218993337315,4.506692111959287,74.46481312128168
13243,518.8020497371459,Cotton,747.4267554960695,0.9331695331695331,178.67382676754005
49043,209.13984077435146,Soybean,35.67295229986343,9.56,131.893583212343
12035,273.8021998358947,Rice,5065.484497482643,0.1645,559.47
19175,222.9286086054094,Soybean,31.169131671218164,9.91,85.95748625636259
26013,615.9667502788186,Soybean,77.57610361834037,9.75,140.40026
27137,609.1169157185714,Soybean,76.87355648395604,9.75,140.40026
28145,117.05733815892636,Soybean,11.390938529315783,10.08,-2.2366777834232607
51760,235.56121674190302,Soybean,35.7933174525143,10.7,147.42728
47107,216.08073433971384,Soybean,22.144226246864367,10.57,17.98373708964253
39151,332.01757834507725,Soybean,48.45311162513613,9.75,140.40026
26033,564.1163592094713,Soybean,72.258114790715,9.75,140.40026
8113,309.46704874365435,Soybean,46.16743012092022,9.56,131.893583212343
1087,81.48225549359071,Soybean,18.00312281410039,10.7,111.15115861728344
17141,492.6352059507999,Soybean,62.01988556516649,9.91,121.98186
40085,97.90077984403831,Soybean,24.44540121228642,9.77,140.93079
16065,698.6797559768892,Wheat,138.69121587731257,5.226505139500734,26.190596609490697
31111,709.7444003044841,Corn,225.18400862369867,4.347042253521127,269.13999999999993
51183,284.6167955058854,Soybean,27.8963964843772,10.7,13.874646876950578
12069,115.84605955558851,Corn,92.7758068282664,4.3357861635220125,286.40999999999997
20057,687.1860354928293,Wheat,17.088038252261878,4.506692111959287,-610.1755082925022
12125,93.56898100922893,Soybean,23.583950232382,9.56,131.893583212343
38087,287.4760761489341,Soybean,42.27482035104131,9.54,115.82570999999999
17065,192.31764135725217,Soybean,31.71437955169043,9.91,121.97185999999999
26059,670.0752350998292,Soybean,65.20817652138786,9.75,-34.2955140162976
46123,121.05466432093164,Soybean,24.830227916240215,9.54,115.82570999999999
27067,401.2634014724117,Soybean,55.55524733050376,9.75,140.40026
46053,215.74922359418375,Soybean,34.75628234739872,9.54,115.82570999999999
48317,852.2254365458188,Cotton,155.3355560716393,0.9193667157584683,-709.4150965197204
27077,374.09591193794006,Soybean,52.768838147481034,9.75,140.40026
31089,327.2786447905644,Soybean,46.446997357501516,9.54,115.82570999999999
19111,303.78616026794725,Soybean,42.96347328637207,9.91,121.98186
48331,117.58032745902045,Soybean,26.459684489152558,9.77,140.93079
36013,385.9296103659558,Soybean,53.9825508067647,9.75,140.40026
51133,252.213792603239,Wheat,72.36132384604912,4.905849889624724,102.78
1133,39.402151267144035,Wheat,28.982165061316287,4.905849889624724,102.78
30011,228.70893350377074,Soybean,36.11474250563635,9.54,115.82570999999999
48193,170.6118670443578,Wheat,12.679601770563956,4.506692111959287,-113.46880576217221
29009,238.49312723464135,Soybean,35.02504420384497,10.57,131.72159
19041,339.55516814761563,Soybean,46.572858541636286,9.91,121.98186
48001,196.04408660434552,Barley,78.89147720044767,4.106072013093289,127.89
26003,644.0051977255127,Soybean,80.45184181800131,9.75,140.40026
8065,335.1158853983472,Soybean,48.850362825386,9.56,131.893583212343
18179,331.1208278768609,Soybean,39.716734765843874,9.91,62.472013652651874
38011,267.257779756688,Soybean,40.15550207093166,9.54,115.82570999999999
46085,187.15276546809065,Wheat,15.67397849421957,5.26809312638581,-104.58078709957351
48179,517.4116560070994,Wheat,8.547975674566304,4.506692111959287,-478.8885614613116
20127,60.1017360871827,Soybean,20.57548885232167,9.77,140.92079
6041,644.3876604695449,Corn,214.6779442908334,4.3357861635220125,286.40999999999997
46103,132.64687971560735,Soybean,26.045344833921106,9.54,115.82570999999999
20155,597.3850371912011,Wheat,30.14946611255064,4.506692111959287,-461.51067608198537
18081,318.3891183884551,Soybean,44.43703111891575,9.91,121.98186
48251,55.459532765379436,Wheat,32.44276048443317,4.506692111959287,90.75
1013,110.95794217673694,Soybean,24.148151605302516,10.7,147.42728
21141,331.7603988058132,Wheat,94.37548980904185,5.036799276672695,143.59
6061,302.263385303353,Soybean,45.41390884055397,9.56,131.893583212343
16031,818.2724071910584,Wheat,89.2486047639413,5.226505139500734,-351.81411569904947
12011,364.75053677834,Rice,5618.361925704195,0.1645,559.47
31091,520.9691645976559,Soybean,66.7499868551002,9.54,115.82570999999999
54065,379.68031123708795,Soybean,48.38239368373585,10.57,131.72159
28095,94.03109398011252,Barley,54.04705355202218,4.106072013093289,127.89
39131,262.04080057677385,Soybean,38.75001620350896,9.91,121.97185999999999
37087,340.63441706446054,Soybean,44.6883639606869,10.57,131.72159
51790,249.55284111882338,Corn,107.64792108101864,4.735185185185185,260.18
51800,333.92769255370024,Soybean,20.163762534442988,10.7,-118.17543343516024
37011,345.37288595964947,Barley,115.25927564117882,4.106072013093289,127.89
48295,508.9920958920818,Wheat,11.60330284186592,4.506692111959287,-456.69958250196987
22031,28.083061276025603,Wheat,26.674901234296847,4.905849889624724,102.78
4021,608.6156006067596,Cotton,1021.0378649209592,1.30784140969163,726.7399999999999
20013,148.71532297533287,Soybean,29.64648034547931,9.77,140.93079
21129,186.14021687977518,Wheat,58.89299986345002,4.905849889624724,102.78
17203,286.4089451570771,Soybean,41.20997024793916,9.91,121.98186
13103,230.20402153696085,Barley,87.21084783585967,4.106072013093289,127.89
54041,273.77980173799466,Soybean,38.36342400548672,10.57,131.72159
19089,609.584085737864,Soybean,73.82098342460787,9.91,121.98186
17059,220.09234097498197,Wheat,72.20504947642667,5.036799276672695,143.59
46065,349.4602156431009,Soybean,48.772109606195066,9.54,115.82570999999999
56041,270.07827347584777,Soybean,42.04726534395301,9.56,131.893583212343
38035,513.2278263177897,Soybean,65.9385258194748,9.54,115.82570999999999
13133,121.55058052996975,Wheat,45.727159529361394,4.905849889624724,102.78
13013,64.76200373967347,Wheat,34.15147375259166,4.905849889624724,102.78
51013,234.33505209243322,Soybean,35.67872262546105,10.7,147.42728
5053,100.62973275005001,Soybean,21.982149739834437,10.57,131.72159
16071,517.225242468654,Soybean,67.89945875324236,9.56,131.893583212343
40061,316.09959153358636,Cotton,821.6110083293227,0.9493538713893943,463.9
17105,254.08958068492228,Soybean,37.948682208367536,9.91,121.98186
48379,150.74782293103635,Barley,67.85994547648615,4.106072013093289,127.89
48107,726.128453293407,Cotton,337.81977465948677,0.9193667157584683,-415.5481965464488
51063,540.8482257140681,Soybean,63.63006771183236,10.57,131.72159
16053,1589.4109579659996,Wheat,332.9932548640432,5.226505139500734,150.98
29223,141.4077511005101,Soybean,25.84005119210124,10.57,131.72159
37015,517.0929491391919,Cotton,814.9513514936272,0.9331695331695331,243.39482308999624
18107,425.85661950372025,Wheat,113.05723897734838,5.036799276672695,143.59
56045,389.81164885124736,Soybean,53.00181958608463,9.54,115.82570999999999
19107,227.11941553066606,Soybean,35.227172101984465,9.91,121.98186
48113,77.29503461548455,Rice,4631.902961198978,0.11300000000000002,446.11000000000007
39061,200.12030824473882,Wheat,68.23982639860002,5.036799276672695,143.59
20093,442.85998416544726,Soybean,59.753405748766355,9.77,140.93079
26073,475.3024371984433,Soybean,59.11439789493387,9.75,101.06294227716194
23029,573.6041487171605,Soybean,73.23122140688825,9.75,140.40026
35001,279.16192658132275,Soybean,42.997438262935745,9.56,131.893583212343
21155,230.79919336925246,Soybean,34.297141283751415,10.57,131.72159
21065,127.37012409563654,Soybean,21.730293028465052,10.57,102.31907321523907
16035,466.9989889895516,Soybean,62.64566654831533,9.56,131.893583212343
1001,94.49769165272836,Barley,54.16068956988255,4.106072013093289,127.89
27043,318.7559570149901,Soybean,44.47404813471141,9.91,121.98186
13055,239.07927946850384,Soybean,35.08049853060585,10.57,131.72159
41021,1348.229990252009,Wheat,27.93468977360938,5.272096219931272,-1200.9556178916102
8107,643.1801079497127,Soybean,81.07465388724432,9.56,131.893583212343
28065,48.217534694701385,Cotton,593.4265050572498,0.9331695331695331,505.54999999999995
18123,110.29264947288169,Barley,51.012837408937756,4.156456692913386,101.73999999999998
48367,19.501706870617667,Barley,35.89603552997134,4.106072013093289,127.89
22037,86.11749511712009,Wheat,38.50454036855374,4.905849889624724,102.78
36003,380.7508376214388,Soybean,53.45139462783988,9.75,140.40026
31059,576.6358751071052,Corn,96.10563944074647,4.347042253521127,-158.86059965651384
40147,101.80176581767796,Cotton,595.8808225954401,0.9493538713893943,463.9
54023,446.5624242763299,Soybean,54.7099351254806,10.57,131.72159
55041,951.8710071878415,Corn,277.90100924692655,4.472243589743591,290.97
18031,288.84571671399794,Soybean,41.455860415136016,9.91,121.98186
27053,287.7910346914645,Soybean,43.917055865791234,9.75,140.40026
19025,547.5753205650644,Soybean,67.56379218618208,9.91,121.98186
47033,395.5267727991093,Cotton,546.9858590252854,0.9055176093916756,99.77855463651923
29215,243.5430406404314,Soybean,35.50280327724043,10.57,131.72159
48339,75.87830641129673,Soybean,20.869680973018387,10.7,147.42728
18091,295.20675559033,Soybean,42.09774123010393,9.91,121.98186
48261,63.42418297197236,Corn,80.68529437987728,4.3357861635220125,286.40999999999997
56009,520.8493894614923,Soybean,66.73743180938074,9.54,115.82570999999999
13211,250.86785648802282,Wheat,36.25114002116033,4.905849889624724,-73.025205216443
41051,743.0655058260069,Wheat,171.0579980241654,5.226505139500734,150.97
40131,51.49975907922996,Soybean,17.333145608252597,10.57,131.71159
39071,332.25227274408746,Soybean,45.834927623015886,9.91,121.97185999999999
19069,479.98786934734164,Soybean,60.74366592808695,9.91,121.98186
39125,283.5212850817021,Soybean,40.91757266212937,9.91,121.97185999999999
30057,476.9247634678247,Soybean,63.68392747700498,9.56,131.893583212343
37149,234.54322407236822,Soybean,34.65135421687495,10.57,131.72159
47145,74.34828367923186,Soybean,19.495730717051263,10.57,131.72159
5033,459.3417437972213,Soybean,14.168856919715493,10.57,-309.5769261558285
27171,456.9020762399218,Soybean,61.26075243486378,9.75,140.39026
54107,174.80997584172397,Wheat,56.583463026211426,4.905849889624724,102.78
51570,631.0966003811368,Corn,190.1780322050476,4.9799999999999995,315.99000000000007
5097,222.07032734685959,Cotton,722.565471127148,0.9493538713893943,463.9
20185,788.4487954411712,Wheat,25.51152560593595,4.506692111959287,-673.4762042288523
40127,74.95015920753842,Barley,49.40004913716303,4.106072013093289,127.89
22075,197.3287231772955,Barley,79.20433985089646,4.106072013093289,127.89
31103,516.2182356713836,Soybean,66.25198591943224,9.54,115.82570999999999
5111,174.09240080462163,Wheat,56.437193765380606,4.905849889624724,102.78
13141,147.93469265282062,Barley,67.17483078067825,4.106072013093289,127.89
30025,319.6543848395953,Soybean,45.64780868339574,9.54,115.82570999999999
29081,203.85124687079121,Soybean,32.87821461864694,9.91,121.97185999999999
55035,397.6351387957177,Soybean,55.18311782520181,9.75,140.40026
8109,959.421281258716,Corn,287.3368829256819,4.3357861635220125,286.40999999999997
5105,159.82839546150092,Soybean,27.581834007710587,10.57,131.71159
51005,388.3339275456515,Soybean,49.20108964481093,10.57,131.72159
31121,522.9784477456049,Corn,133.61108865243622,4.331437125748503,55.74958205523194
29149,212.62580202804696,Soybean,32.5778043545929,10.57,131.72159
29021,331.20403247868495,Soybean,32.31221494064312,9.91,-10.989982416911559
39173,603.4625720662391,Soybean,38.707004525688674,9.91,-219.8761572166643
39087,254.12925772119246,Soybean,37.95167686389429,9.91,121.97185999999999
37031,345.5658409116628,Soybean,20.894790287195583,10.7,-121.99158483867006
28093,252.3447148170596,Soybean,13.531074986192078,10.08,-115.95147895624348
27019,418.83667407845587,Soybean,57.35763426445701,9.75,140.40026
20055,675.1652047740051,Soybean,83.53080806284598,9.77,140.93079
17133,367.9964507837137,Wheat,101.56975147948864,5.036799276672695,143.59
24015,318.391094884841,Wheat,85.8507912717767,4.905849889624724,102.78
24047,289.70320633888497,Soybean,40.853316480269626,10.7,147.42728
20143,32.13398441964951,Wheat,27.267002352691367,4.506692111959287,90.75
20061,92.9068776690767,Wheat,40.75425458546078,4.506692111959287,90.76
47099,304.18216976917176,Soybean,26.48374295845068,10.08,-37.22604074798892
31057,656.0771781047675,Soybean,81.57706940683394,9.77,140.93079
56037,569.9785024857479,Soybean,73.41758218599276,9.56,131.893583212343
20085,126.63128842050997,Soybean,27.385064321444215,9.77,140.92079
17075,288.0341872969973,Soybean,41.3739704638746,9.91,121.98186
48253,422.9340734310757,Wheat,5.251859006350245,4.506692111959287,-399.26556187403474
17147,418.0394916906481,Soybean,54.492568283617366,9.91,121.98186
55137,407.22001695045833,Soybean,56.166182251329055,9.75,140.40026
42045,220.3646086026804,Barley,66.0131289636412,5.112992125984253,117.16000000000001
13267,335.52892313021243,Cotton,690.6369341205203,1.30784140969163,567.7146583750742
27031,485.6398897870491,Soybean,64.20924613200503,9.75,140.40026
13275,244.47874045127725,Cotton,648.7342747935012,0.9331695331695331,360.9003199088499
21051,237.06669082154485,Barley,88.88219438377713,4.106072013093289,127.89
5027,78.58409234493729,Soybean,21.122558163078253,10.7,147.42728
48409,540.1742132523666,Cotton,471.38415915567464,1.30784140969163,76.32150996409462
51159,Inf,Soybean,33.75736956747899,10.7,-Inf
13009,19.617194371793317,Soybean,15.61163311885919,10.7,147.42728
47153,106.57107383281146,Soybean,22.544244449651035,10.57,131.72159
13155,207.25489879387814,Wheat,63.196980292765225,4.905849889624724,102.78
46067,275.8733295107244,Soybean,40.14684051571386,9.91,121.98186
48227,118.53967942352077,Cotton,70.6632944325904,0.9193667157584683,-53.57419849635647
1025,83.10599703341913,Soybean,21.54516607788964,10.7,147.42728
37013,451.5118709952859,Cotton,1025.6034267906302,0.9331695331695331,505.54999999999995
39063,350.1214124389503,Soybean,47.638069872749774,9.91,121.97185999999999
6047,3348.1227171068654,Cotton,2602.562685350201,1.30784140969163,55.61653411237501
29225,164.55490526842064,Wheat,54.49308708646007,4.905849889624724,102.78
17067,311.5613542001301,Soybean,43.748053905159445,9.91,121.98186
12103,86.61292283410924,Soybean,22.85632908435693,9.56,131.893583212343
31175,645.2242495313902,Corn,155.68991839596274,4.347042253521127,31.566404183115992
47081,232.50770061795436,Cotton,889.90837092534,0.9055176093916756,573.32
39039,375.6238600177727,Soybean,42.65243113137971,9.91,47.061732494200214
48071,130.81518563607267,Rice,4196.201736389499,0.1645,559.46
39025,390.69579682412297,Soybean,31.56789323366168,9.91,-77.85797487853567
55067,582.6486131585249,Soybean,74.15885878548973,9.75,140.40026
48031,43.85296083371679,Rice,4335.955405608113,0.11300000000000002,446.11000000000007
56033,482.43357329093544,Soybean,62.71061669716305,9.54,115.82570999999999
51199,154.36067928744154,Barley,68.73982686796799,4.106072013093289,127.89
27149,545.4493553979378,Soybean,67.34926492411077,9.91,121.98186
25027,354.1929305925434,Soybean,50.72750672744035,9.75,140.40026
5123,262.32696483337384,Wheat,74.42277547169363,4.905849889624724,102.78
9011,520.2754454842316,Wheat,115.00346908837555,5.771786283891547,143.5
5055,102.2950529968714,Barley,56.059672665960534,4.106072013093289,127.89
19187,380.2134454551807,Soybean,50.67561104492237,9.91,121.98186
13047,136.29835742308398,Barley,64.3408972323549,4.106072013093289,127.89
47011,123.68264932771157,Wheat,46.16175676444005,4.905849889624724,102.78
13077,280.7487072989582,Barley,99.52058950644468,4.106072013093289,127.89
13161,800.058476654124,Cotton,1374.6685735344681,0.9331695331695331,482.7403543738638
48303,567.3463417276505,Cotton,426.99520807646655,0.9193667157584683,-174.7811596337856
21153,324.2256477894336,Soybean,43.13597330079788,10.57,131.72159
54003,400.00279573641,Soybean,50.30505068461779,10.57,131.72159
17175,238.75086196189034,Soybean,36.40088011724423,9.91,121.98186
47059,350.5847188575352,Soybean,45.62973593732594,10.57,131.72159
26065,445.55426060011825,Soybean,60.09687390770444,9.75,140.39026
48411,390.17911229798716,Wheat,11.144011182093346,4.506692111959287,-339.956485008061
27087,502.0079998350333,Soybean,64.76139516090495,9.54,115.81570999999998
20053,125.90354641889415,Wheat,21.064997178409214,4.506692111959287,-30.970089796512696
19193,351.4725727001586,Soybean,47.77542206863356,9.91,121.98186
37109,195.5862690478312,Soybean,32.05640645306834,10.7,147.41728
48065,456.8258048391147,Corn,167.00454297426495,4.347042253521127,269.1499999999999
22057,139.58824163908093,Barley,65.14212142070483,4.106072013093289,127.89
29013,120.4126430627833,Barley,53.44760200233671,4.156456692913386,101.73999999999998
39159,377.746717020751,Soybean,37.736786655806796,9.91,-3.775161261705648
20005,234.02837030516247,Soybean,38.37760085006781,9.77,140.92079
47109,42.679785968940024,Wheat,29.650272479100874,4.905849889624724,102.78
18155,244.22994825976195,Soybean,36.95376470835136,9.91,121.98186
54079,144.18842079373792,Soybean,26.10312306468665,10.57,131.72159
48263,87.82607522892766,Rice,4725.098010875466,0.11300000000000002,446.11000000000007
38053,247.64472572637064,Soybean,38.09962638641202,9.54,115.82570999999999
23027,526.4463944453632,Soybean,68.39452866106289,9.75,140.40026
16057,384.3413283924802,Wheat,96.10623692279376,5.272096219931272,122.33999999999999
45075,183.7350300276792,Wheat,58.40273071412634,4.905849889624724,102.78
31047,678.9212323079151,Corn,86.50264910846565,4.347042253521127,-302.89056159190335
16029,474.14131313206707,Soybean,63.392771584143304,9.56,131.893583212343
22115,86.1610177339205,Barley,52.13036134080518,4.106072013093289,127.89
51185,750.5729914828925,Corn,18.408134177984405,4.735185185185185,-663.4070672363996
55043,541.4314256988562,Soybean,69.93145494347243,9.75,140.40026
38015,287.4836791917055,Soybean,42.27561731569241,9.54,115.82570999999999
20205,61.98436272838437,Wheat,33.89278853175942,4.506692111959287,90.76
45069,411.8381278449133,Soybean,18.79918536365868,10.7,-210.6868444537654
21009,264.3742329089398,Wheat,74.84008707348065,4.905849889624724,102.78
27095,513.2960749586971,Soybean,67.04577794448176,9.75,140.40026
31023,377.1910046702973,Soybean,50.37062206562031,9.91,121.98186
48427,4.211303224265663,Barley,37.83591197140488,4.940314465408805,182.71000000000004
6071,72.46780307979759,Rice,3841.5671919744536,0.1645,559.47
13031,275.3538984249279,Cotton,430.76840483282206,0.9331695331695331,126.62605281710114
27003,260.8497606703911,Soybean,41.15384827388627,9.75,140.40026
13297,68.09600095494868,Barley,47.730775380947,4.106072013093289,127.89
34005,304.18350196692836,Barley,82.40644452113636,5.112992125984253,117.16000000000001
21079,123.97745605117183,Soybean,24.19101665574,10.57,131.72159
42097,366.16654300622224,Wheat,88.30308641687728,5.771786283891547,143.5
37143,480.3420926862775,Soybean,24.034789937398326,10.7,-223.16984035611546
48301,116.4240559682529,Rice,4108.77845573406,0.1645,559.47
48205,442.51149737212637,Corn,163.70935819537638,4.347042253521127,269.13999999999993
30101,175.07515910590317,Soybean,30.49275357504226,9.54,115.82570999999999
8061,685.6586079884424,Soybean,84.604851380598,9.77,140.93079
42017,291.66290852107363,Soybean,44.314171130366525,9.75,140.40026
20167,161.53630228180901,Wheat,20.416257361464105,4.506692111959287,-69.52651627516802
17113,257.44842078712315,Wheat,79.62168011031973,5.036799276672695,143.59
33013,374.1064702579406,Wheat,89.67873112393752,5.771786283891547,143.5
31173,247.23397957867758,Soybean,37.25689602206635,9.91,121.98186
38065,298.20632798556926,Soybean,43.399584694504114,9.54,115.82570999999999
12017,254.65935908941776,Rice,4949.1146449204725,0.1645,559.47
42131,386.503612002919,Soybean,54.04142276953015,9.75,140.40026
30089,722.5679551561211,Soybean,89.37882200506947,9.56,131.893583212343
29091,357.5072285186455,Barley,118.21449477038612,4.106072013093289,127.89
29161,269.8768920363308,Soybean,39.54175096229372,9.91,121.98186
47175,271.2725369502241,Soybean,38.12621825451505,10.57,131.72159
37183,112.33892144857279,Soybean,20.359824298551835,10.7,105.51119854593185
48201,131.44874108259637,Barley,63.590838858999675,4.940314465408805,182.71000000000004
35041,468.7626443891086,Wheat,6.919077772730023,4.506692111959287,-437.58049116871337
12065,104.30216719475607,Barley,58.09593077614063,4.940314465408805,182.71000000000004
13001,108.465695825598,Barley,58.93869668911929,4.940314465408805,182.71000000000004
48245,99.33477562338402,Barley,57.09044992949558,4.940314465408805,182.71000000000004
19131,412.9896085366555,Soybean,53.98299379784616,9.91,121.98186
13089,252.13338594209068,Barley,92.55156381336866,4.106072013093289,127.89
28149,295.0508070627201,Soybean,24.674158271376587,10.08,-46.33529168724408
27147,426.6450718677719,Soybean,55.36094166173278,9.91,121.98186
55079,422.80553400427675,Soybean,40.39155265327328,9.75,-28.987895634862298
29163,274.9275370523555,Soybean,31.670345037517887,9.91,38.92558226944675
13079,98.70769881625104,Barley,55.186002119223616,4.106072013093289,127.89
47077,57.64817606042297,Wheat,32.70140335922407,4.905849889624724,102.78
26083,413.4516148011335,Soybean,56.805320492423945,9.75,140.40026
42039,363.47583471264727,Soybean,51.67959945770741,9.75,140.40026
48003,43.5708887376191,Soybean,18.8845116415168,9.77,140.93079
6091,216.64850047457503,Soybean,36.45837695469854,9.56,131.893583212343
17063,208.30563335200586,Wheat,69.86493088612175,5.036799276672695,143.59
12129,41.49888455498805,Wheat,36.82745532961912,5.226505139500734,150.98
48469,199.2367559887732,Rice,4612.199124551813,0.1645,559.47
20073,87.1925540063364,Soybean,23.3483463670764,9.77,140.92079
26147,489.03838262272836,Soybean,51.21998869118717,9.75,10.356507116346506
47131,118.2216193209693,Wheat,45.04858980466582,4.905849889624724,102.78
8023,265.1954206523585,Corn,127.2215464159982,4.3357861635220125,286.40999999999997
51720,249.56156609784153,Soybean,36.072200198471286,10.57,131.72159
37023,189.20313760327167,Soybean,30.36184745537102,10.57,131.72159
1049,199.57167962676868,Soybean,20.345280603575198,10.57,15.47793635302115
39011,342.309502849651,Soybean,31.00925072121724,9.91,-35.007828202388154
35027,373.0691891491692,Corn,147.7370477889807,4.347042253521127,269.1499999999999
27039,441.0950335859292,Soybean,56.8190609067537,9.91,121.98186
29031,196.33185994230467,Soybean,32.119447017386946,9.91,121.97185999999999
18043,82.36157243948976,Soybean,20.619922546870814,9.91,121.98186
28051,188.61633380345495,Cotton,841.4373457798595,0.9055176093916756,573.32
1055,79.85814114631175,Barley,50.59534769089588,4.106072013093289,127.89
27071,714.1154089285393,Soybean,87.64263271061941,9.75,140.40026
47143,56.361803933528165,Soybean,17.794077004118083,10.57,131.72159
27027,556.4520978048051,Soybean,55.624959161581934,9.54,-25.78998740331346
37009,268.04427561355163,Soybean,38.8291173470609,10.7,147.42728
31043,338.8973959242016,Soybean,46.50648394795172,9.91,121.98186
20105,115.82700989658196,Soybean,26.280225168534493,9.77,140.93079
5109,151.18950054264872,Barley,67.96751241885929,4.106072013093289,127.89
22053,386.14777532737514,Rice,3993.997936126766,0.1017,20.041814776716933
6031,2319.2598183223313,Cotton,2329.0360710023215,1.30784140969163,726.7499999999999
54005,145.66051473057956,Soybean,26.24239401424594,10.57,131.72159
47103,475.67811920141776,Cotton,989.7027310020134,0.9493538713893943,463.9
42107,312.0494762479292,Soybean,46.405101153633765,9.75,140.40026
18173,110.17886229363667,Soybean,23.42691445949916,9.91,121.98186
48035,322.48768617963435,Wheat,14.95999238830879,4.506692111959287,-255.06760648827213
39121,340.54379022975496,Soybean,44.6797899933543,10.57,131.72159
34029,295.96139698150375,Barley,80.79836362000611,5.112992125984253,117.16000000000001
51033,805.7946898147345,Soybean,25.011549881265246,10.7,-538.1711060851964
16037,587.8755813066914,Soybean,75.28966156056845,9.56,131.893583212343
48279,565.8983497222637,Cotton,640.9329536972234,0.9193667157584683,23.354074939727013
22019,41.34807808409022,Soybean,19.918388698818475,10.08,159.42928
53031,852.6339762060167,Wheat,192.02391453151574,5.226505139500734,150.98
48507,300.87686177321405,Wheat,32.13865436352833,5.226505139500734,-132.90401956559552
13149,169.97472775763072,Soybean,29.66373904276923,10.7,147.42728
48157,201.87751520337633,Rice,4628.252372056999,0.1645,559.47
37097,209.582352201459,Soybean,33.365386187052245,10.7,147.42728
16039,1204.6419938639046,Wheat,61.60771644505898,5.226505139500734,-882.6489472308999
12049,352.02836811369116,Rice,5541.023514368943,0.1645,559.47
28007,91.10043801240265,Barley,53.33331644308578,4.106072013093289,127.89
29037,136.65321890183048,Rice,5157.196627449827,0.11300000000000002,446.11000000000007
4009,539.5544841358302,Corn,190.4993588209823,4.3357861635220125,286.40999999999997
21039,153.09847325817697,Barley,61.31147082385525,4.156456692913386,101.73999999999998
18083,220.65750375587132,Wheat,72.31725620729776,5.036799276672695,143.59
21025,305.71932306574104,Soybean,41.385138416815614,10.57,131.72159
31063,552.1799311526984,Soybean,70.9427554915761,9.77,140.93079
16087,531.0542430330652,Soybean,69.34600692943599,9.56,131.893583212343
16077,1583.7860338963092,Wheat,49.64340933668039,5.226505139500734,-1324.3244998558105
37085,258.8204494902767,Soybean,24.06952756896502,10.7,-1.2765045023509742
39059,262.2982703335654,Soybean,37.27718640809512,10.57,131.72159
21143,276.8039914491968,Barley,91.07372442845397,4.156456692913386,101.73999999999998
53025,749.7768365411156,Corn,238.98476480662237,4.3357861635220125,286.40999999999997
13173,447.11397719330057,Cotton,1020.8798544435843,0.9331695331695331,505.53999999999996
47017,244.5763987218095,Wheat,70.80453061893029,4.905849889624724,102.78
12021,218.66023991658312,Rice,4730.275014690475,0.1645,559.47
53067,258.6014377910391,Wheat,78.36621735919016,5.226505139500734,150.98
56039,454.47047632238883,Soybean,61.335152670997054,9.56,131.893583212343
51515,135.32684443784342,Soybean,26.425619106340505,10.7,147.42728
26035,471.9577876130967,Soybean,62.805953601343255,9.75,140.40026
21107,346.2052964367674,Barley,107.77095240773194,4.156456692913386,101.73999999999998
48425,155.52963860337655,Corn,97.69392930546827,4.347042253521127,269.1499999999999
53003,345.7923708742729,Soybean,49.967150009060234,9.56,131.893583212343
24011,314.4944811033406,Soybean,30.011220114947974,10.7,6.625574126602714
21151,216.3150700008806,Soybean,32.92683632931699,10.57,131.72159
20159,337.5126152067354,Wheat,30.27367245294132,4.506692111959287,-201.07849436302558
30067,726.2975266445312,Soybean,89.76894454569813,9.56,131.893583212343
48211,177.65959619866305,Wheat,10.258332975678146,4.506692111959287,-131.4284478953225
19115,295.86452986337014,Soybean,42.164116030612526,9.91,121.98186
27085,393.29253503933523,Soybean,54.737722568136945,9.75,140.40026
47027,120.28088382126307,Wheat,45.4683467370271,4.905849889624724,102.78
55055,448.278150515859,Soybean,60.37727287342143,9.75,140.40026
37057,152.57027523074836,Wheat,52.05016072154657,4.905849889624724,102.78
36057,318.40440544307376,Soybean,47.05688876339218,9.75,140.40026
12109,210.10904383509876,Rice,4678.292059787835,0.1645,559.47
54025,299.71249266433796,Soybean,40.81684793418523,10.57,131.72159
46127,418.35060999660334,Soybean,54.52396266363303,9.91,121.98186
13135,99.89318481990749,Barley,55.474717465636495,4.106072013093289,127.89
55081,482.72063845411253,Corn,144.6804840607064,4.472243589743591,164.32572894738132
6077,1663.561546291377,Corn,338.4959631410922,4.3357861635220125,-195.91543289617232
51107,262.8392396914732,Soybean,38.34266539172647,10.7,147.42728
42063,460.3363431049737,Soybean,56.0130494895907,10.57,131.72159
42095,385.6218285341778,Wheat,91.6738428120427,5.771786283891547,143.5
21057,233.3337762230637,Soybean,34.5369315253608,10.57,131.72159
48045,403.9729390669991,Corn,154.84619191860074,4.347042253521127,269.1499999999999
13097,151.5630699283716,Soybean,27.94302335779174,10.7,147.42728
17159,155.9838215189151,Wheat,59.477022025942894,5.036799276672695,143.59
1059,353.71680699504395,Barley,117.29136884577623,4.106072013093289,127.89
8013,443.49449932996015,Soybean,58.6289527599539,9.54,115.82570999999999
21101,232.9916332329486,Wheat,74.76605926645504,5.036799276672695,143.59
1101,43.93407608215398,Soybean,17.884238886182615,10.7,147.42728
48117,371.81032840575165,Soybean,52.48117895657643,9.77,140.93079
26121,462.6959052810978,Soybean,61.85601695190746,9.75,140.40026
51195,388.45380583497433,Soybean,49.21243101560779,10.57,131.72159
18167,459.084691376873,Wheat,119.65429993767776,5.036799276672695,143.59
51127,245.26648655418944,Soybean,26.236783440462382,10.7,35.46709625875802
37029,550.3836960303147,Soybean,34.25553363821377,10.7,-183.84948610142737
47015,151.13261360766674,Wheat,51.757110250083485,4.905849889624724,102.78
37117,265.2739927712284,Soybean,38.57021240852602,10.7,147.42728
48349,111.48007876987691,Cotton,236.0192576315169,0.9193667157584683,105.50817097456257
53057,1216.615583777868,Wheat,261.6634916211922,5.226505139500734,150.97
48291,378.49317418305577,Soybean,19.378210411524154,9.56,-193.23748264888485
18175,212.49980858949334,Soybean,33.75193426735553,9.91,121.98186
47129,265.6562733522001,Soybean,37.59487827362347,10.57,131.72159
19007,227.78058037917572,Soybean,29.96721889999761,9.91,69.19455891980061
53021,1186.4021548187845,Wheat,56.24024119097051,5.226505139500734,-892.4622451874163
32031,353.6350425936907,Soybean,50.787513159626954,9.56,131.893583212343
47137,260.9289946441991,Soybean,37.14764282348147,10.57,131.72159
22017,497.0059161353002,Cotton,411.7120703247023,0.9331695331695331,-112.80875567013572
1117,423.4675183383329,Cotton,692.3914835921904,0.9493538713893943,233.8570171269593
21037,325.71149428043367,Soybean,43.27654534346581,10.57,131.72159
19059,343.7891607912814,Soybean,47.00010300618379,9.91,121.98186
26023,477.9769641768486,Soybean,63.42330504377934,9.75,140.40026
5019,86.02226124945362,Barley,52.096568342527405,4.106072013093289,127.89
38001,287.3690862828703,Soybean,42.26360548038473,9.54,115.82570999999999
21157,87.82548575115672,Wheat,45.9449489724414,5.036799276672695,143.59
27103,448.51234203627746,Soybean,57.56752795522476,9.91,121.98186
47165,335.54625377032426,Soybean,12.882486658858847,10.57,-199.37836978618623
13053,102.80973708007079,Soybean,23.38663711028699,10.7,147.42728
17011,309.3607330843962,Soybean,43.52599324766864,9.91,121.98186
6013,257.95080366787954,Corn,125.55065751344355,4.3357861635220125,286.40999999999997
48137,121.8622518125697,Cotton,523.1560416191187,0.9193667157584683,359.11
35061,162.88011024078503,Soybean,30.83406835283766,9.56,131.893583212343
25001,515.5680758416682,Wheat,114.1878862841922,5.771786283891547,143.5
13075,731.6946859385087,Cotton,1325.8412774538522,0.9331695331695331,505.53999999999996
39031,314.81988569340456,Soybean,42.2461187978623,10.57,131.72159
55109,430.04904193360517,Soybean,58.50762071113899,9.75,140.40026
29011,222.70451223546894,Soybean,27.68351988969733,10.57,69.91029299863186
18013,228.62051075059668,Soybean,35.3786448789704,9.91,121.98186
28087,146.58776331042532,Barley,66.84679723959562,4.106072013093289,127.89
28081,90.51813285605195,Soybean,24.796370323021026,10.08,159.42928
56019,241.2728389340804,Soybean,37.43171372474637,9.54,115.82570999999999
13011,28.45703166115979,Soybean,16.43778613655699,10.7,147.42728
55141,423.7576003578258,Soybean,57.8623446520847,9.75,140.40026
8063,146.97887022745306,Soybean,29.468747208541767,9.77,140.93079
6007,305.4593534295509,Rice,5257.868409906085,0.1645,559.46
30021,409.7714412244487,Soybean,55.094041008852074,9.54,115.82570999999999
5095,223.48733299578507,Wheat,66.5057717493152,4.905849889624724,102.78
50009,573.1675232738608,Soybean,73.18643931013956,9.75,140.40026
36029,337.69699860155816,Soybean,49.03561626682648,9.75,140.40026
23023,388.40744651533237,Soybean,54.236687847726394,9.75,140.40026
24031,263.36144021308036,Wheat,70.49142504610542,5.771786283891547,143.5
12083,168.66690046542436,Soybean,31.43938113784177,9.56,131.893583212343
36009,465.3813965969629,Soybean,62.131451958662865,9.75,140.40026
37121,313.8571661980503,Soybean,42.15503842933305,10.57,131.72159
48307,635.1340389710573,Wheat,7.184829399531175,4.506692111959287,-602.754224990417
18063,262.47698200010893,Wheat,80.62004453517878,5.036799276672695,143.59
17017,248.72685699993144,Soybean,37.40753955599712,9.91,121.98186
30085,207.6470247738711,Soybean,33.90699525931563,9.54,115.82570999999999
5089,238.9871260383553,Barley,89.34990055422097,4.106072013093289,127.89
35006,169.37960364802558,Soybean,31.513931679954872,9.56,131.893583212343
28005,190.44057928309195,Barley,77.52678917174644,4.106072013093289,127.89
31145,426.59444171499484,Corn,42.60700035065005,4.347042253521127,-241.38001089492963
54095,368.4575891839929,Soybean,47.32064136083187,10.57,131.72159
45017,174.99171128522988,Soybean,30.13261600796541,10.7,147.42728
17167,215.79313592865532,Soybean,34.08425791409236,9.91,121.98186
37181,96.12157875985407,Barley,54.55617389211254,4.106072013093289,127.89
55015,722.87380026607,Soybean,88.54092925805847,9.75,140.40026
47141,94.35916644317882,Soybean,21.388907894340473,10.57,131.72159
39079,155.45009386986618,Soybean,27.994142671025852,9.91,121.97185999999999
27055,503.70583956348446,Soybean,63.13700298319721,9.91,121.98186
19079,282.6205685926698,Soybean,40.827692088059514,9.91,121.98186
18027,272.9421199526032,Wheat,82.69778029109074,5.036799276672695,143.59
22097,257.3071412147382,Corn,125.40220405451684,4.3357861635220125,286.40999999999997
55075,548.3318677855561,Soybean,70.63919259339038,9.75,140.40026
16073,1670.1209628818988,Wheat,115.47800929316591,5.226505139500734,-1066.5745538118538
13269,69.78627670477215,Wheat,35.175612908525565,4.905849889624724,102.78
53043,316.3954433107415,Soybean,46.8921575860967,9.56,131.893583212343
26053,564.9826970315253,Soybean,72.34696995195131,9.75,140.40026
55025,601.9211631115563,Soybean,76.13553057554424,9.75,140.40026
48017,811.4317109939157,Cotton,501.5929722448601,0.9193667157584683,-350.2838274536301
35007,506.6862539720253,Corn,178.47451410061493,4.347042253521127,269.1499999999999
8033,747.0487262834101,Soybean,91.93957212298673,9.56,131.893583212343
17137,267.9418756748795,Soybean,39.34649199544697,9.91,121.98186
51147,160.43986963548906,Barley,70.22036357766584,4.106072013093289,127.89
37127,172.03422740724835,Barley,73.04407386204167,4.106072013093289,127.89
21195,400.6843481763716,Soybean,50.369530574869586,10.57,131.72159
56043,636.8054340438633,Corn,212.9291895922109,4.3357861635220125,286.40999999999997
28153,102.47101316209545,Barley,56.102526314085296,4.106072013093289,127.89
35009,491.2409773597831,Wheat,14.569417388279513,4.506692111959287,-425.5810989401813
28033,201.31202906201128,Soybean,18.66846931057484,10.08,-13.133858411416895
31019,715.7373188416294,Corn,183.383185753703,4.347042253521127,81.43713821503104
29059,389.4471948727398,Soybean,22.734699662229797,9.91,-164.14632122004247
23007,463.46877655830906,Soybean,61.935285800852206,9.75,140.40026
27161,363.0004020031753,Soybean,48.93867426873615,9.91,121.98186
31097,293.9486025012003,Soybean,30.636614783428044,9.77,5.371123932891692
29157,294.019980913097,Wheat,86.88255316026446,5.036799276672695,143.59
31075,1082.4718502506555,Soybean,125.60771071809808,9.54,115.82570999999999
53011,432.00771703067926,Wheat,111.5444645073801,5.226505139500734,150.98
1053,245.7343163092076,Cotton,539.7736235419032,0.9331695331695331,257.96598398861755
21161,114.0335275543213,Wheat,44.19489638540624,4.905849889624724,102.78
37179,533.6731722207758,Soybean,24.0689861565166,10.7,-276.1350203460481
6109,652.8183511236862,Soybean,82.08283831966831,9.56,131.893583212343
48025,103.06792408610812,Rice,4859.981629080603,0.11300000000000002,446.11000000000007
17107,224.08820141013595,Wheat,72.99838274536599,5.036799276672695,143.59
27079,507.0459954201291,Soybean,63.47405201010384,9.91,121.98186
29227,312.7548767189034,Rice,6715.618378043393,0.11300000000000002,446.11000000000007
42047,427.5742466292521,Soybean,58.25379555171817,9.75,140.40026
37033,289.87937534319343,Soybean,26.4979760576756,10.7,-6.351031526064503
20019,106.71430312107579,Wheat,43.818015124007154,4.506692111959287,90.76
54105,145.20815932445083,Soybean,26.199597854725717,10.57,131.72159
19017,350.6330771287481,Soybean,47.69071010380909,9.91,121.98186
18163,291.9525904218623,Wheat,86.47209596757672,5.036799276672695,143.59
46097,356.39905077636627,Soybean,48.27153489166158,9.91,121.97185999999999
53055,1132.209288826673,Cotton,1421.3950369295835,1.30784140969163,726.7499999999999
20195,337.9035284648295,Wheat,16.633910732489642,4.506692111959287,-262.93961417568346
37053,197.2049824373808,Barley,79.17420381345725,4.106072013093289,127.89
36119,840.5650668814002,Wheat,170.4957561626672,5.771786283891547,143.5
21021,207.5547497973557,Wheat,63.25810140536015,4.905849889624724,102.78
40095,312.28022578416824,Wheat,25.565324520834544,4.506692111959287,-197.06517942644388
21031,370.32327358325153,Soybean,21.923785950110236,10.57,-138.58885609058632
19011,272.8574996079113,Soybean,39.84251862844715,9.91,121.98186
13283,73.3679804632057,Wheat,35.905701239603204,4.905849889624724,102.78
49011,281.022825021004,Wheat,76.51089968655057,5.272096219931272,122.35
45019,56.25223977419205,Rice,3742.9923390528393,0.1645,559.47
21193,215.99365529118518,Soybean,32.89642812593994,10.57,131.72159
48059,74.38630109376496,Wheat,7.608009533190279,4.506692111959287,-40.09934454282528
48055,92.13159867230007,Corn,83.10745044625875,4.347042253521127,269.13999999999993
29173,214.72569043778188,Barley,76.13833460056131,4.156456692913386,101.73999999999998
48255,189.1329101586945,Corn,39.74193398339063,4.347042253521127,-16.373043896248248
51021,400.8660452906739,Soybean,50.386720462693845,10.57,131.72159
29105,307.90157275148937,Soybean,43.3787520435408,9.91,121.98186
36113,510.86240157355553,Soybean,66.79617041780057,9.75,140.40026
39023,229.2502713279427,Soybean,35.44118378687615,9.91,121.97185999999999
48403,62.639079588946146,Soybean,19.632370055041697,10.7,147.42728
20149,217.336837026085,Soybean,26.897534453340135,9.77,45.45207458304809
13025,90.28317668080967,Soybean,23.240246850748186,9.56,131.893583212343
26001,564.4340668824547,Wheat,66.43842597629694,5.771786283891547,-180.96567110912008
39101,444.8641308253315,Soybean,52.72434178806776,9.91,77.63409629442003
21013,102.55797622711111,Soybean,22.164575801997266,10.57,131.72159
22063,152.54502976549838,Barley,68.29764038995361,4.106072013093289,127.89
4003,397.543359285968,Cotton,859.6557280986079,1.30784140969163,726.7499999999999
46137,272.7270069452113,Soybean,40.72879632549385,9.54,115.82570999999999
46061,429.9285352689376,Soybean,55.69226995650227,9.91,121.98186
38105,394.83907509254254,Soybean,53.52880346881998,9.54,115.82570999999999
46117,210.49756028178447,Soybean,34.205793530585375,9.54,115.82570999999999
48159,78.80753359626459,Soybean,21.143440523015382,10.7,147.42728
27025,319.8122436699,Soybean,47.20128242768205,9.75,140.40026
21027,271.92984722877395,Wheat,76.38021049548209,4.905849889624724,102.78
32003,417.7192223396819,Corn,162.3994347930916,4.3357861635220125,286.40999999999997
29087,222.09691887576258,Soybean,34.7203611378166,9.91,121.98186
48501,253.82482281233166,Cotton,384.6171565021775,0.9193667157584683,99.77938918543612
17197,308.54751290256377,Wheat,89.76683168546779,5.036799276672695,143.59
29217,185.80440127450225,Rice,5592.162843137188,0.11300000000000002,446.11000000000007
35035,561.944197762544,Cotton,1001.8354830288625,0.9193667157584683,359.11
5081,195.43572708296765,Soybean,16.62907195315448,10.57,-19.6664365381248
40099,71.71167594152041,Soybean,21.76483786504815,9.77,140.93079
39089,294.195651191416,Soybean,40.55187112279297,9.91,107.67339163546228
5037,220.66041225377913,Wheat,65.92953708955022,4.905849889624724,102.78
46091,510.22188347103224,Soybean,62.40637414577941,9.54,85.13492587970326
18159,460.64688828627186,Soybean,58.79200285431603,9.91,121.98186
38037,385.1024361197833,Soybean,52.508191417168064,9.54,115.82570999999999
48315,437.5952597585262,Corn,151.32234131697317,4.9799999999999995,315.99000000000007
13069,302.99839251293434,Cotton,605.3840309153816,0.9331695331695331,261.9275410046625
24023,619.5762082335826,Soybean,71.07831582153099,10.57,131.72159
8031,394.8355693684829,Soybean,54.8379078166308,9.77,140.93079
48109,215.74043818579423,Rice,4712.525460096013,0.1645,559.47
48101,158.37663097543148,Wheat,3.9148076653528814,4.506692111959287,-140.7337981501479
48407,259.2554016882027,Cotton,819.5781950687165,0.9331695331695331,505.54999999999995
38089,501.2627056486177,Soybean,64.68432029859724,9.54,115.82570999999999
30019,450.5361939688805,Soybean,59.36707588772333,9.54,115.82570999999999
45005,67.18273348667273,Soybean,20.823882499897042,9.56,131.893583212343
31169,289.28982863425654,Corn,72.57755468780097,4.347042253521127,26.20786825085463
40101,457.01931107764904,Soybean,15.63960348314745,10.57,-291.7087022607805
49025,191.31545034773364,Soybean,33.80847631381555,9.56,131.893583212343
13289,25.73706619703117,Wheat,26.19669763415084,4.905849889624724,102.78
45039,106.87929180096262,Soybean,23.76696932719277,10.7,147.42728
55003,461.56149074740176,Soybean,61.739666743323255,9.75,140.40026
8043,279.6324337914247,Soybean,43.04638933382034,9.77,140.93079
18017,530.0976411364315,Soybean,65.80015147693557,9.91,121.98186
19179,423.93652505573425,Soybean,55.087627149922724,9.91,121.98186
27057,471.9166432741422,Soybean,62.801733669142784,9.75,140.40026
18113,272.42416595439164,Soybean,39.79879172092751,9.91,121.98186
19081,485.1150087986251,Soybean,61.261036205713935,9.91,121.98186
13205,439.7381109305927,Cotton,693.1599605795907,0.9331695331695331,207.09764589527595
8093,209.6378697976005,Soybean,35.725047385977355,9.56,131.893583212343
20129,624.221512866142,Soybean,78.31651001700533,9.77,140.93079
48215,298.2810885160277,Corn,42.281439536353176,4.3357861635220125,-114.957808000515
17189,187.74448533207507,Soybean,18.709361671316,9.91,-2.3347111693335023
28023,408.97205670725646,Cotton,980.0170539227314,0.9331695331695331,505.54999999999995
19077,379.34004608008456,Soybean,50.58747790919117,9.91,121.98186
19181,369.31580499154387,Soybean,49.57595004960079,9.91,121.98186
29097,149.08511258725522,Wheat,51.33975116521998,4.905849889624724,102.78
40145,123.8657886818542,Soybean,16.06041254769955,10.57,45.89277194733005
36117,401.3747746623617,Wheat,94.40314451403897,5.771786283891547,143.5
51025,304.01517064666564,Wheat,41.498520879221175,4.905849889624724,-100.42965657174909
16063,898.4378733628174,Wheat,200.44075709035724,5.226505139500734,149.16677373535285
47113,83.54102241337458,Wheat,37.97935660596156,4.905849889624724,102.78
40033,126.37016452719105,Wheat,14.615900172156937,4.506692111959287,-60.50080251214699
5057,54.179735067558155,Barley,44.3415835102212,4.106072013093289,127.89
21221,190.80661869772953,Wheat,66.39069780811906,5.036799276672695,143.59
22009,600.7771184386162,Soybean,27.65431915419225,10.08,-322.02158136435827
13185,257.8376126496259,Barley,93.94078121855439,4.106072013093289,127.89
30093,436.7947513263009,Corn,166.79898962979132,4.3357861635220125,286.40999999999997
20063,449.715814270545,Soybean,60.45512837978966,9.77,140.93079
17009,308.3599801879764,Soybean,43.425009100703974,9.91,121.98186
42049,374.07190868490704,Soybean,52.76637627537508,9.75,140.40026
17077,342.5636276315543,Soybean,23.697131217841843,9.91,-107.72505726274163
22015,49.57452892280028,Wheat,31.055685019024242,4.905849889624724,102.78
27047,443.2384871247084,Soybean,57.035352888467045,9.91,121.98186
55103,409.36840560721294,Soybean,56.386529805867994,9.75,140.40026
39033,531.0606704858029,Soybean,38.65349179137378,9.75,-154.18912551990854
39093,641.4582766867177,Soybean,56.977853595876134,9.75,-85.92420412692536
42037,353.73899542562435,Wheat,86.14993192200592,5.771786283891547,143.5
28113,38.28291886237413,Barley,40.470044931625196,4.106072013093289,127.89
40069,19.547830773489466,Soybean,16.42565207507569,9.77,140.93079
51051,323.05390401363985,Soybean,43.025117692870374,10.57,131.72159
51037,291.40879999711234,Soybean,41.011783177300224,10.7,147.41728
46025,580.2926111681357,Soybean,72.96732926290731,9.54,115.81570999999998
48361,107.78113529993993,Soybean,25.0705772502388,9.56,131.893583212343
18067,310.53882744942587,Soybean,43.643863516591914,9.91,121.97185999999999
48089,279.2351440188898,Corn,94.38736273133516,4.347042253521127,131.0707099726494
28141,87.71689945524092,Barley,52.509283511765425,4.106072013093289,127.89
13279,44.357175338400424,Wheat,37.374339089822485,5.226505139500734,150.98
46115,296.7074649508755,Soybean,34.84702458174474,9.54,35.733149558969345
13113,71.01906552650092,Soybean,20.415546310887937,10.7,147.42728
16005,318.296107795334,Soybean,47.09097186272772,9.56,131.893583212343
21083,108.70518949072834,Wheat,50.09037994807574,5.036799276672695,143.59
28003,117.28674656483916,Soybean,12.185585947727553,10.08,5.543959788254568
39115,272.2585629517982,Soybean,38.21950359052017,10.57,131.72159
32007,515.0719411349637,Soybean,67.67421802796096,9.56,131.893583212343
48287,112.00550266379487,Barley,58.424572656988246,4.106072013093289,127.89
51145,335.3726982486745,Soybean,38.061503911320706,10.7,71.88539360245703
36005,265.25114038958884,Wheat,70.8188280516156,5.771786283891547,143.5
13285,117.725395317679,Barley,59.81760537430171,4.106072013093289,127.89
26125,222.94814334595907,Soybean,37.26547726625221,9.75,140.39026
29035,151.64730976777508,Soybean,26.8087890035738,10.57,131.72159
28049,107.98507941549269,Cotton,752.3929654699832,0.9055176093916756,573.32
48323,221.26607352664507,Soybean,36.94138668817867,9.56,131.893583212343
32009,176.30344558436482,Wheat,56.64795047846417,5.272096219931272,122.35
29213,213.85302452263295,Cotton,713.9097916467447,0.9493538713893943,463.9
1085,65.81045293910121,Barley,47.17414899725003,4.106072013093289,127.89
31139,310.4310062631814,Soybean,43.63399255935231,9.91,121.98186
8005,197.5244452583276,Soybean,34.64229634169167,9.77,140.93079
8003,397.27928172446775,Barley,125.05411442506794,4.233601462522852,132.15
20181,638.137252588301,Soybean,79.74084366308097,9.77,140.93079
26043,559.3684642426916,Soybean,71.77115120437863,9.75,140.40026
6001,387.36152265000067,Corn,155.39777499144185,4.3357861635220125,286.40999999999997
20041,163.60378593478325,Wheat,27.600491725517063,4.506692111959287,-39.21686758919792
28027,208.16674330007825,Wheat,63.38284910789724,4.905849889624724,102.78
22107,423.8213851621715,Cotton,626.9824053844226,0.9055176093916756,143.92222369217325
40135,501.8209115982485,Cotton,1017.2401890402582,0.9493538713893943,463.9
54109,598.7348243845382,Soybean,69.10656711301213,10.57,131.72159
51139,258.9085554869721,Soybean,37.9753117277544,10.7,147.42728
38007,350.49211100270304,Soybean,48.880274738228835,9.54,115.82570999999999
55063,440.8090153770502,Soybean,59.6112077309795,9.75,140.40026
46023,246.00097027971418,Soybean,37.1314662239873,9.91,121.97185999999999
1007,81.69270008306697,Wheat,37.60259776256186,4.905849889624724,102.78
45073,118.54808327989225,Barley,60.01796424759714,4.106072013093289,127.89
26087,586.2366643592734,Soybean,74.52583839582292,9.75,140.39026
55031,570.1280848009093,Soybean,72.8747020308625,9.75,140.40026
42031,486.7359704520462,Soybean,58.51064904938942,10.57,131.72159
39047,451.96855461708066,Soybean,38.11559646208818,9.91,-74.24299367778677
31123,1034.0683262306977,Corn,119.39429770707847,3.9981944444444446,-556.7067084399105
13115,81.79080061481997,Soybean,20.198901666491956,10.57,131.71159
40011,133.9277809471716,Wheat,14.354584824265421,4.506692111959287,-69.23608674920415
48355,650.3336030677643,Cotton,560.4632051755402,1.30784140969163,82.66338526930349
6089,237.61151812889784,Soybean,38.65116122816327,9.56,131.893583212343
29151,203.73195766420838,Soybean,32.866177362685,9.91,121.97185999999999
55005,653.2337670941496,Soybean,81.3983617532461,9.75,140.40026
40113,146.1711955663303,Wheat,24.914452732135942,4.905849889624724,-23.94463038032079
34031,262.65894250487935,Wheat,70.36971268988711,5.771786283891547,143.5
38075,316.7195236098912,Soybean,45.340171237934086,9.54,115.82570999999999
36093,502.90889190816375,Barley,121.27319515259381,5.112992125984253,117.16000000000001
13059,66.73157010244486,Wheat,34.552946770944054,4.905849889624724,102.78
48351,111.07705215443487,Barley,58.19845618694111,4.106072013093289,127.89
28131,92.99452860507475,Soybean,22.469327907016332,10.7,147.42728
51015,307.5266298694675,Soybean,41.55612297724385,10.57,131.72159
18109,343.11731728775965,Wheat,96.63027858622114,5.036799276672695,143.59
25025,357.031653014258,Soybean,51.0186577450521,9.75,140.40026
18037,154.3044515728353,Wheat,59.1436019601766,5.036799276672695,143.59
19105,472.67058513785855,Soybean,60.00529214307351,9.91,121.98186
16013,370.1457733984844,Soybean,52.514577051341774,9.56,131.893583212343
29089,324.904849595303,Rice,6823.140261905336,0.11300000000000002,446.11000000000007
17103,435.9172595970592,Soybean,56.296581190419694,9.91,121.98186
5015,335.30826611205146,Cotton,841.8444272443926,0.9493538713893943,463.9
48023,785.7352803217558,Wheat,4.821716740018262,4.506692111959287,-764.0052875234135
37105,116.98681605111261,Soybean,24.710663182346977,10.7,147.41728
22113,169.14012371217177,Corn,105.06747946769653,4.3357861635220125,286.40999999999997
5051,15.296023442852302,Barley,34.87177599084138,4.106072013093289,127.89
46043,239.56450020087914,Soybean,36.48197378414522,9.91,121.97185999999999
19093,495.92230685845766,Soybean,62.351580914072414,9.91,121.98186
55019,569.3628207140605,Soybean,72.7962134065703,9.75,140.40026
50007,297.9428799032493,Soybean,44.958270759307624,9.75,140.40026
20145,576.4774853298538,Wheat,11.707859276713272,4.506692111959287,-523.7137682795608
40021,155.765124320285,Soybean,27.198364647141435,10.57,131.72159
48449,296.4296718015157,Cotton,859.4147615145258,0.9331695331695331,505.54999999999995
39141,259.9883654922988,Soybean,38.542908727779896,9.91,121.97185999999999
48269,259.8742743035989,Wheat,6.524887312660858,4.506692111959287,-230.468616120207
48041,421.42988177810173,Cotton,687.5204211825524,0.9331695331695331,220.1432287013414
22023,170.38240230640673,Barley,72.64178547168359,4.106072013093289,127.89
6003,169.7085975343308,Soybean,31.548345266388473,9.56,131.893583212343
26131,703.2004886442917,Soybean,86.52315370710684,9.75,140.40026
39051,577.2654934984649,Soybean,58.240829981890016,9.91,-0.09886837793487757
41011,671.4289522903958,Cotton,1069.0737744877385,1.30784140969163,726.7499999999999
29203,159.80942520598603,Barley,70.06682403245263,4.106072013093289,127.89
47065,196.1277771313869,Soybean,31.01696945424663,10.57,131.72159
26039,698.9870497614152,Soybean,86.09100612937591,9.75,140.40026
42001,231.04495240253544,Wheat,64.89238062189712,5.771786283891547,143.5
8049,562.2059599537656,Soybean,72.60455472448834,9.56,131.893583212343
8057,255.02928202298415,Soybean,40.47310305808861,9.56,131.893583212343
47087,125.37569990825426,Soybean,24.323300842786587,10.57,131.72159
25019,1081.5527244137352,Corn,306.89802486640195,4.472243589743591,290.97
47189,92.85348909373133,Wheat,39.8775937901142,4.905849889624724,102.78
36059,183.3097428671016,Wheat,56.6219410755373,5.771786283891547,143.5
26143,305.632456568826,Soybean,45.74694528911036,9.75,140.40026
16075,795.0362899103783,Wheat,181.0016951405402,5.226505139500734,150.97
35059,2186.0133525313004,Corn,564.7893922684109,4.347042253521127,269.1499999999999
53023,307.79262697311833,Wheat,79.99192125135806,5.272096219931272,113.93247868120646
35053,491.41187759164,Soybean,65.19931598368022,9.56,131.893583212343
38063,512.4288147861919,Soybean,65.85477199016687,9.54,115.82570999999999
48383,100.90125998230798,Rice,4840.807610462903,0.11300000000000002,446.11000000000007
46039,423.18651911518737,Soybean,56.49918544184354,9.54,115.81570999999998
4015,178.6970915055879,Wheat,57.1019721467664,5.272096219931272,122.35
30023,419.31130481173494,Soybean,57.65741506528012,9.56,131.893583212343
12099,250.40606113854153,Corn,123.81054805121643,4.3357861635220125,286.40999999999997
47147,137.40547784379075,Wheat,48.95899451627206,4.905849889624724,102.78
13081,304.13532063991534,Cotton,388.104717807558,0.9331695331695331,58.03217769745697
13131,1220.321973031587,Cotton,1484.6813382693094,0.9331695331695331,165.13741830670216
30105,292.4915636427871,Soybean,42.80055279274498,9.54,115.82570999999999
47075,131.85288871011647,Barley,63.25823996312242,4.106072013093289,127.89
20017,45.50444099723448,Wheat,30.236021812014453,4.506692111959287,90.76
27109,668.2083454389153,Soybean,79.73665039746875,9.91,121.98186
49027,787.6065247336714,Barley,74.01836037106742,4.233601462522852,-474.2422860131769
36073,298.35515176846,Wheat,76.55431612248562,5.771786283891547,143.5
39075,477.07663381826046,Soybean,57.59680452396031,10.57,131.72159
13311,124.39356562059555,Soybean,25.40381734771921,10.7,147.42728
31131,278.1857845328346,Wheat,81.86620593711585,4.506692111959287,90.76
17115,387.100698694917,Wheat,105.36268561519705,5.036799276672695,143.59
51031,275.0245876178237,Wheat,77.01103705126292,4.905849889624724,102.78
51173,303.5751938438064,Soybean,41.18228797008575,10.57,131.72159
42103,649.1519903542567,Soybean,80.97971798505196,9.75,140.40026
47115,166.61466505123468,Soybean,18.715455560195615,10.57,31.207700220032947
49049,670.3302225702511,Barley,72.30430560114426,4.233601462522852,-364.2226086305475
38039,479.11856663806117,Soybean,50.67363618088383,9.54,4.307922527570568
48149,63.83451254420544,Soybean,20.958577537789708,9.77,140.93079
21047,143.0463109294025,Wheat,56.9084244148705,5.036799276672695,143.59
30099,308.1119268021424,Soybean,44.43790742160822,9.54,115.82570999999999
51810,419.20935161946636,Wheat,106.40141124648154,4.905849889624724,102.78
22011,157.30363592989147,Rice,4114.071383907825,0.1017,261.09742381353436
19035,344.78826283312844,Corn,147.0708784034457,4.331437125748503,292.24
31149,521.8647366072394,Soybean,66.84386232780287,9.54,115.82570999999999
8123,404.05767513456374,Soybean,54.4951137457614,9.54,115.82570999999999
36051,611.2741291054991,Soybean,77.09480913902556,9.75,140.40026
5077,150.90969440783755,Barley,67.89936794065264,4.106072013093289,127.89
21073,507.6602849338517,Soybean,20.996733305078003,10.57,-285.7248138991772
19139,220.4520372094479,Soybean,34.55437913314307,9.91,121.98186
17127,151.25383222545295,Wheat,58.53793570670669,5.036799276672695,143.59
27029,642.8830602944303,Soybean,79.52817298683756,9.54,115.81570999999998
28103,147.57093878054525,Cotton,796.1092432700873,0.9055176093916756,573.32
18039,528.815747769468,Soybean,65.67079795857396,9.91,121.98186
50019,397.92246245629076,Soybean,55.21258691859393,9.75,140.40026
18169,285.15769696747213,Wheat,85.1230460886467,5.036799276672695,143.59
36041,685.0927560539237,Soybean,84.665950364505,9.75,140.40026
8073,180.82793322382537,Soybean,32.933339122192976,9.77,140.93079
36023,608.2479285296546,Soybean,76.78442959278509,9.75,140.40026
31025,353.5091949342593,Soybean,47.97992481677692,9.91,121.97185999999999
34023,312.93021779302853,Barley,84.11712891308943,5.112992125984253,117.16000000000001
13183,64.21207417797427,Soybean,20.51314407848507,9.56,131.893583212343
27007,436.2750349926687,Soybean,59.146184101812175,9.75,140.40026
23017,462.8362852573259,Soybean,61.87041489818728,9.75,140.40026
27115,563.0514289582362,Soybean,72.14889117520372,9.75,140.40026
8041,425.8375128820453,Soybean,58.01108524892992,9.77,140.93079
30041,254.45959920208955,Soybean,38.81397371091086,9.54,115.82570999999999
37043,261.10746792702366,Soybean,37.16452771305806,10.57,131.72159
29029,186.04322494853898,Soybean,31.082248733454993,9.91,121.98186
5063,91.9593226851259,Soybean,24.939345504476776,10.08,159.42928
5121,223.11017571879768,Rice,3132.808856861237,0.1017,95.49648502399015
53019,217.00776767476344,Soybean,36.49595720576427,9.56,131.893583212343
48213,71.60893681603449,Rice,4581.583511646323,0.11300000000000002,446.11000000000007
23009,254.27001566703638,Soybean,40.479002632516554,9.75,140.40026
47055,290.5523665475415,Soybean,20.069719899250025,10.57,-78.41542721246879
42099,288.5113630290936,Wheat,74.84881486946117,5.771786283891547,143.5
48085,1.8569530962640215,Wheat,20.5509830259957,4.506692111959287,90.76
31085,927.9712692326049,Soybean,109.40655672800459,9.77,140.93079
29075,315.95844913287846,Soybean,44.19074764206644,9.91,121.97185999999999
48369,1035.705409713361,Cotton,1517.1480387591064,0.9193667157584683,359.11
20015,150.84803352177397,Soybean,29.863748569270623,9.77,140.92079
19119,625.5362832448998,Soybean,75.43069053934407,9.91,121.98186
31105,427.7866039061271,Soybean,56.98242284131312,9.54,115.82570999999999
5119,313.25107237574616,Barley,107.43627266376527,4.106072013093289,127.89
8077,680.3980957938919,Wheat,22.380092739915934,5.272096219931272,-562.4080934580699
31165,998.4845587263748,Soybean,116.80401139689462,9.54,115.82570999999999
46055,159.30421288388774,Soybean,28.839614558059516,9.54,115.82570999999999
25021,500.4189787954799,Soybean,65.72505013286974,9.75,140.40026
5135,122.38050325955791,Soybean,24.039933137138874,10.57,131.72159
19123,402.076790735596,Soybean,52.88180128512573,9.91,121.98186
48267,179.76880316253778,Soybean,32.82493276996293,9.77,140.93079
48445,264.5709339003989,Cotton,323.8526213105181,0.9193667157584683,33.168386943623034
13143,158.59138490992234,Barley,69.77018035640904,4.106072013093289,127.89
21133,299.38341948189964,Soybean,40.78571518277196,10.57,131.72159
42021,327.5986695766334,Soybean,47.99989021298804,9.75,140.40026
51045,206.5659230297643,Soybean,32.00449508323219,10.57,131.72159
48505,197.6876817690105,Corn,111.6516505914978,4.3357861635220125,286.40999999999997
22117,241.0684836747427,Barley,89.85679805376566,4.106072013093289,127.89
31177,280.5989542967379,Soybean,40.622685600074455,9.91,121.97185999999999
22121,269.389191078038,Soybean,34.76297445780549,10.08,81.02159145664136
5041,357.29354915388046,Soybean,14.709233483715566,10.08,-209.02447563802752
37077,123.58197854095624,Soybean,25.327033508500588,10.7,147.41728
19075,458.95547776863725,Soybean,58.62132570823786,9.91,121.98186
18097,431.1767438635394,Wheat,114.11348999462805,5.036799276672695,143.59
54029,376.4711262301545,Soybean,48.078781100298436,10.57,131.72159
8101,148.1224178401652,Cotton,551.7193619759266,0.9193667157584683,359.11
47163,115.53029057729901,Wheat,44.499993984528295,4.905849889624724,102.78
20207,74.68537360983632,Soybean,22.06818460694333,9.77,140.92079
25013,221.78985923976097,Wheat,63.28887475602602,5.771786283891547,143.5
53015,735.4595505043704,Wheat,169.60464533075123,5.226505139500734,150.98
1061,303.19875660300124,Cotton,556.9913008607294,0.9331695331695331,216.56855560069664
18021,258.54180459030744,Soybean,38.397947990949284,9.91,121.98186
47071,281.5847184174101,Barley,99.72419312464379,4.106072013093289,127.89
21081,338.46365845202195,Wheat,89.94234809042948,4.905849889624724,102.78
48357,316.612654530805,Wheat,12.577026826687245,4.506692111959287,-259.93186693907325
47029,483.2951912277386,Soybean,46.028489743958474,10.57,3.2259453659024757
55029,549.2925013560965,Soybean,70.73771911344579,9.75,140.40026
13179,132.9729353595763,Barley,63.899360571059105,4.940314465408805,182.71000000000004
17139,287.4313160558972,Soybean,41.31313582804209,9.91,121.98186
20115,236.4053145241196,Wheat,31.954053347046052,4.506692111959287,-92.3982343598609
46109,658.9662086021278,Soybean,51.44362385294182,9.54,-168.1940370450629
36007,469.64667442132827,Soybean,62.56891635090547,9.75,140.40026
37193,212.92578684747957,Soybean,33.67785671471772,10.7,147.42728
5117,221.01262552511506,Wheat,66.0013316367256,4.905849889624724,102.78
26019,Inf,Corn,88.03783680369551,4.472243589743591,-Inf
48187,180.10967138160316,Rice,5541.767003377019,0.11300000000000002,446.11000000000007
17199,436.1384479520856,Wheat,115.09858068734748,5.036799276672695,143.59
47157,178.94753706349144,Barley,74.7277534551414,4.106072013093289,127.89
41055,206.54894766933882,Wheat,34.68879732809843,5.272096219931272,-23.666270401909088
38047,383.0174674426927,Soybean,52.28964124137241,9.54,115.82570999999999
51179,159.60122514308105,Wheat,53.4833374535135,4.905849889624724,102.78
12003,161.4497482663371,Rice,4382.490870919983,0.1645,559.47
37113,424.21112932873257,Soybean,52.59533768483752,10.57,131.72159
19109,419.9622035877928,Soybean,54.686585629444274,9.91,121.98186
48417,166.23149791156456,Wheat,5.820196691862423,4.506692111959287,-140.00166339029664
47127,144.26410218298474,Soybean,26.110283082590797,10.57,131.72159
48217,104.5279305719643,Rice,4872.902040459861,0.11300000000000002,446.11000000000007
37063,102.42410413319006,Barley,56.09110200668012,4.106072013093289,127.89
13197,206.53423283719022,Soybean,20.01885968343243,10.7,7.6675657755367865
4007,250.31396926665695,Cotton,747.0813831296521,1.30784140969163,726.7499999999999
45003,238.04670196178753,Soybean,20.697603632898872,10.7,-16.58234308976961
48365,115.28593953514104,Rice,4968.105659603018,0.11300000000000002,446.11000000000007
31037,214.4389668101415,Soybean,33.94761118164899,9.91,121.98186
46011,469.8110887723958,Soybean,59.71674558752733,9.91,121.98186
29101,156.74010841398382,Soybean,28.12431568254125,9.91,121.97185999999999
22083,111.53426786705592,Soybean,26.88229641538253,10.08,159.43928
18069,645.4739894625338,Soybean,33.400564904795196,9.91,-314.4743912560135
21035,328.81167323694774,Wheat,93.79005342238214,5.036799276672695,143.59
34009,181.4341514207,Soybean,33.00865758161026,9.75,140.40026
26103,501.4290170630063,Soybean,65.82864380133398,9.75,140.40026
42065,504.0220231605018,Soybean,60.146037195884745,10.57,131.72159
46033,576.8937778806346,Wheat,16.58319836178223,5.26809312638581,-489.5319445774372
22001,265.4033191388092,Rice,4056.614404895281,0.1017,147.1543658390409
22045,227.5417764646382,Soybean,20.6527652817966,10.08,-19.36190242412846
36065,631.7999789499498,Soybean,79.20002450768716,9.75,140.40026
39045,469.24613206080437,Soybean,47.14731568804672,9.91,-2.0162335922614147
20003,98.6878000385497,Barley,55.181155935903426,4.106072013093289,127.89
21135,334.9849551485603,Soybean,28.765134622847505,10.57,-30.93748218506215
36001,195.1616970678474,Wheat,58.67537022516181,5.771786283891547,143.5
21087,111.61575879174003,Wheat,43.70206256109894,4.905849889624724,102.78
37093,198.21504677127322,Soybean,14.438745107101871,10.7,-43.720474125283204
38019,498.10154771392365,Soybean,64.3529620245203,9.54,115.82570999999999
1063,140.86406179610645,Barley,65.45283690571269,4.106072013093289,127.89
5079,87.05663984450078,Wheat,38.69597401379569,4.905849889624724,102.78
40049,198.71776686280805,Wheat,20.191940426145166,4.506692111959287,-107.71890821914779
40035,117.2067433463051,Wheat,44.84171923228844,4.905849889624724,102.78
48305,262.26450497796156,Cotton,165.828993894367,0.9193667157584683,-109.80684748376626
54001,338.1062437384377,Soybean,44.449180107704606,10.57,131.72159
53009,445.6736328789235,Wheat,114.15919758110472,5.226505139500734,150.98
36017,446.23689304107256,Soybean,60.167913132417695,9.75,140.40026
1045,460.2610181939397,Cotton,502.62781078228636,0.9331695331695331,8.775941351790834
29199,156.52293858114712,Rice,5333.034854700417,0.11300000000000002,446.11000000000007
31137,938.1693183653662,Corn,104.08661456948656,4.347042253521127,-485.7004068058404
48019,112.43949610780467,Soybean,25.933499089846947,9.77,140.93079
39049,229.71083473284483,Soybean,28.179437156544058,9.91,49.547387488506786
21209,241.9615147945046,Wheat,70.27151717862199,4.905849889624724,102.78
18009,312.69657280099887,Wheat,90.59058098944561,5.036799276672695,143.59
13265,66.14780256855497,Soybean,19.960288090519157,10.7,147.42728
48435,68.69707535537549,Rice,4555.814826153765,0.11300000000000002,446.11000000000007
18119,261.3382658216112,Soybean,38.67912470450163,9.91,121.97185999999999
47149,334.7463618633679,Soybean,15.324800870125209,10.57,-172.76321666614444
51079,171.24321097276652,Soybean,29.78228887595949,10.7,147.42728
48473,99.70349637586756,Soybean,23.09633424073529,10.7,147.42728
20179,631.008196914824,Soybean,79.01115526252038,9.77,140.93079
8039,497.8909870428765,Corn,29.854836992981053,4.347042253521127,-368.1107491624022
19099,467.6443168589876,Soybean,59.49810059121974,9.91,121.98186
46013,473.48733256263745,Soybean,60.45192503918699,9.54,103.22403231120644
40055,1504.4729649584388,Wheat,8.110509326455402,4.506692111959287,-1467.92139655293
33015,239.8694211047163,Wheat,66.42127796288305,5.771786283891547,143.5
48377,312.32545680684774,Soybean,46.466426780250075,9.56,131.893583212343
5147,187.05686809052978,Wheat,59.079848468967526,4.905849889624724,102.78
39133,445.74594329811157,Soybean,51.688923908965606,9.75,58.22106481430306
17109,349.88316629899253,Soybean,47.61503797164405,9.91,121.98186
1011,125.4168489242184,Barley,61.69079551368874,4.106072013093289,127.89
45091,201.32967646410157,Wheat,37.94055354585183,4.905849889624724,-15.199016038883443
48353,418.27724026563027,Cotton,82.35584921367473,0.9193667157584683,-342.5620136505545
19167,419.19086735866733,Soybean,54.60875149936098,9.91,121.98186
42087,225.3261943996693,Soybean,37.51040557945326,9.75,140.40026
51177,367.94733427293113,Soybean,48.16585180120852,10.7,147.42728
46119,315.016765100267,Soybean,45.16168502099235,9.54,115.82570999999999
20123,122.76195494829648,Wheat,26.418202871209242,4.506692111959287,-3.7032484564775814
30017,222.6781876041398,Corn,121.73199537116776,3.9981944444444446,264.03
13029,49.95521413822871,Rice,3704.712547952758,0.1645,559.47
26057,615.8613271406041,Soybean,77.5652909887799,9.75,140.40026
42083,566.595734400566,Soybean,72.51240968210934,9.75,140.40026
20119,637.1854641028161,Wheat,5.295711349359113,4.506692111959287,-613.3193235374462
21199,304.0365725005124,Soybean,41.22593779569654,10.57,131.72159
51830,142.96768522370866,Wheat,50.09278529769839,4.905849889624724,102.78
55095,517.2068159410372,Soybean,67.44687958369613,9.75,140.40026
27157,399.84224157939036,Soybean,52.65631701103838,9.91,121.98186
37059,203.5698025753183,Soybean,32.8034656612447,10.7,147.42728
47007,455.9015977489858,Wheat,50.743762451366294,4.905849889624724,-206.96031632780725
29177,233.8741576481715,Soybean,25.63913577072411,9.91,20.209677839704455
46083,360.12747874047926,Soybean,48.64877282951355,9.91,121.98186
30087,264.0926864405792,Corn,132.0902957019547,3.9981944444444446,264.03
38043,469.52529491601285,Soybean,61.35754768511665,9.54,115.82570999999999
39111,270.57189507510475,Soybean,38.05993236282921,10.57,131.72159
39067,465.636562548674,Soybean,31.57048970057275,10.57,-131.93648641362006
40013,69.70737955177333,Corn,77.951250480093,4.347042253521127,269.1499999999999
31155,344.4874086984849,Soybean,47.070561927193225,9.91,121.98186
19067,568.0618823897603,Soybean,69.63105372247833,9.91,121.98186
27143,375.7361490496513,Soybean,52.93706759483604,9.75,140.40026
35031,185.9033931246504,Soybean,33.242361541526506,9.56,131.893583212343
20049,142.27521523762653,Soybean,16.198454474418504,9.77,15.98368497744228
42105,377.15028358326947,Soybean,53.08210703418149,9.75,140.40026
22087,88.83835194768074,Wheat,39.05915514311399,4.905849889624724,102.78
19049,396.51047916339394,Corn,159.01199975155427,4.331437125748503,292.24
42033,551.2976041911483,Soybean,70.94337068627162,9.75,140.40026
8121,248.14939966928478,Wheat,14.773683367809516,4.506692111959287,-181.56895737099353
31109,308.81667246303573,Wheat,89.82027029711122,5.036799276672695,143.59
1095,167.15344019455864,Soybean,15.451950002081173,10.57,-3.826328672560635
21119,125.20635839357368,Soybean,24.307279885863164,10.57,131.72159
37137,424.7677546175391,Soybean,19.661482726777518,10.7,-214.38988944101965
40071,304.55414107318745,Wheat,22.321037407221475,4.506692111959287,-203.96009785931426
54093,334.45795639858335,Soybean,44.10402520327184,10.57,131.72159
31133,136.77079860117857,Wheat,50.48731818119685,4.506692111959287,90.76
13215,85.08140651367145,Wheat,38.293345850425524,4.905849889624724,102.78
13023,154.36522536261816,Cotton,465.5157703245916,0.9331695331695331,280.03990871423656
55093,627.7533339155196,Soybean,78.78498399133535,9.75,140.40026
18121,335.0919467021008,Wheat,95.03693127479912,5.036799276672695,143.59
21111,119.6809303234867,Wheat,45.34605324838098,4.905849889624724,102.78
36045,341.0049188583582,Soybean,49.374890139318794,9.75,140.40026
54089,437.6760659315797,Soybean,53.86922005029137,10.57,131.72159
17173,168.20685558387007,Wheat,61.90376833714978,5.036799276672695,143.59
35011,660.0256717532432,Corn,213.748939523329,4.347042253521127,269.1499999999999
51660,374.2909321051269,Soybean,48.75871141169411,10.7,147.42728
54011,94.8008126446027,Soybean,21.430690884068373,10.57,131.72159
51035,479.023200040506,Soybean,57.780964053028,10.57,131.72159
20025,497.4518587138643,Wheat,14.495369541984099,4.506692111959287,-432.12569113906966
16045,1130.0139596742354,Wheat,245.093791258876,5.226505139500734,150.97
13195,113.80952867554446,Barley,58.863928324886174,4.106072013093289,127.89
40025,1741.4421980197822,Wheat,8.943529178165623,4.506692111959287,-1701.1364656194655
48313,67.93460014274255,Barley,47.691467543263826,4.106072013093289,127.89
18035,586.7877891514953,Soybean,44.43157079608687,9.91,-146.47092256227438
31001,854.8869897421403,Corn,194.9041390114948,4.347042253521127,-7.630462073016872
22069,544.1668620837623,Soybean,25.21234665327999,10.7,-274.39475289366646
45007,75.60860183587143,Barley,49.5604074129637,4.106072013093289,127.89
20023,537.3957526152127,Soybean,69.4295335327751,9.77,140.93079
17099,233.1864178817021,Wheat,74.80473157361956,5.036799276672695,143.59
38083,449.04730914617255,Soybean,59.2110082962445,9.54,115.82570999999999
48483,312.1398702348397,Wheat,7.471905575678085,4.506692111959287,-278.4662923156267
36077,524.5767292796129,Soybean,68.20276813124235,9.75,140.40026
37171,508.38118672536075,Soybean,33.524210211094484,10.7,-149.67213746664981
1009,240.8508363872661,Soybean,17.70206252160297,10.57,-53.74003553392271
40137,95.47991827588085,Wheat,14.269813889992626,4.506692111959287,-31.17026057872401
36085,287.5396752718015,Wheat,74.68046356373038,5.771786283891547,143.5
55007,658.3159787673155,Soybean,57.46728232737915,9.75,-98.0099760753688
21177,145.3431128701019,Soybean,26.974265678113206,9.91,121.97185999999999
8091,256.14784514665996,Soybean,40.59010756893336,9.56,131.893583212343
29175,224.09798799823903,Soybean,34.921276286401515,9.91,121.97185999999999
54061,476.6288771619629,Soybean,57.55444344011001,10.57,131.72159
6023,254.40138257504353,Wheat,71.46140109331216,5.272096219931272,122.35
17163,386.3770901210248,Wheat,105.21902124936784,5.036799276672695,143.59
5075,315.8956558441815,Rice,3806.8680718444916,0.1017,71.26282706240329
41039,438.57038067705514,Wheat,112.79820165514492,5.226505139500734,150.97
17123,353.8688710547259,Wheat,98.76487898944958,5.036799276672695,143.59
