402.33561966244974,164.192401547472,-62.33187838286506,381.66357159631497,6.010996919114319,393.4915527741921
389.6190035717731,993.3558049093824,2329.8533042267923,627.2134287220586,392.52707514932735,2076.936321284476
396.96141840828864,1373.2366415774486,1088.1499581847106,493.65093705345686,25.040366846427304,358.8727021711816
346.43854166062107,230.59061294428483,1213.807449429802,520.6168985285847,124.29030636427285,476.3559453249501
412.7162394566641,920.3489234412014,564.6326230539047,467.3843061145379,197.81714745652368,485.8069136899379
374.87427060494923,780.247095381585,524.5536646695505,503.25853221542883,66.54634926184198,250.90961076206182
412.3169368260276,868.7928628466304,1063.4271071043809,514.1427710812341,91.81712636861471,354.9468146753163
421.00112887127455,552.5261643436934,1339.3985997715827,427.4920972186081,145.65855192800097,484.882287762729
431.6640535015946,669.4185540033181,1016.2732365149482,494.7217964134409,201.8872250340811,362.4330139794289
383.73530296717286,569.6014838553019,790.7740926163518,548.0941812385554,172.9195795391479,484.7782682381011
422.2153707376133,102.35639759193037,495.4395527316648,430.20116720798245,91.6383523415941,252.43955439794146
448.93548466713776,595.6782493620067,686.9435906613442,444.3650194626618,125.40008291687019,385.77737229604475
470.94267639318,873.1744253178035,83.0275002873604,436.23937790515896,124.541080214732,371.1114441740858
434.62208514876477,-11.43647136267964,550.1906781117314,380.11114423008115,123.54273462131039,422.9687008313623
366.27303789244417,586.819117927919,444.448681974519,342.05760767276814,204.48074726541682,330.5410777569581
524.7617626907811,1555.7146302000185,386.3334073635261,776.7590602017349,287.5461016132668,371.2641687113055
409.9583498021444,966.8396397446477,626.192519918458,433.18071828881074,62.30486838314832,458.36015934111515
469.35943829941107,527.5693548783411,732.3587403483427,414.87487027847266,98.4711858444345,566.94504327414
439.01643821594166,131.34088621943488,56.471927888656126,476.9978612105003,200.95210968788,233.3564810616401
278.97719858201674,88.29366391087518,494.6297772693021,753.8667179259116,-49.37328041271043,154.42724292421408
430.63520947010636,1239.6196696779677,1320.4408594569782,591.3542330359592,106.26712836224783,430.45586248073175
360.48049730077497,942.6974817876012,1209.9656122644728,484.80535153687896,227.9169070045577,437.28525144900834
413.1784974929824,740.9591907342237,583.1610394335548,524.8146399784341,23.00427402345929,366.9821816846196
329.10947814927175,764.5261376813028,551.5936480741802,597.9037139552163,27.012929511271096,217.53809573586383
117.03950840975178,246.68769884950547,337.43746782387257,408.63564627332966,65.12891734783346,138.46448119089197
418.3511924494975,326.18206320905455,483.3413784053377,367.2463525607165,10.635710112509884,366.6009361833808
467.45244181020155,959.1432410953269,1084.2210592942145,656.7179857713686,136.75528078241615,580.7628985051379
315.41883364287673,361.46247774760565,234.0746636986495,387.4105378453816,100.64334697441862,422.92098987081226
496.8194613092869,601.3268719764555,457.5050895163169,508.07579053455623,34.92026420807608,257.3039087785255
436.5326876158208,633.7771577128306,839.5249648563758,420.9207972030195,130.03377391752133,323.66735500211576
428.41756205714455,1170.4922851886733,686.846127299802,862.0122477460814,128.69213221325526,401.44680690505913
411.54249627773663,348.56625308018346,1840.5014482765253,453.8670337057794,-1.005727504516841,291.8608622718066
197.4660272975596,1746.564249676602,292.7111564277864,379.3091801092833,25.248606418516488,3.7471572281342844
305.4921371192244,1037.4057228268025,336.33964513017753,504.7239654533426,97.09217222990046,183.9194536989174
416.2957870130924,1679.033042484826,651.1276639120738,835.9061668408833,103.58290830407404,282.45194637968336
419.7841502138177,515.3911124709127,1211.1942001120042,430.26603998658146,232.386417227415,293.4752319622131
376.35434941434704,331.7122439930227,983.9854113218809,394.2046998251689,188.7684652345588,604.4962019950777
399.6470592980212,545.9419185027989,362.2288201086454,566.3027215404268,139.81835362575947,160.34952220205864
311.4109091243859,2103.796125189682,843.6214200447424,427.7862394446583,31.423638447999593,405.0237485791305
425.89114082653543,1219.1246750734203,910.7774983215405,458.11841632981333,98.4518367305165,509.9634428149949
464.84859217622443,356.55167831789544,415.9572726129499,507.0997329528562,132.43926309252038,178.72165094670467
99.30296929331185,1115.2453910523836,799.8483641829956,258.5299317326365,198.46140702163493,579.744241514936
100.48950929094583,691.3306623149886,1024.3995349506238,414.6914799227855,22.957288389693275,302.207689333658
379.8153713304987,484.3714240516992,780.5651188107272,506.6739227083994,129.96843943926308,329.2591345375092
293.37109197528355,666.396116623378,1224.6546222623087,320.4082899960562,301.58845450958677,665.351531854702
433.2777344208207,611.0989619908114,1314.4150009898328,481.0907109584343,94.98193908741467,325.9088722538162
432.3406048831479,592.2340637841357,138.69225214003183,433.5611617637607,62.2079033686079,333.53354550957727
107.39687932769267,729.6806987839439,276.12994481546684,469.99377818830686,128.29985130459988,234.63668136470622
421.5990575897763,1114.0677187305544,1004.9075322344015,515.7567277886296,117.19007932019838,387.0095553866896
437.1135115203275,986.0087439856898,1026.416064036985,425.5231481042553,68.86218181736211,592.082310560576
304.3749511951091,679.7584505485456,624.1520033553352,413.55033706306045,61.9512453759626,313.4013292357347
415.0356578922838,707.2135032047406,231.48846343612263,363.02410705788776,138.81134751124688,138.76969710088997
424.64531423976325,647.2964252419749,135.68664563398085,592.8167222797326,46.71513493167143,487.39758539446257
437.84015759798524,463.2281279747316,590.4837472067461,440.2986430301551,38.63409859388142,355.9892477846664
407.23554066883366,1089.093457681304,777.2193409485446,497.79284580678694,148.6661072627175,388.9369841488906
439.33428807884366,689.4117038640845,797.5980749400651,562.2002105562142,385.5643291439537,436.464403624793
357.4388974970476,739.0965133903233,993.0996004311182,387.3052764141683,59.2900921746282,392.6570112006407
335.1396185055798,1096.549187132102,1466.1225655768394,468.0539179877514,135.59619021825358,587.3168150410688
419.6770950042509,363.1474876519697,739.3518202914939,398.19099262463516,112.39984953534474,411.5450626491388
352.4934559733562,514.3629715131281,286.5158845511582,466.78514521984476,113.9975178257896,164.3120562392152
419.2429579612782,845.5067924657026,1085.030081565932,472.87111481108917,171.1030954200897,446.534682240831
375.45629833022423,424.89301062643796,1221.0636808776342,467.59354782085103,279.93931395979956,541.6780499499719
346.096256283596,735.7729472130718,600.088885884832,332.8931482481748,75.43801148181922,521.5837921256655
161.68382219941617,161.76343710849858,934.852787093348,376.3816813431865,132.6382622636466,461.6098757034007
471.75296952334895,1031.2532443125456,1701.2947597899704,438.36408639406505,104.70339605428293,431.46966155499
420.8024067973955,1073.9652221341607,623.2661278810033,470.4044407578809,27.353387412541537,354.60524792804085
239.78607576761755,306.7242782138579,309.2941284947375,345.3935893377739,71.80349945953714,409.90638370523607
216.04111565191667,1217.3477840044343,1027.7154797731569,637.0709669923749,567.4738786248511,629.2793844741541
1372.8708519110335,4332.471746639416,2175.0680315158784,2942.8913785304994,1031.9081040796866,1321.1186804425797
831.9444208158121,3813.006791257999,1119.226951342689,1006.2949499098875,491.0097809344331,948.6940467717477
149.5352857211464,287.6109573588184,2129.9666245083827,647.1651289049007,108.63839429626037,886.8151617319797
1312.2421894388763,5096.900326568194,2516.954432945454,1282.4816148143982,150.98146402867616,1971.997181059964
1020.0737870032134,4486.3447838646,1109.9745285861563,832.7516352837217,356.36240081638977,1881.800697567563
320.59416110748117,160743.79911398212,3559.2019732957388,1599.9009995055342,-82.33321022840099,842.119138836984
177.12366559376113,2381.403706397008,7682.751079337297,1385.8606197086863,-80.61420060254193,97.26470376119724
602.0084895241102,896.0787468813718,1689.5816004229287,815.2221469310316,9.33850948405643,1668.6394397356687
235.0167467425597,3103.1113558415873,2111.489061368844,1085.4226554471481,441.1113489274689,679.515219909131
935.4573845365892,4883.694493950271,2916.365414428583,3312.1810699256057,586.0150042942726,1067.403578553518
915.65381735603,17374.605780075934,3711.9678720090888,1323.1905295936278,-52.51884138959248,1482.1297987238754
1315.0719342590985,1458.1012116037782,4126.059949623985,2349.972323037324,973.6612080943028,1557.021484289322
974.1943057203065,4861.697091669177,3840.6105943550906,1112.179573621919,78.67702084210202,694.8583441013209
307.17393341702405,46932.253812417104,9389.534909343123,2172.3094048098455,364.86603269442264,4791.232648686382
313.51289166519246,8097.8707246692065,347.9530998323471,1112.42365544084,255.43714571059718,570.5695877174018
418.54264099955594,3440.2605942879204,1613.680009737198,770.0530789434727,194.8856996064523,557.9339998388142
408.4090478127747,592.1517035834474,1852.8337456411286,978.0430231000005,205.87366770763583,265.9859719067922
398.62162392078847,1059.5492168034614,594.0104438016291,845.2643857696878,161.56064163656703,292.5181139014454
427.68155628930583,791.1133807839688,1231.9699328860243,939.4488217279493,130.27869342436503,228.38552729599806
398.62729008704525,893.3403931896187,504.48350512570227,911.6305787423069,58.72127565121312,359.69899612943436
346.9628035447846,747.9026242457221,-81.26808174056379,885.2380092073558,45.683282701853756,605.4034751817458
197.38817460527224,484.35008523207085,1155.3778119606236,578.0933588867358,51.13682420536941,233.12048622018486
217.1882479632984,4041.1195924584717,1333.2168636499173,676.7742960965852,257.5657918036041,580.8904142110982
359.21529787255906,1360.6110874738204,769.2424977009687,978.4182696472233,154.4374514797147,321.7679748886502
269.45126952984043,3296.5934456235477,1276.0375114862177,897.4976639895665,165.54511842984465,453.5880212338815
448.95241283607766,1130.7143128681714,1939.5150759801973,894.9001582699627,139.0222685125578,293.1255001338035
315.8601424196962,618.0361175941036,218.0908317486332,907.654105720522,54.1399657893806,385.2502186656077
425.4678988068906,600.2875972573822,-274.8950125806031,804.2643163392368,42.960195859999914,406.6849244222633
393.83662591995164,3423.23955678908,1520.4496605527333,854.0556571569389,278.9464181654854,274.8778949809928
468.8528938725724,1388.154694850442,1381.4537964739247,724.490825205635,252.22437384808518,178.07965894979733
141.7661930138725,2616.579041035453,419.73304638091395,760.8106754826531,256.127958202447,559.9377564459662
448.8752453280408,2718.4766979251963,1058.9550007360594,794.6800256283227,178.01437584075637,545.8067696832803
615.0987612059453,3167.21113846797,407.7914941484597,1012.8908682918479,163.0166532028058,535.9845574617344
349.18265115041083,307.7276681131793,-108.64312052417512,768.3297059650224,29.745657867197906,190.86390838744754
794.7145173848344,12050.669353075753,3202.4383881314925,796.2095008065653,270.18249371475173,3048.2819856074893
428.3359155753683,4056.0320415023907,1907.5315479038609,872.0651955581202,208.28061822136715,590.050643703937
412.9322782777806,2841.2302951912116,168.8659061612865,988.4652811209767,87.90197124224036,642.8850036283815
408.79041159746066,779.2867299725142,1645.834449429694,744.7574123686436,138.61025578160474,282.200163445439
241.3825975215159,510.8875211656934,1164.6647391919782,942.7091453417852,170.11530362199397,230.61704847971893
447.80988385110345,323.8003258036951,537.528672434157,704.0006172055637,52.605889934055085,332.4312648987409
417.14231878209273,339.00574142605007,531.4892466114543,774.1482329125258,55.2611162450782,253.65013437130935
625.9322726336482,2483.0961556612383,530.5569578099522,1036.8201037009255,92.49281059591851,406.02469751276965
324.98637836159986,3014.973886468449,1030.3061725034559,650.1622778083865,46.280872284875386,598.2789002529502
456.49237308910574,1387.787196231066,1759.6588255415522,685.1114979291174,99.38277436825794,459.8430439387596
420.3704750409156,1041.8007700494318,3209.476533178743,1106.8474057785038,424.1834586377046,2186.3027741511783
474.8029823889983,2758.04470790077,1543.0410228921724,899.4752347359231,84.44142073445241,300.89120325934755
413.3040746253748,852.033805128674,1253.3869641219612,1242.0866868388061,424.12046962444447,148.73634518641623
411.1014866423301,3668.202604048042,487.6559573381302,1121.7518785382606,416.19330734411403,1718.0035884763054
226.12485253138198,4376.552977198276,1206.8162742015356,861.8675293459492,232.44778345659074,575.4150592202926
229.9809380555128,359.69570583635635,1143.5327288050576,361.90335741336884,-13.69120059084105,31.9871617384797
378.07886305586413,4720.76992829057,1613.3261238780983,913.1668654551247,143.93806917762691,430.4617450845368
432.5354636478263,2367.6049553104726,380.44014807271833,1190.3358138791912,179.96772589914644,476.0835120235811
413.81867775984824,3060.9222755348387,1297.7118133604436,857.9413332296167,256.25879530631084,688.2843691500466
158.716490309125,3162.2859315548935,1282.357163914132,846.7780265864794,134.79617726341144,635.132365709513
403.28413950347203,1974.1931860950833,835.3668598601981,525.1333654360772,116.5266860121104,522.7436944451691
393.3038022733307,3095.4901986579084,1105.148505621321,840.9864397707258,500.18636543554373,502.68059599896947
403.85541555687223,5196.7541442986185,1963.834873444067,1040.0939556262656,214.10714542156882,658.1291609746955
487.94700433207277,420.33921156497405,1259.9324807435846,804.9786838872762,89.87043320909021,172.78555394605493
445.15008873346926,817.8607476407806,857.1334513509984,1074.2491640935993,265.49195087999857,192.115564627974
364.55903272313316,3205.902555338354,1183.2834835992599,1129.8695397270494,192.41506409486686,376.20325802171067
225.9574911516347,2321.5868505585295,472.3464866445396,806.6333591428813,259.7585691951472,47.183943125229376
415.48572322435007,4330.076794146317,850.7407059789936,805.1881006241392,94.50166374083832,604.1547915123396
466.8205136582044,747.5011359155185,1816.8577149609064,853.672050714559,89.84253395896545,356.16450769986943
446.65292838155676,979.8133945931907,1528.8970030993423,868.0839849163126,58.94862919240518,468.67838133634905
393.76996366203866,1040.640808451942,2648.8420031599476,1319.216344441456,346.17691818824386,1105.9714434888258
172.1488460068768,1624.8746495612343,-101.38882549787235,685.3989520508142,-20.974184915500018,-8.4320941166783
399.30185822997316,1032.7588576581545,1451.094773087309,985.0000818267797,182.0756262058461,313.28567518747036
534.5643359931835,4068.4042146420643,613.8263966748635,783.2199401449584,280.840435860671,580.0989344356973
438.43741677369746,452.4812915375315,4838.978835252545,784.9054579065687,118.23404153714776,430.74959502728257
390.01157173755837,2565.6294744819993,957.5082898897791,979.9113831197571,149.88103366651302,507.7035292115145
305.7453650677418,907.1000801703246,1795.675423563464,707.0894476632293,85.72683931162052,943.0315292705873
419.6339268941033,2548.953834946663,3099.3189803266146,731.9671627874623,369.3630804323225,502.5094477474431
446.1874764147444,5201.010641360355,622.13683808231,1011.5640382399781,153.3028558664697,783.0614403909542
412.8744701706686,2796.967161478619,2406.2908451542444,919.2766188521539,122.70212491074291,518.885694768526
227.69323236614298,2931.7162710731322,179.87325438950006,1202.9075141347598,232.05646761495802,438.1266341049593
417.69090917925223,2714.7431764376215,1922.2156521308766,946.7578143354692,144.2515791605082,725.7165239628872
412.6776547234257,507.6987710628525,887.6085804034609,969.9285873224444,106.23341952257104,396.25019354171104
336.1082486297176,1205.1996790828323,1156.7669612403151,850.8660609190288,51.84307571866171,154.71299126455298
397.61194524509403,438.2801075334252,1078.2224940537358,840.70941517756,153.25600367861102,155.2796252490579
345.16538907895205,1207.0077513697433,1098.8373615809355,951.9026979636228,257.66250534521635,408.2009813974248
434.070296324527,626.441533219491,216.03689005768854,875.7258232169777,60.911622669666286,115.20378574009547
459.1915291922228,2007.1701001018344,1324.9977729331454,1019.724705948322,141.0763717499645,346.4449355157766
299.629872127714,346.0601963483953,2506.589918076871,904.5741949450432,100.76891024258936,273.35350099025914
429.3540374446601,908.3367020468716,219.77718256524878,796.5540320624377,43.796438117710096,209.64088225263853
421.084132352393,696.8507213898602,1129.5537843426464,910.0892364613064,128.7136026503859,174.96567942935715
221.12130448992133,850.7935968408824,892.5710502106073,972.7323581765143,165.5461062923469,289.0940979181594
428.02215709733775,3670.0483209551485,-243.87127136852922,704.1410226002631,92.65658611813515,499.20015610082794
242.95221865492152,3033.98183726679,274.60001997762413,743.1328441747255,45.031401632298696,510.5245354021905
500.1825119116311,2279.348174093926,826.5632179723258,730.5203782062283,72.27225565988431,318.39528394131776
-1.4642191396750377,1597.6585588156713,20936.04196075658,823.9761170139775,320.17771691367585,541.077105042512
-47.62527618518665,351.31312059273773,8350.985397128972,-56.25144691784442,725.645900809031,447.8830791747656
274.5446365429093,3015.519578246574,25337.77069079877,800.7075446489223,281.9167776135949,278.78344816658125
388.65195672405423,2638.575075304764,79475.15231061398,1920.2962221669775,251.55700533980473,683.6702420693312
331.40638895153495,3351.3296001475665,10555.264610133045,1304.0527755485837,254.97493691094547,315.7765722809937
-10.403550736415696,4371.751894743272,7673.228013391323,2139.8168228808327,270.0141132037813,1366.1893480948797
89.3749102001338,1695.993144054583,20504.389329047466,950.0359400291081,326.30246939502234,479.0537552701735
324.64556894353143,-13.388098508407552,29487.40533443747,554.9204434988817,225.0420217153477,707.4160402633835
571.6557382250085,664.6847964628197,24378.6732772578,575.4244219514021,370.1675251558571,231.52112995975276
203.8560625069029,1769.5930251822701,4747.524784871769,1201.4454553758846,455.31328153430553,1096.0566499362012
88.90864639211674,3437.5073509206413,11803.653527718598,1881.6976047496678,287.53550845627234,920.5747704577943
336.5002929213682,-71.89691177569378,42021.957408559676,333.46608612150743,203.58038592737051,925.2450000916866
708.7187813179389,8270.279965616457,1237.6811629704189,2690.743960179503,227.1233755664132,3218.501894212818
-82.71313997704306,2913.584392679946,1294.006157587527,1006.1871922282794,175.217808159276,179.9318765527121
457.40585249907065,4669.823360247903,4480.27532822997,1854.9792944666922,249.45597249415937,2049.751026075814
238.9897324797896,4867.397515849907,2067.037353327314,2623.1605966810585,195.31713605276065,1294.8708162547366
115.61161347944034,1237.6651509615126,41825.45231517248,1310.6199020037486,258.3302829255667,397.2058761440677
40.524596090444845,2228.579752691244,1758.64054430213,15.894703246874542,463.0023662172169,513.8460781354328
-5.34830758287805,1166.4620007560575,15007.996437076405,1896.8645987611214,283.1809918222318,172.37622001294002
334.996085408662,1864.0454727444917,4434.9631377174,1290.3516103165616,430.93820005482195,1016.5183661946928
93.22812586070171,-50.0549318440799,40149.04507477459,381.2555669723465,239.90776091762092,-20.63210583004937
124.88762078751697,1306.3305946630767,22313.823665489435,894.0517697114233,141.19477317649154,182.15644620727093
213.99399180211847,-66.64676343423884,38881.61978345048,515.3754903758245,217.842437586597,695.7357498613649
59.078176985912535,2014.5349923505864,6747.261739826265,2600.132258292999,279.97925768628124,420.57605401612443
349.97690849014975,761.7850073076505,1008.1316534302533,-4.191280321015881,703.5980996400947,1299.9365234422185
21.160224201060686,317.4407021041451,2297.7843842270813,-202.2406906806998,325.2267120089829,433.695136481839
-32.8236392111086,2547.903975913955,5709.644717819446,864.7958326657097,331.39042992350653,196.7990824765594
167.20281198603453,1672.0039961323737,39276.24471821496,1668.9878593823912,251.27856030995548,-4.902427486112629
231.14155649360137,1291.3429755074321,30215.51202830227,630.477639636985,333.4364462580281,478.33876489448505
-81.17379766918165,-0.7544454553508899,8872.340132085414,1121.831064940337,278.25379577590695,-44.157105540620975
188.20951618836304,2774.8060117050404,32029.197826141455,1134.604508661911,417.0117257882544,326.6263498028719
65.70897108715522,732.8000320378028,11684.766748253407,229.6635814285632,469.7862073334193,104.13341308687401
-34.26581070858529,9969.368460531772,6183.953158412183,1019.5274468186064,-59.87101278438162,1581.7536975636544
381.3543307535009,3154.741041465849,21591.147485395733,2154.752644699399,227.32983277735133,1008.2495053109196
3.124008984896534,-249.2142461718836,5397.70044793534,1413.5474523910843,333.5408406873929,383.954406383246
110.93368346484709,283.1931766356814,5170.074998504454,2280.523531344701,29.264442650020328,799.3085624471072
-76.41253709239228,-109.42564057002656,10329.160143371162,1920.3318711819622,791.0690797031446,472.60626842438376
382.6984451850727,-81.91176649973914,103192.41183905276,-79.36972397194927,169.37773895334618,639.088681669772
310.6087203437432,2796.397557332584,16599.55280890033,2069.0810612757678,275.4765945152861,1192.091173892896
1407.6354509375753,170.37146392420112,9074.135295523001,1160.8080093393962,312.65759864995096,281.01956983025116
62.13704134344823,631.529404243905,53675.12648234244,152.42493386368085,151.95429753795838,78.34196984981295
-88.87036574020978,-229.3022581864643,16521.617029516146,645.8486936578015,345.3459061394419,267.4762848969124
127.41975648052562,501.72133858638256,21115.300256738654,1142.1003804958843,258.7023083842339,1353.3027934259478
28.175804471336306,-14.36041627039998,22246.626432239853,553.8403440001109,193.55353775407576,682.0380670215322
273.78044200268323,-119.68765817161636,22934.23709805879,502.2492635505295,339.89345413446347,1026.043271441293
-44.3440363027984,131.26829053783086,6608.62587258357,265.599181390457,363.41999471829763,297.98562533086385
421.1364151634857,-74.67026898880576,4910.633665181414,115.33296851126084,934.4427603490672,1088.6972820000092
-9.338910305360344,2144.796021905402,23938.585261880515,1533.2644821181282,26.36178046077916,975.675376447042
-74.51501631994107,33.18499931301665,41026.29512711668,736.8743519551342,276.15393575512894,379.1924744866361
202.8594937935826,1737.0697430315067,19239.432535980777,2206.1516361365657,310.5026111649571,1133.229184492191
532.9869714554931,3408.44823808,4782.158337432204,2266.8731040904054,212.46190744966873,685.0152670445963
-78.42249083446326,1804.1694254537072,21752.71801451996,532.3381595601352,227.72903427132104,0.3265777637242877
-34.22722105483744,-161.01326717789192,16575.621914603642,141.3344136160378,398.15470982592814,85.56415165324302
122.5232324026943,1181.3275639079047,2558.698524806489,1374.5141200334242,433.45642391819325,1022.4039401985139
17.214623072629905,433.32157890230803,11448.186928336501,305.2107858169051,446.9803565266513,182.59899992640138
-104.64722258294222,1751.2689884298825,26355.691758254405,1210.244681679151,357.73926175471684,-14.17956945416168
133.82282353024976,2595.3012753302196,4463.055551828969,2014.9298399509958,243.19341716778644,735.466159493416
542.3347008715989,5046.7519947502105,50374.27239499735,2716.8870655811575,238.13046133986057,1405.100838746389
206.25902649288378,878.106275683878,71.50940675100759,1213.4232005431243,432.6233010092037,364.73242471619596
1775.4295493003754,1575.3693459919928,-59.192009541209416,914.1421204295759,609.6186281652454,1275.0234172158007
68.74688115810729,134.36098561197275,119.85858040003575,1132.9413429129531,439.5591693896972,335.36384573772796
797.4961256532126,741.2433426269971,64.49879582128233,344.507605794212,700.5900095030393,28.532971757454277
128.55654676634794,3061.1904976645296,324.925097914752,1414.723604825071,430.68054625261084,416.34024242830253
501.65636905928034,2293.6050909847036,23.71162583033623,1539.6183720452236,383.0400594362104,196.14888170412428
393.21467787677193,1038.0346763356517,331.97192733048644,305.49181719863856,750.2650808262608,444.5491507360716
547.4064749048329,235.93541818569724,-200.00087782082977,51.0338643648966,662.1358620598314,613.5074627998563
116.76182071132298,860.2585879951846,348.4338733139002,1607.4167201862201,548.0111096654696,411.91115353367775
582.1925066892067,213.3464975757641,-132.0766005618005,-156.0435778245884,799.3200223044234,865.5365735070804
1248.4315432904323,4374.070386194712,77.7271626767747,288.85722205409974,819.6591717573692,349.8037153190811
1518.3706430239097,3473.888150531753,80.49339667931679,376.47962331061575,667.1653684239882,1508.9574224748442
781.8339587702342,2250.495921188037,161.87190725396272,1716.5005455192609,752.2328722958389,126.374435331194
249.19937225611858,540.0221733684596,406.1115411600116,185.99965927443935,850.509149566268,128.13637587509817
706.6463731832957,3172.7018286876914,-5.042890688953548,560.2501346476929,1040.1369466941871,1196.6232163419133
513.5886659280486,2691.1121700648146,394.2912776757745,943.238359759984,454.79790252535076,39.404773692058754
661.5098437316888,803.3635114499526,306.1773849428655,312.61638510657673,932.5647953385767,659.1860255657938
103.37566116281015,2615.3648262701176,277.46319259683526,649.2308551891854,574.403464612035,476.53864840746917
221.3117430985217,1561.3476420181487,-203.68811418244616,25.68197432705506,1101.304072288001,142.5870884685772
106.04932509642298,509.76925637647355,451.0087355889307,1147.6998167626741,419.47809553683555,51.66154427497945
78.64581417733528,585.9046665650055,691.7672984458726,933.2022283138565,563.3413328285324,41.24947725173216
315.55799005402196,-105.20687338169705,63.55521660510385,613.907397607757,471.2020320189291,149.15672938867425
416.3627599908541,742.5791057040391,-109.83943649966187,252.77563064960822,961.4453034775192,-51.18439954300888
426.92142630946614,12.828873867362233,-148.65349420050603,-78.29706243027528,731.4387020928295,913.4879020022894
492.3771704823441,29.082401428296293,-249.91544796392336,-32.30092841184279,933.9217002156458,122.91679299868889
434.61596389913257,3330.604009234771,-398.129284703906,171.50937107417195,740.2280217910381,380.58278469536856
638.1911521116565,308.17142993632126,-18.89881145796869,-72.75089139661475,1082.0027845747375,857.9865066964662
134.0483956671099,2290.4216239050115,526.1584843632617,453.89254830761325,720.6326776423235,9.225348433836373
358.55176961016684,606.7572558340659,-228.26726818710873,-111.89864311765268,745.3579371379392,753.9393080724461
179.47102895352234,3093.9335633040037,90.25718990929272,368.3255713594419,612.0533073372881,6.494242431889333
-29.05470269837201,193.12413270643862,221.85404864544125,1636.1955601035047,498.21016961436885,339.1179307987639
460.3586294167825,1195.6940313212897,407.512745411071,1413.540485051973,609.9475731007145,468.05155877685894
284.8349978745356,124.5465378513992,-261.4832750111809,-121.54021880228015,651.6672226359615,842.8600296173388
425.57705825274604,805.3048516031455,74.33555881334712,499.9208626874217,695.7523486735013,-44.42373985270602
435.9987989124145,1798.1910728263542,474.6255937140364,142.69003135287454,1014.2566385172958,158.4276780293156
621.963968942277,2120.286208200757,1104.7675343823898,996.0275537233974,456.74152311281216,66.69421988555025
345.308481698984,589.4205865048352,329.80258383943453,1710.4543319754484,443.92661594799824,391.8391971324495
18.29308636929906,1716.0334405968445,670.4272265341634,1650.3899915194434,642.595404419115,456.43879080519946
1053.3194582227316,1279.8171493439468,10.381819788261112,525.9529502789196,731.4767039836631,1036.3457440774546
618.2274569295713,472.89476590048594,-50.75129284134039,-29.158815091544795,951.5820677386027,740.3728187069021
3.5412232565902286,2882.510803813558,-236.64564955225381,478.5889717406339,893.0372783463424,-71.04628587816651
394.33838262975814,4092.310474632228,794.709378178978,694.8534050119856,1140.7941167826907,698.9351177246947
878.9226738068344,3711.7746874422096,-134.72827867313202,615.0266294053501,801.057731805387,677.5886576254159
265.60005691249285,2715.435841139919,527.565579309105,1707.9903877336774,618.4660734389298,466.4321766592836
469.5514123889443,3125.6995272616664,-71.55078383413837,1467.450587015029,290.8581233432947,553.1976808101564
1075.5614604030975,125.524252701524,-271.82674926540994,224.13117316497613,682.9941829591387,-31.690112665110362
252.781698359736,-130.96235869917317,-142.04000383658416,84.84757553569483,614.9073140118485,536.1928339829942
186.1014944180127,2823.099898049045,657.8090486117408,1773.9649122330802,580.3563230376845,129.2783164953899
444.2900609815483,85.1267737816508,-118.22196550577405,-68.49870266132655,1180.3623190722485,663.7687573547335
378.3575819409121,2410.184493013077,178.46362924018297,1648.0399922150054,245.57473227375624,329.94807491094167
265.11229136214115,3087.0726555913398,166.1594315934267,1156.1082067291131,340.231751178906,197.16524527319422
44.671755350287185,2118.984113961027,-236.76270329610617,442.3710650135857,857.9847600888202,-52.16188014293574
1757.37223941452,3756.5943824167643,-124.70243717394254,299.1301757280027,659.118822584446,1718.654632203537
2.6739707657619647,1568.985419153381,-342.12009155848233,208.81906779405114,707.6954842029002,360.8150794322732
1690.4214493870502,6702.919017892283,-163.26813120882997,262.357002463901,766.8857827544944,1777.915745369057
631.1027677683379,-4.702020344143818,-43.11857110506804,-110.8228297394561,853.957668987762,82.47832433435647
315.1284975150087,217.26326770470655,45.66913078027238,335.621968504114,908.5578143851919,-34.86619827545377
166.75744683838016,1927.4678590994865,455.91444202801324,1767.0687648337362,687.2269597487459,494.6818742268937
244.29739777842352,9.417492147032192,-182.14245458794602,-160.25651767779493,947.6930235421441,833.9454794525318
148.03420541516354,1500.3577479916453,89.48993279174067,68.44240429708208,834.8153016825138,480.0672940888943
273.5390669403627,1107.8681830921194,784.6055713626876,1588.2222696128515,688.0990467827473,428.69469274918663
641.0843256850142,2151.1930245854346,277.9764047948124,1320.8542525687346,489.86389281262456,409.2797740237354
145.8998418126526,4273.376800571303,584.4885752337502,1515.8091491072591,546.5989548506615,-14.305578016062853
558.9381488196033,1856.9353060171104,1019.2460644017216,330.13538798354836,653.8485419131543,1962.5499763704115
565.4994320019334,1290.021635834903,623.6874073591131,349.15893841198107,550.5543491974012,2590.582273451984
622.0922790952991,1562.1046984712766,54.00877419902815,406.14742232978693,739.9317058160904,1957.8509459474435
588.409969990442,1216.4008679518406,1343.6750071783322,328.434667509196,558.7144486592409,2701.4902872149632
266.4237622342238,1266.7156864544013,1588.5331728894053,299.341628651955,544.7688566102792,2384.531054409905
566.4467978941714,1033.6233670796246,1104.1632226683464,254.81820848975605,193.472993671234,2400.5211930098076
599.5545112102892,1385.752477689393,616.0083413523063,357.89683935762724,662.861901467353,2190.9988240152693
619.8726339786747,1441.937537312668,641.3727665519981,387.9297645491359,711.9632707557831,2216.525122526782
555.2906225873822,1119.4833237624882,1599.5222796870319,298.6559788590711,487.95176918524487,772.0509221719338
448.5633922807997,1162.185490431256,1643.415733067647,341.9135385858256,573.8049033628895,1158.6963804394886
509.24232534300154,1223.3396672311865,1723.7310558808597,271.2580049026922,344.0124278665851,728.8933775621186
392.2271992080309,1204.911053650838,849.056432626089,423.30932318868344,238.735522621877,535.2765239783284
355.401711043177,653.7861302656868,837.7065026465606,1392.4316584132175,57.58465619368096,300.86974142195936
387.18521376418335,668.7857907536966,1695.6660274146307,1331.6700924782476,96.814272170117,336.24419710974144
305.26982004026036,1688.6704588065786,2042.1940136468756,1392.6882409138238,69.49102346067676,939.000552068715
242.455857444113,928.4737301445801,1691.8774821827074,1359.5795070273518,59.58471495429876,341.37023847995204
379.96273070429845,869.2830029740102,604.7563126682718,1262.705845120861,11.072772985122043,307.70696106908133
350.01850633089896,699.2614901062813,215.3477312305738,1349.2005735216096,-7.458857131639988,198.126034052289
506.08934350405593,952.4835495891806,1362.3280486863396,1398.7312482550692,104.43185541662402,323.5878929312986
185.40726821793993,702.334206043101,1681.2380102151183,1633.5224762379332,27.521558193348596,127.55025939635388
328.65847272256525,565.4249984796016,1070.093172227847,1290.4267501575175,29.559264851396307,255.3299376216411
273.86757655165826,896.5938582299858,1412.0398940044138,1329.5585749886025,32.58212632327837,353.1785632451539
242.8521821564762,601.892396946192,1399.351406960825,1661.5942091240229,30.54917610756874,124.69345413722269
377.29591487220443,425.51060272898644,1194.902849105738,1300.5293915262478,5.985202233897837,445.1560970165175
259.5943170402983,1055.7985970927139,1478.7622651063289,1543.0538100278616,28.94417876536241,127.86963903709344
270.0519936019678,352.9157937652682,622.7839512184956,1529.6784801292717,76.23871362129415,185.90548162525644
359.8246414213039,835.4810254983864,1653.9119811077644,1415.1615609337948,30.205214568277086,448.6056833941791
471.16672341819617,733.400393688654,1169.330864327298,1182.3051043168307,75.67156147515297,482.4200914303028
377.0610990003105,342.520450060681,1346.5814257222346,1347.3013350941203,43.06686479783585,326.12025746116115
307.4412820215363,1172.3164903276352,1433.1538849129952,653.4798333059834,25.72388797185178,429.9213669209804
306.14003925900994,680.8439738773457,352.1069721415091,1024.2568751266642,39.84237774171018,466.63081913295275
290.26815919191887,513.4582196170282,315.48891677837275,1530.5227810587096,53.54646293807923,175.1903616992656
243.20813923995888,879.9114103739722,2012.4725556583703,1627.2425585519516,108.12670239919655,300.02723371237414
430.64626734826777,1043.5936622327386,1819.147091940516,809.6621384585756,77.56177829250342,432.5661519607097
411.9690937545722,1107.7023928061099,1762.0612216808258,1301.809594660763,77.8178501511043,368.9141327649629
197.10582223433136,570.2394289245177,1836.5148604737824,1953.2797216730462,210.2641733369647,105.71789599346968
262.0241505772016,1102.838587044192,1180.145701934921,1584.3859837836987,33.57705326499007,116.2250071308201
309.7036651590805,1064.166681860701,1894.0732723481342,1346.2528059908796,37.0108955990942,368.25987097569316
275.9224059819845,1943.4715692995364,1748.177362192821,1598.9780270992335,40.68310816049964,135.59179620281557
-14.134558003889538,566.6074898683316,673.3223881729426,1177.7896948887185,-39.057572440324975,220.00414372997741
442.77266662281613,843.1029509583922,877.7451354967958,1431.9122709076476,78.93627446439544,426.5856486175355
258.6972062679477,1085.9467853824435,231.3159322981362,1935.3690473625254,148.23867934579494,55.45203880366765
82.48911078817065,1781.2441685781691,1166.0805839566624,878.7611700493453,140.8225099106125,310.68693198218057
441.8891472491323,810.7996040539452,1135.801929425118,1130.3961923073925,64.84672647302045,462.0347251807178
58.767857018032686,1035.7607513580333,743.614560874675,1298.7138243935049,26.095971871489212,408.92245035530584
318.5536202750952,1206.6591672362515,1068.2150368622033,1421.3080028167428,69.82889720798502,235.07908897661864
174.90236022694478,975.7585165265895,1878.959016001133,1682.6522820466332,20.27570223126932,86.75352279614316
385.82855193815453,691.8847040691687,236.72004632168625,1041.5695272953124,50.96762646654568,436.905404513643
215.2838143224414,918.8976079230052,1453.332952223348,1472.9078160903152,43.66203479867255,310.8163897556544
514.1945782740565,832.9363288528631,739.3992609590852,771.3789142667902,58.89847823572168,400.97718541701045
417.41647498139946,532.2517510973393,904.3593904163266,1212.7967097859648,58.29102092401067,472.4588000113886
158.17961276064017,1973.874841219787,2155.5748641692626,1616.7657256821828,22.53810305877667,149.78409619873256
349.39187451286887,489.1761873693433,1625.2852382993165,1123.6974700797361,17.660451876900083,291.68361529841
389.4234652569452,914.5153197100477,72.02060153757066,1217.2549541856088,16.3265620292336,189.15745955565663
-Inf,-Inf,-Inf,-Inf,-Inf,-Inf
107.60337269750107,264.2428158529075,-321.1439578587433,613.8596078459575,-50.39034673361651,-149.48940305721882
263.659749909359,1332.3012571317008,825.3731448390475,1273.86765601871,34.77753426143494,310.3524752280273
484.4632219367021,437.2375826979262,1457.8159332535934,1108.6013690528262,38.519437169617134,402.76301935711876
290.52800354011936,1027.4071687012456,1474.9638337056572,1333.804366846095,42.58681303678347,170.92340233871445
238.5672538405493,1032.5057082460135,1220.3765973194013,1507.4880339316594,33.042938804494895,246.37545648071162
313.6611292255948,862.2087055234973,857.2887446207225,1426.3535027611215,31.84440527966143,172.77766954210725
314.7949275050569,1018.804422844588,-19.359023743121156,1613.372089126013,85.69543530444926,110.08034938608213
323.09085219744907,989.6076824639794,1829.039575614721,1288.7787712366803,37.76147928728517,273.7802235524397
278.4429777871738,604.8206948274855,677.9942595163212,949.3898317786184,-3.8105574772140756,318.22974054639246
280.7249919668199,1337.5476820607046,1213.2651756981018,1449.9412571002692,26.897314675343978,173.8651316768293
373.7431663571815,1113.3800251121884,1549.8097962722527,906.7419247813698,83.51909120949847,428.7654076120276
144.35497215873437,536.4957261707755,1330.4326226807889,894.4946717041341,44.62498749918251,468.0596518146748
353.3386678098451,599.0339072485101,434.1956541391743,1329.9457753427348,22.671483016625416,214.9712161663259
493.8996362537217,452.42290637612746,1261.7309365503997,1176.4876381322536,75.40028451496508,348.4707096189097
258.5588562716351,638.5764028243686,2198.5970066043533,1608.8956620655115,24.156101736457487,188.93061408119578
330.6998289776574,500.48034838066417,1311.9717744605714,1275.8441593809953,0.9960527247686741,317.1514057399048
362.46088914725635,816.2164136347577,1344.9094043377736,1731.0867950618288,270.3061043109741,337.26430224300054
344.3357928260066,1022.0630595204744,2107.463820763804,1265.16596356794,85.82348321274077,299.99546204290994
32.42723042949686,419.2092953979976,1799.3442021879368,761.6310029485364,-72.15942082223718,64.51755539596485
310.6961740939968,558.5569965032405,1798.7286234371509,1318.1039846781164,75.20800487553834,355.64798395264165
363.40684747095725,339.0183853473934,936.3290504530327,1381.937831028911,29.772070592959835,288.69414964687746
466.72931161113786,930.2166809668698,1767.6326820673512,1096.0026769720578,18.53668644918963,537.6649286091975
455.70934186717705,800.7539672580041,1419.8496923565403,1198.3614991295908,46.908408887250744,671.767137117247
520.3551008435521,1252.3824103873358,1055.7314797380081,1381.6860236815562,144.7336752134118,415.6875631281696
300.95558820545176,303.8799648321816,1804.0857138276137,738.8740458117527,96.43446094986251,313.0607652325715
373.4194038282642,1219.8521139134864,1582.4794428265427,436.9526208901513,65.34135116222564,328.33635535515975
35.66776439789393,419.522574446558,1475.0940198567614,569.8437544039596,-14.090897168111908,194.74870814757034
372.4107084155086,5354.734979030318,2693.08407993975,386.08761749904494,118.10968875656317,606.8765455291248
85.16841377709407,311.5282843283665,-227.5423773388647,438.9161564908159,102.03324892737888,245.2627227195916
479.68032213068125,1121.1926607124433,619.2344151961763,355.718163253711,110.86645615707039,238.38432692677364
434.2704438548344,210.99248435694773,-260.1835522468573,372.1989549589119,29.584447389698653,458.57087349926496
82.41484866583473,1265.0628159379337,883.8317076706165,442.77674164961996,344.54116667880254,617.678362928825
363.58059299235236,2000.9432735747034,939.9526444836914,518.6262851932593,129.43509727251188,464.90934299496485
378.1078256846325,1186.5282907235514,1157.801802180685,474.63111509519484,120.83498692723077,458.8857227301187
506.9553607963452,698.5811339062438,1.004783698599283,674.0328096716189,98.66193149538825,317.7620021277809
122.80183359819922,1991.3038404002712,472.8481403946065,572.7185014851163,34.227716613345876,502.17041680778186
214.21252160554917,126.50338038809952,767.4648092849985,660.6580847842438,50.46033685845066,94.03299374977502
371.49663957594026,1305.7003606218982,1377.3639660106858,773.8074286878773,165.802345078744,340.0920338083914
376.08628240774465,385.3069379272482,1412.1815078122022,737.6277521625557,26.114804046708258,454.9412597654775
358.27345677949586,755.7570868555624,585.8703230701753,432.4551256927867,59.144796453825535,380.2494092212538
406.81365973158097,1736.9156380604798,428.55448580270627,410.72813908426434,74.3211986068037,538.3093268687404
401.9046613233912,2.634625877375072,-397.63316563466003,470.1031032734555,-9.222887745292724,242.15387638500536
223.8293446171735,5968.874566433275,1206.7574513985167,718.365610629083,424.1359051355756,416.08141477530967
374.1540616749587,566.8029605648817,1523.065189766744,1271.800463800524,9.731934664848353,503.5908134137477
373.82153913240734,1220.4156140270766,426.8372764343903,451.6230037501842,41.978593741214866,319.11438607122375
421.35030315662357,346.5738963874184,65.45493116867561,480.1162995544583,212.04560610718028,363.60464387866557
427.64193948621494,361.6121369363365,527.5861160805708,352.27986162866927,154.43149758906804,342.5287335950553
384.49062294643795,384.8048478259718,1680.4057487631244,987.0266725408135,11.50160014189953,457.2243366327267
355.5625911741672,551.3156559366535,1962.445546707247,753.4212171288707,96.34669925244913,370.31590895582735
343.9582100926512,782.1802689294727,4.140377254507996,414.7928570959637,83.36641093793486,465.42499905806335
441.94456696620114,599.376089943834,384.8700575032933,530.4908283872762,162.47375231980737,410.28042224994283
460.13448891946655,660.6510770287673,1710.7689054006416,471.4326843782041,259.589549412558,385.23377667528587
358.14601246099846,667.6677908103941,1304.0138906288507,394.89242395895025,-3.2748099203102754,435.560907594945
269.9973695328322,2694.999864619672,1019.1594110927628,511.434876975372,158.44107777878475,582.5368187152928
401.3660265455468,370.4603918236168,650.6651338735737,449.6657096337852,35.527575556322006,373.33689688871846
290.4138579158268,933.3822290158764,513.2012660739467,877.1010462216179,70.90121757805389,181.97206723115548
425.6525112092053,171.0214768135122,881.3511824087034,417.03563455457544,178.90232432097383,367.85770857017496
317.7368136468272,1639.2401208262347,1246.3840191801219,451.8492662169942,126.22172897862447,238.9934811651568
102.45316912372893,1628.2850512681796,970.5192480702253,442.1271293327604,76.7098536904459,569.0253717317476
299.7885951406004,1282.7476151794967,-75.03449785613066,556.809304248168,265.81376809273723,395.69685268342164
362.14461040457223,1117.1722686753603,1641.7909085115307,495.0545726221597,81.78284963377533,576.8978543656486
419.67128545267497,604.6963614257409,450.8401153318758,533.1953946769513,77.4124029345428,455.59591500924444
354.50373996755735,460.4141544621736,56.16057549601834,419.1271630278024,-47.227610094054356,350.98781440592666
158.24824275366524,1770.2198497093611,449.7776474842182,506.2605725894726,51.573034079936576,347.14459533202626
343.45273203887734,704.3417477998046,1467.4699608949309,380.1084917136637,239.9575477440095,403.2884288465373
476.33235219938877,2382.476007108766,743.300256947728,341.8601970797038,315.6423030495953,479.52773924095175
155.53639234078656,3742.192810285005,3255.7312799246074,703.1582986765595,166.52645587957647,674.9637544584908
100.39391830981496,322.8377410254041,591.9838873215026,215.64724960148664,88.87384486215092,543.778284900177
343.09912941148224,2019.6505307339519,677.2877275740163,541.6808279559318,178.2977655063388,360.1921738128258
15.472807155755262,1531.9656094031143,250.76824106861915,504.06891695460257,20.584888139145562,14.582795510585242
191.96226931594373,5035.7614834176475,2798.9563712601243,410.18274067656097,62.280312476380004,938.9024806698633
376.9441721138101,217.1815824254117,595.8946731513615,427.87966970521853,162.5280803851984,446.0310715924619
307.2723134404939,4688.109033902689,1657.1943545188728,890.5674246471685,189.70292975827124,769.804217619264
355.5031347229892,1954.8123341995756,1753.6456894810565,986.1464864820439,188.33579670184872,391.9626841750912
251.84087156615493,406.85488922431927,1552.370762253937,388.3502646001123,295.6545461726099,1338.260116609676
127.8876245318158,1833.1803458224651,247.24929451400527,387.6151812034262,34.763258284521726,290.45463226092284
446.88564232815486,942.4404774123097,443.4098981675589,470.77186214518343,101.10415949627736,411.86512078373585
312.37561441238205,695.2441280332843,864.376764479755,729.1446895267959,95.64230207493011,326.48683847762493
502.26299894361637,807.2910887060041,1762.4936059264112,238.49757617955157,346.18422983395726,335.96618679620155
398.6979789353005,596.4317835499871,1057.2676647502738,430.5286787671295,53.955381597873725,555.0588420007138
221.69962752902592,373.0431858052353,1157.1862037698406,437.85803119901954,167.98246731812196,127.73986754648305
305.7839169906325,657.2588353255064,1048.819502236614,344.76616909999456,185.53155925619183,329.5905524769174
527.3024293863465,916.5540344341625,-45.06062395556654,399.5303944441634,80.98035598533528,364.22620229767676
290.2484618262146,1799.764698194533,567.4003113707147,397.2147884899104,93.69157144581575,227.3855774142415
483.4116348118042,753.4296360299306,437.00917067075756,268.8736137886695,185.07574656460736,326.7515525939116
393.231673947309,707.2954253915245,489.45375212374387,483.21325549052625,61.24192529585051,231.23149141556783
367.8945388936919,602.8263032661957,1711.2826874223852,649.7176308263802,15.503802227291487,91.4716250597719
476.27252939039863,2895.090485216054,659.2524704560166,599.9187959935696,647.775289158406,2524.8655416348474
374.8082403041342,1230.9799599958922,1725.8332227601604,690.9079318099498,127.46119859964784,728.0848917250402
403.0461361698634,859.5869715807883,-68.87442919257597,446.2855927937057,81.65397216579805,635.6235650694852
439.45807425780504,200.50745064445022,181.35788787439088,442.15956685041255,101.77521316839199,294.96445535729424
462.11823928307217,1253.5711373413387,1231.2465137805689,284.02626284033664,275.22531343422554,256.77309659515186
454.5830760619507,897.3611060841517,452.713765918662,328.30176032903256,144.71398904875883,261.747142985363
327.14299113732966,1046.1310664670605,462.37281025863473,499.4031977689387,-12.29734524455884,463.77701538760505
431.432418805259,1136.9741081018406,1191.8549195197534,449.2833921018483,118.0319874960162,552.1652531279508
375.81448963222664,729.207282914625,603.3116233821631,347.84606807875974,55.56114963915749,346.2856793309128
392.1539679113663,2223.51687416456,7.582795635815103,478.82776495813624,137.9165335855095,969.0659284237934
252.36659256988833,705.9826637096273,500.5490684369616,560.8721006312737,190.25877155289385,91.5390308705467
124.6430534347527,223.7128803626121,223.94139400597209,403.0894224267541,-14.340669237782151,301.15633621079917
404.3636006739166,857.4729209061225,167.71881088033484,448.54532144008107,228.44744442894242,467.06573780907206
366.15372470172423,1452.070810382199,937.9471294536145,486.76077512695446,177.61009252433848,424.4957489395201
421.6451161494159,763.6709463516329,326.941403324977,403.0431142774507,114.80724887210715,274.70179052486753
299.6758643721874,333.24947951828545,-23.208957250452784,496.9106251500305,82.2819529073659,323.713651908359
247.04964505874642,1658.235564840305,1267.6083996364898,464.00243860498557,162.52234932589568,255.17354288447765
460.02900070676014,4443.992219190875,869.5602836393371,435.8670506477151,163.44083884000406,498.7201060527208
376.92188692167986,1453.7713150801958,489.1562168288986,451.80459777065545,135.97389211115575,430.05619157108833
61.46278235666155,402.79699886010536,548.2828587306665,236.5403906080133,-10.057500700679299,310.105245547172
382.7557636366403,124.81812095353291,35.134895767397154,441.2775948717743,7.56147582432493,420.7751244908492
321.17891357046614,807.846922771487,1434.4275385802462,441.6743887975901,135.7069226038617,844.9198803930751
353.75956264552457,838.1411652545912,1767.5046507837428,483.147013939794,103.82112454009854,366.6519222319746
311.54350725221104,996.3038813765577,80.17692879036957,477.1628791833421,176.11997286469932,365.12913134023586
174.4956958012222,3210.296040995282,1362.1976269874926,422.0098575306427,171.7117704490019,529.2393037878251
382.05820396182196,841.7063657958844,570.9443921075052,712.520717238247,42.88046999460201,504.8301005903719
401.4523012246817,700.9806740162956,-160.6798527493316,511.25574219421134,190.399805577549,808.0889998410299
389.3441273124106,699.087523670362,798.6111814725026,711.5573153782802,93.9754050545757,226.5167335419711
360.43393299402976,788.3576258824979,829.3112833790522,784.7662965201241,65.32451057478622,398.7570362335514
506.0620658154612,576.9047957145867,534.8376553018463,186.45071734168852,276.2622783255586,270.1264601306973
239.46529507751546,1510.291755888234,442.59665008267297,494.50467139275526,81.32075538442126,313.2026403863455
551.506718704055,784.1307394813813,2155.43886565642,634.3631351067629,37.88461408497548,933.3903909384924
70.51332438857854,2747.0055861872884,208.5866014419393,636.5602256624143,134.4878153188497,418.85835128018573
257.6855502074546,-26.13495104732408,53.859945109906846,432.8023249726626,22.34804812769869,150.38504421634664
374.6031574861401,1016.5457095200613,338.86845556300995,533.2382934102795,189.73224925052227,309.4349193534814
83.51859872136264,659.4288672448242,57.1295691548691,297.2459091002209,1.402499958937966,279.93274212008725
411.1428634213129,5553.610210071252,1003.0650129081516,532.9595594283371,250.9627063200757,748.4112073656349
152.21074380918265,3919.959024465746,1896.3845524939547,382.29389624603135,118.82278240057747,614.8173484590694
272.9430754434882,1291.2772060959248,645.4952262934833,509.10766013804783,79.83620262818422,267.8320251994262
256.95632492786115,486.773615188786,872.8256644073642,459.43560696971673,18.55214638969474,246.53719147643798
299.70724408229756,1050.7834013914228,73.82076181702763,494.2942548220771,96.80438885952577,688.7463010359731
443.6196929237767,1002.3015456891501,525.3771255922729,340.2194748581589,199.74547053474237,330.43962466431014
349.8660036148605,202.0251207499902,452.29306767447764,423.1989517693166,34.403489295807475,524.6356646188041
215.36844733113713,133.31925673518003,132.62743496412537,427.904476492334,23.550090268670857,386.66994106788013
420.8736372014828,865.499269886031,1.6479389293164104,461.7222053994404,79.9952837653056,426.971352263669
328.9997285959022,260.27246017066244,-64.3131996375788,404.09407378061206,40.86611380336018,330.16382080140716
397.4964024944052,1013.0294513187762,945.1819058548132,401.08966061180575,186.05481913358807,439.26961031587507
344.5265616277213,1187.5311848233482,189.13378903828828,433.08337352220775,66.48620541278436,1138.2511474490514
461.0435924424054,674.663797814515,1504.956966889755,333.2323957920965,180.7955612142565,389.1093625217509
400.6775734661526,1548.8365405023533,1792.0720248437333,738.5544812438106,69.04840363436188,414.2452695666818
392.0644588237358,130.5861624199046,382.9243231618604,423.45480946887363,1.216987316638125,326.76395980869654
392.1141241257816,1073.3989893447763,953.6857851417966,511.09133115313983,162.3678827357138,355.8549116415742
355.95592510721303,2222.5121863765708,610.9348882141492,556.4228267123506,10.479251662321559,439.237478223326
388.7465270932113,4345.035592460529,610.3927567258263,459.13870487667776,123.73092952890892,542.8530578526663
392.40034125874297,1191.4168548855114,1513.0155643124856,521.4538962916322,90.42883497232896,609.1627130147183
575.8983076923481,946.7065852580276,1744.1539674090948,250.78757599591978,364.3304300483992,329.5898210609878
349.27862047743497,4379.329425635913,1323.5968124566164,525.3652599214054,219.3120799641356,650.11355374758
234.78988452050004,768.0082173127544,-104.14125580587273,410.7504068347386,48.01214044147031,453.4369900990208
410.5431008834373,-12.375045525836583,-21.981462412112535,394.51706553045216,34.48655854660589,398.6191026644525
209.35439527147196,555.8108382322487,155.4316278546749,539.9265046869998,57.66789833160689,385.15832539656617
240.6146105018525,1538.282694505826,1232.8647571158626,696.2493961392977,81.50778736899176,1642.0538801621597
341.0979450981276,6282.649131997727,2282.58724820942,723.6925342295967,146.5528485435009,744.7762193922691
281.675571206602,117.06050910934391,133.65961233863828,398.4665001925435,76.09245816244004,570.1596228590751
414.62939513126844,1163.2709597852402,107.2570003159247,451.39113647260666,288.5124439365335,453.8661575671931
373.3486737218617,1432.6500200745927,586.2788693940647,552.6629090263621,133.67552606965933,494.0508419030225
353.84697365935665,2617.045652493135,344.76798482423976,572.0262071423881,103.09774973813214,411.6429077869278
250.37315767375964,2146.2446294646184,-77.09842593292893,477.1900186337978,115.68024471981829,253.58375210203135
312.3617223901779,1089.6309994065741,70.0185495446612,421.7364557428545,84.30685624918266,532.2155469592439
294.70523821603547,925.2238817649942,930.8137877656892,737.8571290879831,114.77230657712741,292.47601383664403
182.71824509759193,740.7661613035152,36.87763250471636,543.1619189163773,106.88585793899091,368.78073827608443
233.6682008464589,2584.4087353549826,1029.3933242001015,531.2430007310486,85.23323263789695,255.31045349059494
238.56489283073205,2931.3995298086534,824.8172639119363,565.0596878878328,92.33684176059859,76.97586666307294
407.2981088971761,786.0700178866691,1252.3537102689652,764.1843589921616,207.2359659319597,644.9314373632678
334.08698192198744,2004.6927061660974,1542.2641938768963,472.91827656255856,126.97601871249537,427.95696283809525
397.84086125439603,861.7152223636004,671.6641899248384,758.8539618183929,73.52742852950959,320.4505558495772
526.9304057066474,722.5726727068932,1558.112221092001,222.0871617102519,405.0261387101316,347.6953734187607
343.04270356505924,800.3564071052365,4.306593787303427,450.19958951999325,0.7740420235134025,395.3252344232701
418.7630666705285,447.1742883500869,542.331391379339,489.86413278729566,53.20403629996383,453.742557565336
175.4510264340405,2278.8806618107697,541.588779938257,452.9870896986968,62.10076442913021,408.3345588254433
238.1769677926364,1204.517487584332,116.92277941882872,457.9162873551109,6.600412188497273,378.3135949812598
491.63398915863445,426.2071000574487,1658.8753448898563,124.36766866460613,295.8659047608004,381.44390452201253
75.65541102747203,1328.6178910304575,124.91253621447237,409.57889355527715,-35.5594172161487,393.8657873011924
306.33948849598977,480.67457575429245,1218.6192805977448,312.8362878348909,136.1929180957381,410.1258011238572
391.5754465954577,223.6383768985109,-49.39809728015865,409.6136292326841,-8.640489729601313,177.852892236955
406.50298963304,650.4318521530429,756.7823306811202,1221.4908474487581,140.02368884823954,427.1766590937834
299.082697821414,270.49003933371074,364.9489517652925,452.9133142088161,-79.94882498384062,215.91139561343917
331.3280019180017,2219.3945590943385,441.11035482651533,519.2267783831742,391.05059377885283,383.09093617192843
22.83386173672571,400.5408723238843,1821.2847021065977,367.3065424147268,53.403653361859455,364.04668259421635
386.92768079918665,1501.6963946203243,894.6001322245374,553.8204558630455,19.693579914248005,292.8609331598318
260.8775613069082,2847.8345396927466,440.1229226369762,456.72355910818743,204.06777212421827,443.24811206869083
503.2756209961883,1400.5830344311705,1955.8038326677554,268.69519920678084,266.93539818895204,433.6864361990157
246.1596057568666,785.6590801149857,444.7338382549881,326.55665659333584,126.37963976484315,19.352559989756855
178.07284707478334,3044.7391408545827,589.7619704482852,529.2938730689398,94.7214752305274,399.7754265504185
353.95488935090697,885.0028514136138,-94.7441261846663,488.82169613166576,101.39706439902088,309.1411170304765
362.65221292933313,958.927889281945,223.60516092451888,470.2838988142051,108.68507403646038,341.063492499134
246.0002412743711,1415.5914480485044,565.9884954823492,353.2537816932509,11.222695311152592,241.27722524987976
817.4868422504837,2869.75755248155,649.5074386043563,1280.343541116952,533.9035075313675,1653.3626823763339
576.7630989658238,131.38766247877146,491.2282472260025,876.5638794617155,614.7800766010873,415.09435566146294
40.594080912530615,355.80268156754505,-167.52517978646438,590.3211202725643,822.5531564313021,497.7562558398696
180.23630231041415,1748.5580865027832,-198.79959107809862,293.34130504497443,1810.8805875267092,149.81740049499982
204.9702208221826,-150.46058521382332,3253.266478316898,266.54690758248415,598.0359776975449,471.934544510708
924.0929868094495,120.48595893116499,-243.09964282559497,697.5936818168893,801.2628420961203,1187.3742214775984
997.9497654274558,244.478583589883,-188.05567676993724,711.3347052864146,809.1727269064961,708.9509183694797
780.3083508139717,40.44881394305253,372.5954101941353,839.7976019844582,684.4089975137958,291.5259434129441
273.5801639762309,62.951968962238084,1998.0455508089594,311.02734471968694,576.1926911157575,597.6283261338973
840.531162814845,1447.5636788507236,-202.17543193045663,470.1822241454788,857.8093606795019,1369.6229296927645
430.74264710623925,-2.751055999254106,2880.9846998174235,118.7267479639508,714.2357457654077,564.9100872020928
681.9170561884894,366.9107812746861,-407.99625468011527,697.2083471014873,844.3565390165925,782.5146750754756
52.713840709369535,164.61371401990567,-7.479858876388221,814.1909637108295,820.2718173215912,-75.28492620352436
387.8523286516597,3448.650296136472,133.51962221301005,1298.5624227890212,130.35109097837898,1553.245723165926
328.16893120166816,170.5557527890938,-257.3376794399421,342.95489592079366,896.0962338611209,265.656824223914
1309.2889519697533,2068.637204462761,-233.88666725180832,638.0877982699587,840.7335862656382,1542.3334055071527
1087.7211263958507,386.37962769210515,-309.612754561452,446.25017627104353,971.4572833549717,1718.795503159008
113.83466369482645,-41.86001933410188,1364.2137327846967,188.9924949526324,811.2874296325053,297.0072855756387
563.7242065472022,29.776706834955007,-282.38668219141545,138.64598604282708,1023.2009443833322,664.8691890079391
414.64987968761363,2939.445400832121,766.8151645983638,1145.6592593719315,717.6611023923119,1265.4002335393156
410.81761542225354,3932.4975606158023,-358.35622252916534,625.8854804225662,889.8027754664938,1093.8859899354213
531.7440245267663,346.3753679283499,-270.18271243160723,494.1160931835227,763.3074206454271,843.930054303919
885.4124154019978,1590.0094298737645,1095.5994947678082,1247.2036271248126,626.095768840398,1364.809856919479
1117.0189563707172,3877.1767452850763,825.7930233684593,1790.1270776587419,584.1150063810769,1197.814173292707
241.53031353692015,355.1954104351979,197.9273343611859,-33.285745728028985,1328.3648369399261,527.3719205158204
1087.8385616776204,247.4173104333397,-465.18463081908027,1194.080642950239,831.2628428359335,1079.734828042246
960.2620135505435,1340.3034826679327,192.20265032680106,1234.2694278542688,580.256616913774,1293.623415410398
407.8145204379539,106.433528417687,2803.6612885892278,265.31098367475744,571.9172733137386,525.1664875831776
321.83713836370646,108.73020542938059,2643.5027343012666,235.41304678958164,563.5597391072163,588.1016935735465
157.80495017856293,38.56813623192136,-46.94051094791837,171.48716199410558,1068.7633134019072,508.2769038123221
174.0815298224321,116.158292944604,734.8148016401727,59.902011450661576,663.5888451836847,538.5123246728654
792.2792317359539,1923.4536090171641,151.57927451943976,1411.0690677641744,635.8941971038582,1046.977104959169
643.2108053706041,-136.35046233254695,-238.97618935416688,464.79863442713486,951.6665448140932,1122.7398717476196
1294.87639561994,464.6334316544695,-68.35329578522612,1056.2282885153345,702.2448720112943,1272.6020042202415
326.59656823111254,364.4105548441995,770.8394380100548,163.05503315719687,656.8528716026733,701.8198604275028
133.5511284831241,727.6192040172119,-455.10730880910575,738.8560621765382,813.6139482728374,401.1262717391801
602.7968027974929,2248.2698835749093,52.32083271782335,758.4299675327172,748.0926198171212,1582.3862606482935
870.95483809607,4009.1901308762717,1180.0312776268347,1614.094467357366,672.7521392880096,1669.2549751436302
718.0435140872407,2346.2070952488566,-233.6579576307081,673.338385572207,759.3666319413658,1646.6954039339878
287.68630292730165,16.03284408985553,2567.731756373301,231.78297941388172,677.7374367769376,424.09320366155293
386.0989173681352,360.8813783467714,-314.20450221312933,248.84407461373644,1021.277051781494,348.4015018647299
1074.2294034022398,1720.9260706001664,198.84580567729415,835.1159709864214,769.7732277018531,1188.2962087449075
491.7608073246398,-33.351068127819815,54.17911201673962,330.977808250453,804.9643977166795,477.1204505100294
323.25725079563847,1210.2565284119382,768.5549311331721,1227.1054176916325,586.256371122068,607.8230646705048
445.9876794278932,1347.0962878578312,183.64494193914857,1285.6113321767568,293.16139805156615,353.3957587060437
410.14074252339617,1686.5539312174712,-75.13658715297464,905.3324568327685,214.98035561196298,434.6141096715793
109.89647997005929,176.90976144262942,249.93661115539328,651.7125466440016,279.3672198345861,565.1501536828539
210.3024096952574,1383.3623588998923,38.16677156349738,932.3520319563388,490.88378972547423,622.7675121364101
354.35808696649565,1209.6235730372653,470.864050311018,869.1107470076188,306.3737487920169,507.2078916503265
471.8815366633306,1584.6097394189367,-69.21570563260252,982.9625856551738,449.00033528906397,638.7705150560714
330.8623158000039,1137.6024255911927,246.17151443871842,1074.2833916899658,274.920850365185,485.83474879300206
164.38568497567073,1519.6155207540428,-151.22965037596498,797.6472886017134,429.6781980403997,494.9355993422938
347.7767949059852,1567.0071210248836,208.28689030830026,849.7129819551751,356.7522899393859,344.96552067274183
328.23695842748145,1502.002628733656,55.417598982070444,795.0477756014143,130.22920195372336,726.1805608784638
390.8199032211146,1660.4346542094493,253.5941353463985,843.4115551049033,399.31025572510725,661.0708471110182
400.1409264192024,1576.695403267142,461.3471055768607,769.5488477389779,366.9308120783535,644.2081076586621
322.2112599169611,605.5920128056705,468.0177156549146,684.8610206293229,248.8502607712316,560.166873361901
225.8284396114532,847.2801762950946,138.73198727731665,701.8843764993642,212.42016874383813,180.77278469206655
384.705896609977,1426.6420485598724,402.445778966293,718.110010167976,375.9798695916785,722.7711576590928
313.4070201463096,1050.8047709028117,490.66352043235406,678.8476212799042,284.1000913101899,432.88344305721955
114.97134256428541,1073.9506595192634,376.95927626348885,661.5749729451966,314.25841756328475,723.5612867335915
332.13571384567945,1317.4556327005394,110.3913063472445,713.8253960696109,338.6991906890235,638.9041200080661
295.86928140535485,1493.1635091395501,-64.814119192921,893.4175170045264,523.3351763457129,251.88881464520475
380.50316887675706,1279.5266427435004,249.80481923772925,751.3085629283016,354.32550877184383,842.2557026897745
391.87841801574825,1465.8571002184938,94.70642840163566,806.679542820066,420.20811481159205,807.7220772220494
399.3413287201846,1579.3402448133613,241.36896672631735,876.0734196114865,442.8367664328558,467.5105595148108
118.32804913439637,1575.3555760413624,447.3990089343047,722.0914154273389,397.95579349124876,44.43544488341627
355.3757300056968,1093.9876988765484,411.1000602954498,726.4423036694382,304.2807529598816,572.3662993183708
310.22180395206124,1080.4156100873379,347.5763440223119,682.6984465839819,281.66063960855297,651.7881485283469
310.0685679247848,2634.853397734555,262.2771354820786,779.1833591624616,368.14557545807395,605.8600266763686
361.53870576208055,1111.5262896428508,86.73766868706298,833.0492652431071,432.1035735354375,912.7148298732278
309.5952858808463,645.4623235727985,490.83634385034884,601.3391254772041,194.98688225592753,540.9755076940112
391.44681972956914,1663.9217819015591,293.94996356435274,1002.9885572619971,390.04755381009033,463.18869819006966
376.5640687644528,1274.1557799865222,826.3604284400305,575.4829446317758,252.95678181563108,524.2810939241341
389.3202457257556,1357.7762791127652,72.53250665147448,828.9117791534563,326.9930479558401,443.55575496445476
283.384030918028,1624.4384517425733,394.044901800209,1032.5454830277818,711.8460537623629,1105.7159510140436
323.70288569244144,909.5138860122836,98.32024671576073,640.1138309756018,247.81923388092838,597.8294353531526
354.17594407005413,1201.103710821802,302.86979686965356,915.5177874511244,324.467920477771,565.2886172949691
413.12972118713355,916.9650863470517,998.6835790708185,596.6481296772424,249.77520704621253,548.8042672812411
373.6283364315749,1655.5909785651495,439.04424334855025,966.034531323312,434.9352223596163,435.4583763768452
389.67133922470873,1235.574200536635,204.72708597103986,929.2069069314032,394.8503057679709,596.2628753800989
334.5633291517595,1442.3601742718645,262.5342393137963,766.3381920654924,414.1043388997058,675.7688817214901
299.4730874299438,972.4446196522113,404.9254468730569,929.6050246814202,224.78496511848175,501.2751454612496
324.00395813306466,885.5125940524695,389.96181893816083,701.8320965373496,305.8277683696265,738.1397643196551
350.9610294322554,706.8217882489879,594.2538310071234,722.1985607865915,172.36001105753138,518.5091961981765
370.1368009310356,1127.2825251879142,317.2849147769356,1137.1183079588523,258.31731596208886,495.31190832000993
361.0277270326618,1697.1917002779037,122.15022390513104,1007.2020931959148,781.8688655048127,466.3449802548157
307.8902777030129,990.7137393454634,264.91900090678917,586.2023797284494,245.9942710165729,496.38661595851613
375.23598404937,1575.0733319720496,299.07915506478446,817.8292378991528,503.483391298465,613.8809266003586
371.3950594539442,1235.1714643417927,299.0060922683348,793.7216660260372,351.6315744529364,661.124612543186
401.4868038700996,1436.2552780757092,281.01138151170016,882.6154339574841,456.96038630145654,615.8529790127058
160.2199768470533,1550.2456097803013,321.9184080642473,962.7930128109413,450.8117395427189,591.7420619227952
143.8676246705444,781.4679092449669,-89.12908197711863,576.8658691877433,160.29619755430522,434.468854599951
432.8216060049642,1553.1468587283302,265.3196699184165,864.1796950610135,415.2927073440667,670.5984134017873
349.4118866851444,1117.6036431750817,474.958930884849,669.634621622748,351.7869388994071,602.5567385875348
431.48732755135177,1609.6450332964878,133.86823368833325,937.248856667738,509.5827157499642,624.7425055071044
406.03519665333204,1298.024971055046,276.03901623781053,885.8705763663042,413.66328499344036,671.931381589485
395.7981362128239,1385.0688043026391,288.20747034365127,835.3384938325682,278.7449403302948,794.4029941894416
375.7162985163026,1712.7271946835583,54.16759915300008,924.2387109700546,390.9694335016703,514.5364973787531
369.1550323191798,1407.1998087596091,141.24936486626598,795.296741441791,482.4802372197918,505.5657900134396
358.97812172929787,1457.016045445429,324.2312463413025,881.170959413811,442.61807952228696,682.7087318137768
159.26381758619985,1739.1087988584552,325.9748680015854,718.570576033901,341.0790894573766,876.0528597490805
369.13145470199447,1152.3922174538006,535.6119697970344,746.0996248459976,247.62684578168222,526.2912827739029
308.60184537876785,642.3321503273612,78.67627299747551,939.3126878735552,130.9221043822855,591.8881995971824
246.92709607387692,811.3941893682806,176.80565589058608,709.0540576380592,306.49148580695066,573.542228609407
334.39180541676694,1283.641095165465,289.3225673833151,846.6551146857123,381.70811701204076,527.2558619345386
379.7656575433657,1482.9529011491938,267.1006280852524,870.105672888951,345.40581742857484,424.5954529270597
261.17557333929756,1246.024751477684,997.8671075819516,661.0445510498412,241.4468193584337,496.0923719230758
317.4348898138621,1530.4322642552654,175.4537701256287,845.5478828327955,442.1949728450545,525.8839940308744
434.85194259711386,1655.256526633043,248.8547160733376,1083.5308070333847,473.4958557848363,613.1546739469488
336.6354581039086,984.945417000504,18.189434126573474,1074.7016549198838,224.52780539500333,383.65645414388644
142.86386746182927,1488.2207589448215,373.40453429994614,762.9232958239334,218.82602591371227,165.92588828496108
142.8940562750481,1601.8042054638497,275.8880002290375,791.8644296411212,339.8218730623172,658.8499137433976
320.2399591691765,1703.4651895592992,411.2993851221887,784.4480777320166,385.58625382813875,709.1160977877603
615.36570223362,2999.1906753590483,70.1528593979192,1145.5282090510536,1211.623182470618,1727.1534729487519
317.19342737437717,1387.9953618429063,327.4703252529956,869.1731874222701,434.4436885638546,488.2610158930954
125.4293837256503,85.96669148413656,408.80941546022143,634.0975109758226,191.29072633358885,508.89328422770745
154.16164439136938,1583.3097801100669,333.16971402921445,866.0378067100135,418.7821530132144,729.238629619567
293.59335173531144,1296.4497761685373,87.87712882453923,1175.7549376529403,283.71504966501413,574.0487466806163
290.28528390396116,955.2776237959629,911.8708110572736,584.9771977353885,125.5641321294203,496.0906061785761
300.15664548228233,578.5418465114105,793.3903644690406,981.0606308445026,252.68348547636487,500.4616002208327
387.44591894094117,1478.8531063762089,29.69567938266175,886.4264371473732,444.9071462683048,749.2570933783753
116.64172988025189,260.0500163899869,43.029821527513604,937.3800527576848,99.41361478856592,225.23934241960885
389.30747991333783,772.4964082927864,471.63486492980246,701.5261932623066,263.1325403219634,641.7410024565443
366.29193230929616,1322.5651429010518,156.13683884650345,959.1131042722363,382.552297933982,755.8846503458585
81.12865984028576,762.3764432234079,-139.56026989106033,535.724151400216,159.79180065178969,546.5512002921271
351.2465795295192,1044.1392728816284,779.8062456059033,613.8880757181714,219.42262647765642,563.1266366492957
407.3715187260792,1712.8398013563105,31.089162276662364,813.8972228920763,355.4446857083325,649.351933593274
608.3071999531193,2626.6795305207843,196.95603237267608,1150.784859694402,717.4044129803364,1598.4244893333116
466.4483168281523,1600.8536640772904,429.5535744819713,838.7941560126483,357.3833572898673,509.08028860872787
186.86495151033964,1517.7278314670402,442.6120418988421,776.0159308404227,351.9616255080336,601.4557346539766
393.8590221494493,1375.3848173378026,97.9975920693472,912.8307527789536,437.64382447517187,644.4989086346804
392.0135628223712,1456.0705217326718,15.511798580128357,912.920064848568,668.1748545863976,563.7048220987084
342.6862789289346,1590.9584167337,315.6163341544642,899.4314486608353,449.97226024502845,652.001850719971
323.59585216180074,1199.356425989041,585.0750036683457,761.429661718312,186.25003850653223,504.54377629995315
378.5570736979772,1371.3181579939721,653.591662223308,785.0134551183532,593.5590597265312,1374.0459159307225
217.0493611776815,1198.9291921933027,796.9188257218298,726.9050148418448,382.46180769486614,705.3509466788314
348.1645382739961,1491.7785827234861,34.00529997822491,926.3282766533341,289.800721895431,407.65684842903374
277.86312384102325,1063.725209621478,889.6643270409068,939.4744491933247,305.70909333535,1430.2399815886506
438.53820965185355,2062.6904319508158,369.1293305839,938.0931618778907,724.9654614034409,1931.752002955309
315.6446216787448,1048.312264216496,1417.2931304451502,959.6408067881903,648.8928598126063,2612.511128111654
395.2014651930449,1220.8587292199113,43.10645904764783,932.9123454373655,483.6741088136016,560.7258712785525
302.3541147142846,951.7541336684249,513.6849345954167,774.3396563017877,726.1212823027051,1579.267400720521
281.9434594996428,938.2090946391781,442.2822113953978,560.9264648923827,157.5733353827897,419.21280990498485
366.2740573504915,1134.405912601897,98.00256152313796,871.5939207335682,517.0567997881781,625.5983378604241
387.29444806044535,1361.0213371793702,111.9168803413304,899.801426188289,403.1189948261573,625.9544577090029
368.24886613085334,1321.7236890622319,339.31631069483353,642.2297644940959,433.834106702121,742.0486955290031
353.0333146394164,1554.2326466535674,302.3918098980189,630.3834725661739,625.8006849944376,680.7309084229968
338.0975828656234,616.6073983517468,577.7267601684507,618.9245990877816,502.19737782453376,883.5444951527226
312.9765405429922,1487.5925983094603,364.9420695709749,774.0340489056275,547.0137899404118,554.8395283331307
340.6472239591603,1399.2951919448908,263.5665665163733,595.6181187668903,641.316781821657,715.8514802816977
380.5471163666716,1577.1863738513132,455.9156057622138,628.6566361212381,525.5695923056116,820.9209859857075
404.7902778413837,1132.386891346567,447.3317210950074,554.6412633213913,341.45960900236315,676.6578047864389
365.97519074721595,1718.8643587509466,286.7593515113406,719.5091622092002,625.8237209107596,838.8972528547826
378.0380158272503,1431.572489919087,250.80964747044072,671.426869851214,514.2967508779766,650.1565954765402
160.58530986652002,415.0856756773212,589.0502350846982,453.16207006603446,261.377179154559,433.64512684179795
408.68657750656064,1630.8196148140164,391.2466346491864,791.6478779796053,463.24556295354637,553.8042193103622
250.35892261951741,1748.685742014785,98.7737978667783,715.5829915889631,544.0288431370211,766.3249976938635
467.2973524187678,2135.2977749266256,394.276886903913,736.0780095980131,749.4569993595387,914.3816014270393
306.1935186049351,1407.5925096782646,599.0461280047471,703.9288156431214,406.1917752254353,660.4517740369583
315.6880870575933,975.9907306079726,477.28672080051274,545.8114740543708,413.53473029929955,474.2329500301197
409.7193499173951,1120.984614614883,613.5722967709769,557.3603990560002,507.057690665647,871.1593747981842
338.23910970001475,1586.187043563931,166.61490845041146,658.6514857491145,515.0761985346717,560.5406578179991
388.21272473579677,1390.4054497488394,361.55221725927026,627.1132979487725,634.5121107925712,720.7105556776728
399.4737752724843,1068.700928314072,463.63888495470815,616.3806782584786,383.3011704687624,527.1462339050402
258.43177740697877,1123.178461390135,633.38648172127,697.1489125666287,1020.5483508303226,204.8963836408183
277.821831402965,840.157434485893,11.44194592259305,472.2580140891019,367.8343002562162,969.4597932814078
337.78108625258074,791.886955648403,534.0194162115893,432.0017716819311,251.91517358451404,539.1695304678809
366.2706145564042,1195.4254789514619,342.38446525360735,634.0827129971287,438.11275202265904,720.0162396096975
282.2301634808508,899.1387055347941,-9.182808286167187,505.88103042053166,403.8850605285721,677.3842620953232
383.734412029786,1388.9920569876933,288.31143547262775,668.6058118606254,547.8328584912285,478.8226733979351
311.3625348163772,1152.3479358363238,446.1681563675497,647.0857106099336,352.6119282530835,802.33429233937
372.68473366558135,1367.2892007671312,68.07340155513918,590.6004947306988,444.4270377593506,587.9175170624818
348.2524740545367,1392.6566795210513,97.77000881215497,750.9128441612779,470.5502633087949,529.4084154792074
385.3846027318385,1645.4489429307403,433.3253672934517,725.9312102019878,639.3356301730729,807.001703940687
385.87882898764417,1402.97619723758,541.7846484744898,646.694481460479,554.3534425815524,909.9223319144279
413.3881684696953,527.1077951451975,593.7885989317747,431.2772192267951,246.84628843030868,538.5410135780359
365.9808666436952,1319.4633569624523,516.0879164967498,577.3363812426442,411.5951740200601,837.3910174409518
360.23062755781416,1433.4193215311695,457.5950029040023,624.0605488323008,614.2232555809926,741.6124982230883
365.4702419072436,1507.0471606925398,-5.772766777052539,624.6679572411447,553.1516845062552,641.7875353782186
377.6686272410868,1322.024466571032,159.55720852161494,598.7973569239919,550.1875895970924,577.4196904661546
323.8362303428245,862.2171564777391,467.82344726151905,615.1452742708168,418.0521384558109,443.88319483970054
221.62589310137915,1223.451132831734,323.0657677815816,735.5302631459801,534.4248233160037,523.6504724981592
402.8852530999592,1302.846222002949,19.111439030126235,613.971202596713,573.7071214858702,521.4501145493266
411.82520837474215,685.235341282118,388.06726972457693,484.76013867372427,303.79271099447294,525.7700278429022
413.6443784219824,1215.1518529147843,463.1275680322242,624.4432939756098,514.8659308982348,702.5325333320272
361.22913852434203,1543.9402584206887,302.81329138289084,759.8957981564397,573.2797588566164,828.7089562338731
240.10764945143958,403.4408610315071,461.78477997664527,651.9306500781686,285.2409634964217,609.9371455954881
319.5287066060598,1492.7520417852224,346.6821226692439,652.2443122330592,615.5268216520548,476.3921275477718
344.18061254687234,1254.8923197539611,106.0102514784403,561.5732568000794,768.7649723391287,380.79728210054725
335.192270880368,1285.9851789360891,179.49320293591416,710.6994647754968,452.9847840222709,616.5031225991214
315.20512107223897,1397.6739857576792,82.02761633415105,607.9838790476422,524.5056812207168,490.98088510472996
390.97754174717363,888.1130827260511,426.40368684558734,587.9050737424118,334.62087221606674,524.7470183938627
387.5373686261105,1463.0218174496777,489.9420720841131,607.1049844742472,626.8846722700515,747.335711922395
730.0083648454302,2544.6350441515306,946.4840004624093,657.7350236615803,534.0383507121392,2169.0596052238548
313.8560842242738,1453.432021627472,235.26067057168734,691.7589810085087,581.4308631996844,446.4419519613741
296.9503366745522,1616.745645381935,575.7445748738685,763.648952476836,696.894539847016,1654.1299953193547
167.63194723198396,1175.0381887296485,4.460663314956378,636.0627317386311,516.0824329120992,470.4625860126541
402.9813398302175,1270.0078312999422,166.41001578607893,616.6684636438383,494.2737748211034,435.0003989308782
180.9543238030361,612.2334359090058,172.28834248073315,460.34436311918176,430.6834677279354,90.43514011557542
355.2148821649919,1391.134164086234,359.66821027704964,670.9187118631187,474.7186726511418,644.6490756713399
124.81083827939321,1444.4510697471594,249.57277130057867,754.4736785184282,396.6203675291782,328.39303995184537
382.8928044751566,1431.9932859001838,15.880794571878141,595.094135208247,660.1205240713351,354.3349298032754
396.05222954081194,1087.8889290989657,597.3228115419863,570.8804647614274,556.9551750948242,496.17150358408514
575.9844331744295,1063.679945956599,499.28959247629405,608.8514855821013,478.25233821040365,862.6428353696085
403.30672487687355,1322.922785585476,398.92815187356007,696.8783749013733,443.36246158158247,652.92023250328
375.55627393785414,1180.664924688217,339.9596616026304,652.8572037846845,381.18308316564116,714.598865887744
431.62980685687467,2378.582806186857,616.135159433893,575.5647494332716,425.3118212721864,763.2147932687581
327.5001888822252,1271.81558016588,375.1131719984834,613.0785790189652,404.3133524351829,1044.6070894669967
354.09289166113626,1332.2697305566758,47.98169019736474,682.2038860002779,507.59293137305895,634.264924016057
370.25659646892416,1539.4331227318612,766.9537051186921,609.7197620527081,270.57952761336026,712.0668737362029
294.08030912066386,1303.4579142481696,257.3368450455338,708.6965482160772,495.66623328674825,355.1251379452016
201.14791121867242,1569.1301402911283,328.2045822257239,517.626605858474,482.67609612874594,764.650704273171
254.92634613227912,1370.762386750654,452.58731966711093,592.4023068714162,607.3284992824194,651.5190555089976
287.4373871148624,872.4500140341809,253.10789880063726,518.8252338086602,302.24234205593905,515.692864806628
456.9518946903929,1293.497734470403,413.3037014510478,598.6375296080887,540.6153359559696,929.8994354032108
165.22150669767464,1830.4537384005555,10.554037659854203,582.192270718908,513.1716202191806,200.84037502044723
379.46040513879586,1292.8758093269882,464.6087696323957,650.948937263083,460.69728364519824,597.7389822803858
460.33983324311305,1305.3994516493838,162.77497699748722,653.0123177491203,470.85324115013316,872.6754124924764
348.0528950918299,1038.234388743276,684.6117176315795,543.784366430551,273.48622843391144,648.476843425955
384.9465338501583,1256.869768747207,316.3607780171584,673.8489011813022,475.50305105954067,358.1900291296795
325.9760704753188,1329.5156656787767,162.10094765121698,545.2195049243946,654.8866497166209,349.2084665244913
224.76016286948052,1578.0132761412467,672.509637260775,555.703865997838,468.0122508017603,892.0740228439992
384.6137731362975,792.7610472600287,395.3979818680058,468.0351349909419,460.617878964141,892.5747374309923
336.0053397726467,1402.7019501391333,411.92232924012467,689.6021579381008,559.1239391552049,780.6036236872689
410.15510174388487,1591.1109376474858,-0.6064878478479159,645.2932664067985,516.4256210581885,815.3837320490735
325.35692096980574,922.0034542598062,258.9252417372628,488.77886413545417,463.55022062035766,908.7966784125816
78.28602978061875,1591.5573175789245,503.8604448132535,628.4435252322369,160.38166462494684,52.9147955085933
339.2108410664962,1502.0441062160512,75.73850769793819,736.9356729796343,477.63836608277245,287.98891262075017
375.6074428568311,1722.550404684164,505.6581655480511,731.857118622235,442.5791547516086,604.3686368582245
303.4273526271596,1162.8880613288557,131.1360388408716,584.5633780958258,517.3166108134529,643.0445814243097
348.07282606577076,1184.0963022502647,412.83807902729654,674.6319458062612,482.2863349564285,723.083169265879
159.70620423600835,1290.3121144487716,81.90588316359833,586.0105402983647,271.47073364700054,659.1277816606552
433.6245774628652,854.2110444996264,538.6045093092871,526.4798704463612,349.62494075969755,477.3644513350192
332.8949132802029,965.4299106582232,370.42564227018966,522.8569098041246,523.7342125611598,524.4744693126486
197.066560042629,1483.5672464000813,125.3668612758164,622.787998846125,412.59155830194896,698.0256694417878
381.820142203679,1701.5877822874945,306.0969964540511,700.6394023145594,563.2465600270965,622.6587331956789
347.81253601482683,1575.3033915041615,574.8662120700346,749.9683502155369,971.4442914186316,1777.2284689223811
403.3886200841856,1528.579214577862,438.6046291615082,1276.758462727666,403.2706596058647,179.83515570447574
348.6887473898769,1521.5860729106491,389.16336363161247,1427.6323539041332,431.6360839900699,156.2402714000501
331.6849170349492,2051.1113243477075,218.5320896142606,1138.5004272198796,953.587450332319,230.12308764028924
401.97777138177526,1197.2359559806773,454.25247562706886,1511.7042079094947,350.257131831964,140.20325332342398
475.00669376266956,1906.3919150837087,198.51284382091546,1504.4972569319134,595.8864809374719,313.98088282869924
285.0058736867519,1494.1293875915908,292.1316253034669,1262.9575125134472,514.5554671761421,232.70216060798472
340.32273043811165,2086.0734815446635,-44.56850726444702,1355.572183225286,690.334625716532,320.073252866065
389.77203026109134,2124.953549321961,208.93942467603233,1569.9699254871202,504.14593976946855,244.54480416383134
294.69351018646375,1865.4455646373679,-139.11849950095524,1242.6206597334256,488.6515898386839,332.34210100619464
206.28638333540337,1981.020408424531,-160.5469400161154,1217.0931581009602,516.8311453577015,332.49728522241014
334.1986993408743,2255.1255807429206,315.9540647918343,1602.9001376199626,675.9684061974905,257.9113400713675
472.7489795945273,2355.784201235655,213.1973615674009,1523.4154015014315,677.7920253748432,219.24414186945333
519.5518211172671,2389.605702547462,-40.60650071956843,1629.1419403157706,584.6905841502611,327.1071047072287
530.2741079962225,2633.1315180023194,171.93545676711653,1625.2781712486376,667.2710476203987,261.325418358614
356.68779229183417,1507.8590959411422,165.5670946097447,1415.4320278542232,410.64206054191754,195.73293254083367
414.905709861284,1516.27774165597,95.72272467333687,1174.9615983337342,474.7681815004081,404.731021117812
369.2390551114473,2425.7980201009495,-150.93897190708884,1608.259168857483,741.1756457196867,350.82667176409075
485.5938385776685,2044.3159503309255,0.8994179357745224,1716.0453979453055,686.8783630047807,210.2904853475064
396.56167227334754,2399.877170138343,-14.982979156741749,1418.272675089372,717.2279716232938,400.67168102487005
416.4208857945887,1247.3881967050602,356.29466125729687,1354.7809617891028,332.2654503421262,107.40525591798306
385.5799607551452,2024.1416433592333,28.788213500787833,1639.2482238113935,564.2404241167519,268.33586104623055
379.8466104283766,2128.9431351802887,-53.025283155978286,1233.3461973110018,864.6706800609157,253.66269846267065
421.6442307288643,1544.0149862069702,-28.776084505255312,1188.5373968245158,607.6872291410182,348.31591435175073
230.19115615056498,1767.350787642881,450.9808761718398,1149.452534937427,562.3792480654821,229.46936181638634
394.97231351873734,1840.6230538413777,162.86101961083148,1467.4841061429083,454.10060331342106,252.15459836387166
501.8535050880296,1476.2360575857429,371.51350203500226,1975.0533052337014,749.5382490507442,190.3700651033997
128.60461305498717,1349.9911032843677,159.89558028857664,1417.430332058821,252.50602979053042,142.29279120430127
420.9686884106135,2030.6309331284465,-231.5300855643158,1257.5162771686396,863.369178276221,342.2047880239553
348.03841446475246,1214.4040030359072,450.5811015350664,999.6454728538113,356.7754378452704,427.06818281848734
250.495077332808,2307.57948630558,-27.537944378250245,1544.2879211562565,710.9405629009668,295.7359570855517
423.6723359429841,2034.4993373109141,-103.02983637066956,1123.6788405312361,809.6404072303956,164.65021413905944
332.73645429250007,2161.2577432906783,-44.08900154666526,1553.571335456146,551.2874935854192,274.2220177801605
357.60558703189884,2405.4704153921552,-180.68688327592224,1262.2023541110711,865.3242128771856,259.54198166339916
215.41212344206284,2415.757797215044,241.81298197980857,1477.7674819913407,734.43561793106,347.57188734206204
336.2192559713761,2342.131491272883,58.48739035200424,1562.7585090844148,609.1370971547575,324.6375378366048
364.0126080571006,1818.2327019303088,573.2132809853515,1975.7855041137113,394.1610306884479,166.85359866101564
318.2330167644649,2204.8524303315344,216.62476164188843,1520.3121682932492,522.5098248692038,273.46536733094536
148.00063609381525,1788.7870122122818,71.02978401105429,1414.4400597716617,531.641294329711,57.59074193528727
291.6881135822425,702.6007078296916,111.89055996302966,1445.6637002610578,472.49376402778546,120.83516146454238
345.2547822917776,2368.4423962192786,140.6733561157854,1619.8009677355271,534.5430722691051,262.1281829203232
442.3867887195029,2843.972901014261,113.23685291157369,1743.6100606742739,778.9516621079866,327.2141382403894
370.4944838113536,2104.3196046182456,100.70529816324904,1477.234161095854,555.3102936378694,351.3068719227041
413.3671656668821,1704.7802442750615,323.82304944040254,1464.5646447040676,450.844342210975,148.56288416171228
451.08433913387694,1180.3073616540944,365.1315474238579,1010.0487070430747,356.6174081847233,316.356262706846
340.42714078592496,2962.8158336315937,-213.83441429624793,1426.7255245770334,1242.8594098756266,309.993177807782
326.86017523474754,2201.9998731773167,-69.11052648145574,1589.811403420726,546.2621293229311,398.0749180769934
515.5320924098329,1685.633161687451,-120.54166966265956,1573.9611812658486,598.1451482448329,292.6455049446296
418.03610806215477,1478.476601745091,203.06452576294453,1351.6094457817865,504.4970471722288,255.07286878405264
382.5187899154846,1213.4103702729153,-48.56351469626554,986.8683991487851,537.8203875583465,298.0325848958339
430.02739887812595,2030.5398604210593,-15.210497251749302,1261.601259289895,583.7058873288469,352.51494470296973
456.702886095026,1163.8204376093506,364.5683825298679,1082.1123887824174,303.87276463748594,255.56670305852336
341.31314076929493,1064.9540388269747,268.7228992012451,1134.7961878050996,331.8868311692736,433.7601980748635
229.53340406043893,1748.3120995111262,-79.60010496581242,1238.6404709372202,578.9491272341837,439.71122479127587
272.7227618183699,1346.554067156306,258.270971989699,1344.9276542668733,471.2497547483955,78.73555247817654
363.70695035056167,2699.7190424474147,102.39248453166556,1706.1007172817722,606.0245519024886,290.6430712808316
501.4094500936519,982.1307359902764,242.34360991262008,1352.2064900596151,361.30136416727396,405.5092247031962
407.14127881510535,1334.8056533880406,278.0605698159719,1010.4253230922052,373.34151618474664,327.2904918039944
389.06374518045766,1596.7503962571218,57.350951460558576,1255.8630892647277,480.0105436300813,351.9237058257203
339.7039314965392,1293.872209440223,-10.690357178896306,1237.8396516261023,336.60523283516994,112.34195639323045
396.4571153896005,2181.7423096420243,-90.78124197905862,1589.6192577980732,746.5544005922228,234.48185108749792
387.8212086622017,1688.4683741450822,369.41367305850576,1413.694854712605,467.894606979788,201.38804132398005
416.43805069193104,1625.713552809078,289.5569197975916,1250.8549709930137,506.21310107836973,297.195616553916
415.5495757063843,1614.929486476346,142.75240110913626,1030.5129867935152,447.481667246891,192.21780854926882
337.8435989571162,1872.0409160836352,139.2207719293542,1350.103849943186,594.2169192810082,213.89145684337413
406.60678594004173,1538.0113818720126,130.58940585519986,1454.2213004084488,385.93394966014233,149.67313013770976
426.007497243703,2542.058472848101,152.4474703933388,1431.389995308229,822.4435410202071,239.00006799730951
453.84613017555444,2376.228262006546,297.3371238683642,1898.112093795315,807.390187969421,46.29618322569158
432.875050386064,1481.8556138794488,371.5400560383773,1121.7830764008118,391.8214789996149,216.41342301293216
680.9116423162488,2821.5144425140993,671.745080911433,1293.213234997687,362.1671913749926,623.882054645479
266.47313232683985,1143.0023724203943,77.67828491701505,1004.5396220372704,409.70525605522107,362.38782465272834
459.54293838405283,2710.2854371372973,425.6196216879214,1676.5487385977685,798.9603391673384,325.84516947681584
242.69063573938158,2547.5176063552326,-121.67080857679139,1713.8426873177636,762.9414321000186,197.2401464410797
341.8982333628089,1128.3466891480543,162.29253728941046,1725.249870109085,312.7832010171943,194.68540935123897
352.78995055824737,2494.550458563155,118.83244349182326,1646.7888053945221,546.9221687284321,297.2148801429888
467.441823614049,4814.700094025981,487.16302317335544,1672.8359985305542,1385.2898485835303,978.5122044500255
134.6598029431835,2189.3540309155933,61.95447988514513,1331.602447168503,560.2780598492516,284.3971618096332
294.4271699033053,2143.5804879982497,77.02039050796884,1521.3670909405973,783.5875893992417,215.51352428087066
348.83712818278923,1298.7443403577113,211.9644764067856,1314.5501620682344,522.0928842734088,135.66453297835287
209.9840736799051,1744.8679756436447,63.35869133153244,1261.0162980547448,415.9054609461558,336.0869447226157
298.17255661864715,1173.7344926013498,423.0912877156504,1680.7476657205684,312.0447597815136,85.1332831631918
453.8626271094148,1979.7559234491812,-175.87529160299403,1633.8885032996236,604.5059050958146,224.19424536917504
315.2133638669359,1596.6924964173288,73.79840303777837,1233.7051751032877,826.3820815704822,276.3309048089559
464.0962045507372,1407.6901140727582,131.59822165732942,1347.8417492496658,545.9381173768691,266.0188637737093
441.31523034271584,2045.8892359945612,133.7888969124848,1572.7050526867424,770.4683619096478,230.0169822670496
230.03918310876915,1271.0932656192358,340.32817367009875,1300.4343293677018,586.7127152483046,486.58535823887553
308.2056087890552,1857.7035623334036,110.40117897809284,1271.2636123710004,595.5805221512346,286.25524024449487
347.48711762203766,1116.4470606967054,471.69622184736977,1680.356191523791,316.3362140502943,75.67607205727333
294.36521451940564,1531.4664413639493,391.78211189531464,1359.134057973328,364.7774510913559,136.15878467727518
389.4663349926269,946.1408458737912,95.05057434916944,1352.826775277538,283.37829281150374,279.4545596347242
319.8768091723082,1306.2387805985152,372.12608994005996,1219.9540790836627,391.8756667636285,269.9388608542491
343.8134618941426,1705.3503295434218,282.7816628263257,1306.3749969878259,432.53299039494584,138.52806338678587
369.5071557263608,1565.4690243043754,-17.611743770253952,1300.6840280312033,493.36332702743755,300.3698086141261
252.9006508071861,1112.3365961494158,283.4107393593914,1461.0908376612654,462.33034199455756,404.7636268336314
369.91675888071927,2382.1243155560596,165.33629338159642,1561.429789378489,388.5452566999163,424.43548966210915
347.1966477974437,2425.3559726810627,-38.63522564487937,1598.711359632513,588.8802228474306,286.6196275715987
359.49640458324154,2116.0805140139287,186.66120036472864,1270.4824986697777,862.1190708862138,257.7589520620178
418.4045863891263,1473.933942025767,-38.10646111142967,1593.0037260885263,542.9694547845995,-54.65294078951095
381.54189123008393,3039.9644736949176,-151.2779260545226,1698.4313115642085,839.7563208969905,410.8895996947982
147.1255812666293,2307.551557761646,71.20051806658364,1569.7859372642074,531.4475038464384,292.217990534618
211.735658360456,823.0895872350061,843.0110550653695,1017.9718564220354,80.34712533461413,81.27818635692806
377.3037143428813,550.8610435450353,1077.6648774077444,989.5334078063304,39.88058417302145,167.0094539798518
405.0174577809587,905.1053066755192,1489.690617289355,1167.41103979643,259.9553318411809,212.88196029279186
270.1345102213682,3103.9324990126142,1566.3078722606324,1046.2524500598427,256.63273598108833,551.4098807764382
261.47531776859313,4104.4782521293755,355.3134277849241,1232.2248012841294,852.3381602755544,804.8754976164621
271.7382541783404,553.1015825077718,898.3146104654458,803.0138241007089,-22.806392427428108,191.81872571092185
406.55498980038885,869.4427744721148,473.0503507883391,1202.4260214096598,361.870446368649,338.1909534431908
351.5089124932464,691.9165607272373,892.558504088112,1285.5607706077892,193.71349636660102,143.0865484260833
329.12222155332745,688.0052107395284,898.6394092845604,1179.601918329016,130.72276405807918,120.5015125411201
315.06403367433313,562.2339537379332,718.1561921887932,968.8631631866956,27.76875152584536,99.07896027875186
308.1355824607375,897.6530204960702,1191.3020717916365,748.0371128784111,116.1471510266609,204.5334686025663
285.4517614396924,3699.0864818690393,517.0150951405936,1227.7947727577032,1385.1145404190866,646.0060983991568
156.4074865814497,6483.538107328692,279.20159602840556,1315.0224070011584,378.66773824007703,677.2494367630637
181.58288261600666,4012.600803435465,553.3578657692813,1297.6403842724733,365.4342141651341,409.8332278242751
398.89030088236336,2568.154689079808,572.1053400666996,1354.9605864277103,427.25637456675827,528.8102028569409
313.27786064418126,588.4568625464749,513.5935109077036,1119.0668269289938,82.20300471647155,156.96425068888442
240.51625127983237,9211.46041895907,868.460747836088,1304.5802410753006,604.14624212679,859.3998427556776
413.1059460255814,456.2164821080884,1339.228570420321,1162.4566761590213,176.79687606189503,101.34600844863839
335.37515818116816,768.2389250516151,1113.1458790299857,779.7054274266986,91.59335958385631,199.86587631382326
211.11589740207052,1726.9601903801113,237.07005759629044,1403.0300349120976,962.5779880241647,142.98308333358682
310.5156029930665,1418.6812800633584,412.99278001920595,1026.076572843054,157.91780258632093,388.96767094014376
449.7014616319799,1190.4593777404416,660.038281292354,1814.5311494315856,413.12805189275457,309.2002742805309
324.96467781960604,679.917740898688,1218.7484815510948,1038.6855337859065,163.04041529720138,173.24191848000675
322.83743615108216,6167.443514874729,785.9078471333072,1198.5477150587808,1257.599452942176,1034.8213881609202
335.7309994448599,719.7827896886724,377.5836676755681,1020.6480294159096,121.32338980332008,27.479069026065645
179.50296915333087,1112.1912326231966,96.70698462399946,1472.6877382489818,394.53940767593974,365.21771561979267
338.38890307351386,751.7644023984492,166.7609854508379,1415.2422935806162,152.2943932745968,356.1544227614027
134.52305766339856,3351.2367822905567,904.1637234822268,1438.577115770396,1030.9325431329312,781.9429058279698
194.81225960041309,5205.109027083017,854.6444419511075,1335.0775943295391,1233.3214648546318,951.9457616735872
417.7939899824121,700.9416678847465,1252.3246347320296,1002.2406032651761,125.56465066345538,216.85643165687787
316.2188168188644,1661.5066804785736,739.265220258034,1229.2453716905484,217.48919493565091,193.06846005085066
159.3424490376824,364.68689243857824,549.6307841661699,1615.9686081988357,867.2261248313192,644.2086406408074
198.39931057604417,1291.9872185421154,107.5129132914854,1274.4954510863017,376.64267664803924,295.2629969196052
181.7885795240175,3723.4459725909824,2534.657765474035,1584.8317290924208,909.5025995055965,687.7388879160951
137.53632276738313,3577.907824778856,1500.7414609358784,1458.7518101691649,1721.9388871377628,774.5220532075133
179.28848867353298,917.0301507419745,260.7955457186488,1404.6967200330134,609.8513358342361,423.3071256653298
209.12514421185307,1085.2834916344032,365.2709811874814,1098.327996355262,103.257641668053,120.24947271657028
14.199447712177957,2370.055741950897,288.5701294884217,1233.6665020636767,703.410204165127,624.8167253255339
262.48533694284157,1405.5997863550194,1148.7099325947406,1257.864836064297,539.7984924650674,562.7579518881581
160.2474098856486,3520.2009442988215,871.3199609640084,976.3231659161506,281.9344153607239,130.089812088585
171.4261261590621,4309.650094845414,2106.150334597079,1472.9214919005408,931.6668039697041,281.9967603173182
147.2824824060446,1844.9605147623463,1091.6969543994264,1484.6892051023965,960.2320554869306,718.8460953637813
443.5551100566249,791.0824706713888,530.6197567346123,1464.6358037804837,565.7134077035163,220.968056263618
429.6047313337493,886.7408675309866,1067.4063378134997,1148.716798861438,247.7581404966558,262.7906748881622
260.0752474395545,1841.947805628711,151.65506521781543,1365.3229245326356,327.54280406694096,352.4126576618555
291.81560061325183,485.7551815258699,1518.1420098481085,984.9893055063246,110.72046893785398,122.64735798735335
127.67018832979885,3161.8922788918712,232.59962077481123,1328.8175923105202,576.6996113483419,530.3313164089001
227.2389551853875,5412.052509297419,527.1051525896472,1003.9499146004355,526.6685679480335,651.1836982228258
323.5916132969356,7612.603185811188,483.9674319011906,1205.6113695818417,1455.4125849642378,1287.786461339759
280.46308753585186,1059.5336216489823,861.4506270853354,1030.2906955355543,75.36403571113641,305.3653707268953
231.26550703172916,1588.7959525074168,-0.2735211985864794,1372.331382095076,566.9491087989514,393.0019584541682
505.4813176396585,671.8191052824152,1257.6526896093078,1097.159853196653,189.74957698807742,198.37667476668355
245.02457067724777,469.9395244281796,82.99933724033662,1375.300025137991,97.37571054915526,409.2263503687873
450.0397408457304,674.6752187603311,983.8769166749511,1051.0557966441825,122.22341806853854,170.06075428990448
218.9205401903585,978.5662202017984,371.82936846502037,1491.6030411965949,720.3476122524853,471.66889306586484
284.3626589944726,796.4972930349284,840.6308997647978,1115.0757558380812,112.45163216955072,137.01894512837413
237.4356767723247,906.1133310054956,220.64394915014554,995.7733354488753,128.31701687258328,395.5258286065552
318.27510628796875,550.2359020971357,652.7383217572032,1205.932402244049,135.59439421124824,361.7350626498859
400.29075626568704,790.6751150627638,451.6364183964363,1347.070085477201,253.4462827835181,245.2391633688547
97.10334880928637,5138.894307967277,702.3676830416445,1271.2714088770615,1254.849858427382,900.762215745884
323.40898416656034,621.6319035475558,982.4138377887679,993.9480439302833,193.5193244190486,149.05258748467094
134.42889399480424,1953.648968945862,310.367045292694,1349.2761636851606,145.92609758292747,366.28519232061797
291.95438199532646,864.6103324933786,493.5303709380297,934.3791062375828,46.08602965275706,103.05037162490378
261.3952213884515,678.9299058796344,819.3059439333714,1168.5825418107675,112.2817967591051,125.37383841791574
122.3928792584695,2707.2990040271648,593.0924357521002,1405.1448358344353,780.0975201425692,638.5642583295946
380.6742572299529,716.9415210602592,403.3279747348505,1255.6348455085936,300.64837148641845,291.491117119078
278.5672424864283,754.4177199604726,744.3024216268115,927.115019069915,72.66582316763149,147.05654447876753
174.02882026808987,1037.70635182357,398.5449937301007,1523.583079242714,518.4002149996678,360.7737949498344
231.16924671195534,1630.6587760499565,328.79086871500454,1335.1266475786097,458.2908146918538,110.05504980388788
298.21236247622033,510.3098805499116,725.3923234256555,1012.3400422797656,106.95868122628391,190.1763446868892
351.8568021780546,1703.9072201043314,198.22449205104124,1332.1736324721126,421.64583962618826,445.6407469637463
276.7642764325519,1666.8033534286924,155.85987238568248,1258.5274188653286,203.00458188188497,390.2461892414881
95.04928664165767,3424.1154794441777,631.954181820847,1053.2148598806427,872.8528406970305,919.5133000094461
293.0472293713516,870.9636862424643,309.4983012707073,1381.9995747306273,543.6344860351072,532.4226484177273
411.22666240610056,1896.0946414991338,558.4541969863968,1281.899068920484,312.45487846862557,195.2180888714256
252.68041492070518,6285.587108343071,1120.6012510275168,1135.3563862308367,1329.1649768503007,1003.278662059083
172.28708672667887,899.9073958707036,203.6877827777431,1161.7262504411474,814.7355188266885,508.23973986732005
365.6051784412381,7365.442697694902,467.7601908596721,1833.9299062289815,1676.44602154318,585.2974501999362
261.7449589498922,2485.8904348141646,321.97253074029857,1477.5519415789126,834.691384505957,241.29558518322983
358.422440204948,2806.916925621705,437.48168543607676,1270.4440691092977,515.1931713471678,605.6418200296313
457.3789572962031,1712.2880581484314,604.3864010535818,1428.6175887271486,338.0984568840428,240.49296013553715
265.2385985894921,800.8498359123289,210.6684383987606,1272.3689895459336,150.5574530593497,283.44391110861915
126.64815062513874,1496.8800369364492,91.37492085639298,1466.5560881030992,617.8861805557616,421.97970059412637
199.95195692805402,261.8512248147669,315.2127130895419,1379.416582600811,240.57067729612214,412.9690316209634
358.72864135293224,1323.644877464664,315.3547830089983,1349.2922824691466,354.6964711338336,456.4342327718355
248.67996477381496,1708.367455184532,262.6315188640009,1310.644662930392,738.2245948679342,468.2579414466763
112.49007583441865,3341.3165150261834,1147.6719197164762,1167.9540418479423,535.3647553739171,669.9991567072364
224.75231031679107,4175.836531364379,1466.6207370625534,1341.8792851526396,939.4241849551819,224.21151211358864
247.1570417406495,1870.3101661036837,732.2355833714277,929.1011358016815,350.6371812833259,421.6657093533072
277.3897911184626,3375.388335521804,591.8233517574764,1523.5920771222668,1244.5213098798813,151.2177548839498
269.84701128946216,2116.396080120529,608.7688225969406,1226.4240777941523,1031.6398596434929,618.1120861204603
303.1519055452714,1235.4091143026656,280.366155687783,1313.984728722131,342.6767734802129,466.9065752289251
304.027921975743,6615.59412528061,422.3733478961241,1170.2632638230662,1260.8346570571653,969.738003866162
308.6424931214309,3635.429342193687,715.9984615145187,1510.6264857962133,622.5370222098021,677.8374370424729
55.988568716649084,3883.2597488479,800.5333387072857,1306.284449549939,683.1324766937387,263.76891721091624
413.5780573080348,968.82215553316,1009.7802674853928,1192.99901476453,153.74924587537782,340.4150075787377
81.32639489512395,3045.6542971710032,519.3140118974333,1274.4820636921427,1198.1240308854867,176.3312069581753
165.78468614497274,1350.16686687928,303.1346836513601,1253.4009499907606,683.7026336084732,574.1308450607476
325.5152400909517,1205.230877648578,769.5406385214588,1107.8780059823036,241.43710654808115,179.65688605869605
282.51131318058043,2127.5348728797003,473.34334736266396,1327.7120389841957,695.1997009689687,458.3656718350203
422.86999514865556,996.8364467922195,389.52625829428257,1345.817328845291,1.0290891716522594,260.936368296186
142.27237500297986,2466.7459806652537,321.17111824807535,1395.4246526808597,799.478232133715,608.7140975183335
302.44827604246535,855.8540715203615,820.0369148714395,999.434444025014,91.54299377913699,167.86236241038216
182.80589524230004,293.58779081003667,1034.5939332110443,1083.17313969013,105.71441854021319,220.46759694870093
267.31947668642704,347.4827806620968,720.5445454956526,810.2303803879706,79.1298707084232,177.0379456993573
273.4921320894349,1256.8222727298323,1163.4578410864383,269.1018161230831,412.2604960298137,1471.0163810155268
329.86305377920223,1072.435648122616,1108.7634196944964,443.88439657015493,259.13875627204993,516.5565150107307
253.03398566235393,807.5303956424791,813.2674174428572,393.41928559370393,353.685363867878,629.4311633327916
331.7575576944495,1236.3750300914667,700.4356746618741,476.13705241240274,279.7159036500699,477.2666315910286
283.2365363353645,914.8760541846698,667.5887184186741,232.12919209797252,291.63271942650937,658.7311850219081
387.80791264387767,985.1311526223435,677.1228601482627,293.7031771072939,502.69482489298866,491.30825920483585
434.46150465705205,1327.4891925867062,840.3693276744353,210.8749829671322,409.1721699913696,482.04077914799973
358.12940166019996,1118.536687537624,820.788511180007,426.2054792002319,391.93930468067276,402.94235537102963
245.6972709142001,392.3149951170539,830.0072164216691,357.40891787765423,375.49421377217834,455.1387796521342
398.2579472146805,1751.0739148262119,379.05982938183627,364.7875394256643,411.2365733310435,297.6286545031037
406.748729505098,524.7570428373106,710.1203602772838,309.7098503393955,290.4347809536962,506.46297094931924
369.77395878333715,648.2670079625307,758.0894898354903,369.33871455243474,409.75738261651577,367.29880165629686
370.6428802921179,2057.917755337812,987.8698989891983,468.3741811450238,837.9726513692549,920.007592545165
153.73239652853243,712.686024491102,168.73950038638236,366.3152049087044,239.4883500807626,362.0088692264924
306.6125025408851,495.09119043332004,757.4531007153909,347.67734338025554,208.420679521667,539.8332482045513
357.29855705270876,1875.3861957592987,862.6610258399688,342.28716785648174,506.427334220519,444.32561268841073
316.8993473051481,1154.6149639763132,913.1946432327427,393.4869508210556,223.05679909684915,522.5476687602793
320.3050188163727,776.1786084823368,384.03006074329267,437.95437897276094,-24.829155298572985,480.4461290003827
360.4313381061665,751.4696896259645,618.7494298288506,407.2173795701512,439.9148050355684,756.4542087769493
117.84381696382368,1422.7943610917955,753.9673778555505,221.59376107773443,300.5474786742949,469.7154829881995
327.4365774209409,746.8122014293542,605.8079137667479,370.7729115438364,334.2882027090783,841.4261282135004
273.1478455845597,1378.0548383323296,329.4405921006995,350.91292058709297,539.8817164542914,269.684616288474
432.2211101686355,798.714544283066,712.1444108486008,281.48966768017846,469.0978050176378,571.3891310666559
657.6337718118747,880.8173452374301,249.66168862761538,346.6219678356495,142.4950912316736,713.7563652038705
384.32468166353567,636.8814919272268,825.521482432731,346.6973991132547,365.1564400559521,514.1454185053925
418.4267907486617,863.2944416629643,661.5414909545012,269.2816439146463,412.31556688323474,451.94653214517984
442.0687707648848,1031.4061879874798,944.2804738810945,304.62989749778563,472.8005968267071,637.2372765389529
428.6073202899104,1000.0182210293879,811.5269099333739,396.9241190015642,219.61266153803524,445.1794919781589
318.3856485586851,1065.6443272578424,448.90547081888917,315.4127106525403,498.28533090965834,182.04354404013625
394.48879541935673,1251.4985667140047,273.66274512040025,384.6829702197677,283.2231805609337,639.5194814960604
391.34220927383,927.8837803492538,958.0418511874842,484.98455177903753,760.4511965150054,1368.0055130725616
239.65080562925039,1383.4250450352324,543.3590189884736,254.6485093320279,438.61119877206556,384.9968546381235
408.3075912695847,964.1622642329316,906.5714865253307,369.79494372106984,431.55946474522955,482.62890432730114
327.28192400336576,568.0546525213399,879.1738824691998,375.1903958097011,426.02613712347846,596.0481985303878
223.1898727443088,543.2235617356566,621.0130797259898,299.04563719021615,411.0668683145896,459.7311709833681
128.46040738069405,1555.4061130402838,228.13284175685226,130.26552017952093,138.87896061390262,345.24429017245905
376.56887638600335,539.2406254850591,401.30484768231236,396.30522125810484,337.78819247968227,564.8753513351983
271.7310792139483,1362.6028284444326,841.6629376001019,480.9427257674491,271.6894918773555,512.8076869362401
348.194379657005,1246.5974898612014,1424.1798447105875,603.2365681564315,869.1603542918298,1933.0257545460468
383.8778225663558,829.460280757994,1081.2797069004073,390.93253013792315,407.08563155693435,443.26744379631884
370.5136894613798,953.939803833015,869.8379716652142,409.01122562238237,454.2542377931467,659.0364883778311
351.881701840828,933.3505261985833,764.1434531520713,402.70294322628837,163.677930550003,515.423390115833
454.7525490709784,1430.4737820633754,518.1648285300031,573.4605231527707,573.7231692020514,358.66712449394527
321.5684858780395,988.62771034485,800.8658031794135,349.6074786677588,370.81781668536155,292.5051404666442
375.49795320886113,1031.1241673755576,746.2847014327384,322.7505621118002,548.9105299445905,521.6659624363759
219.97814399009675,814.4457298479902,575.8469129532004,338.3910197950416,260.4250049583911,472.7741769571587
358.25244435619635,1118.1422960578604,753.4586422762069,611.3518349910375,742.8221571576568,444.7385475022662
367.1587461334049,1011.2852670682657,520.521567851039,128.561483033446,491.10451002154446,442.17321842252375
376.6762488866221,556.3347419610083,833.7451140653596,392.88006318063896,421.9539061468387,483.0523257269559
392.10352859466866,872.45038026427,1199.7559005742269,412.48716377447437,443.5828223055405,469.6949544164031
392.83202065710464,1382.2135831738422,553.2422376275558,507.57944378325504,313.53389538720876,621.1451784717709
170.88190477659117,376.3530987486112,252.11965544830093,303.868190090537,202.1510977298671,354.97658435948324
376.51382925075507,1255.9884584257034,995.5884087388827,458.86877201027124,284.03868489721617,499.86487502668626
421.61763782492676,1460.777827570894,746.7005916911642,410.6270079378011,316.63946723478335,514.6914624043392
137.3336973774302,749.0625290224962,833.4980494948414,286.3317239808625,300.78626846950874,507.3519913389971
423.9007575670224,565.3249809381616,777.4812195753312,346.2733432277699,228.87221497976356,621.8264272592324
361.233745107641,686.2240042334374,906.1221210474247,386.5629376452367,385.24411287916917,451.4537473055533
408.1245479639117,1986.0825884197454,245.0526490688294,315.2275037959292,531.8813665538931,294.0881944606772
338.50906956754943,830.055372006844,846.0205754164114,422.3320338826599,449.9211130938637,662.2523885634139
403.530540986094,1888.5680225336584,641.1990019003086,283.7323052764911,513.5245595822462,257.5095155381732
424.01968486898807,956.8549722374719,685.4869424111652,269.86581884419667,357.900166075673,442.6455201613629
289.8940667423098,913.3753378204931,1009.9577501887962,404.8764689687526,426.35629714256163,489.58360792565804
387.4489523320037,885.4904929468046,946.8841306327068,286.3608151964068,357.656996198366,421.0050967189486
389.39076641791235,1539.0372158089672,759.7593138506287,311.96457495992064,496.29558317852366,357.68627081744114
367.9888882610592,1449.6097553044249,867.2393635157081,340.4889287143057,468.8285573653592,363.86115281711307
409.4010357180948,1094.3057569298066,799.9863472393885,259.60739887061465,482.4870026608604,417.00263668565947
437.07461772060776,2002.295531080916,359.8928053691134,322.92510501381645,615.1006543246917,398.18857713429907
373.4182167413669,678.0169543949198,978.9629599211761,279.5869264254224,436.8118211305965,543.8322920406561
418.7646291391786,966.6052796761153,1011.6333504781043,334.99449385503834,480.1178038291663,485.779401067192
320.3966083313941,865.5090892947983,1039.0946742936262,466.61117858867846,183.81125976187587,240.0038412468675
811.5367558622647,1208.6426003686865,1038.2316751848066,460.2191942969063,272.51129009630336,1216.913617929626
597.758406034509,1335.7158229589595,338.9678256415923,400.48757899037236,207.30442792686654,497.1367891850265
428.66180679454726,1716.7740003447302,488.76928840076357,558.8629805396354,376.3838591943115,715.5169720012804
155.4046807409278,1002.1524251240355,760.385139973835,231.10323301345255,353.9011885517323,462.17007494372444
259.1422468235529,1682.0180730810816,191.0016632978851,443.25376362175695,441.86468393600506,581.2921268176395
299.3765418698314,891.7025486485995,1114.7382776228383,329.06295357222695,468.5013146503321,876.135463949237
406.59782467903165,1456.811642525634,629.0991542655578,322.87879042024866,513.9043311354877,312.4205205865103
284.48768951055894,952.7671344511327,663.4347273270511,362.6510488548275,448.9626650815517,691.9656142673967
463.0277241116802,1214.973343496776,981.5376716025139,475.8698711175692,194.26989327962065,384.50784053469215
404.7904422896928,2030.1434691944885,538.5964132334983,312.4345104080599,480.43590355931497,353.9548800036008
292.6398762025617,710.8562262552022,446.8670759014003,378.7864375596393,400.6638079687183,364.06422545993655
336.32371816576915,666.2808543552851,428.6636697354435,389.5813674168359,313.338384074251,750.9955316597594
390.30757762987196,1270.8007066650598,703.4138918650414,251.92469953903168,378.14381574911073,443.42600816611343
378.7247877375001,539.9919746290057,838.8755703325959,386.8980111668656,347.03291016826796,540.5240086301001
421.03180518393515,886.4796713936568,998.6521078459936,344.6501735524167,451.8177606190552,637.177077682922
355.5926523765807,907.2682517986449,1056.425427132499,244.3019463788326,337.0228542733032,507.5688347508153
379.3089152502471,718.9667850847271,689.8544175412845,300.2151645083878,408.3496133442859,521.6359125771039
253.77060511242786,1000.9555457804468,777.636568470661,341.5669922622114,529.8124771264195,384.7075597819296
264.10666808490066,955.198674979308,698.9262863414197,323.67000694539826,253.52530051292467,440.5350289585158
337.32860823958407,856.6675090289436,969.1609299907528,431.0940781585287,386.5431951199397,493.8552336746054
268.089030036151,648.5039898111273,740.4944191938768,163.3211623755197,420.8346506334325,496.3522004114118
426.00873407329595,1817.3152235519842,375.68388013299216,428.3904378995317,477.96788799351,536.2503566234728
289.8309628599761,915.2341418930566,609.1822880682865,368.24285080780663,373.64872319378134,740.4069108732797
368.8708407511149,800.1645520946965,886.0081540350915,404.747501081837,409.23856264765186,576.418050794833
414.34387035808436,1449.6076708106903,1412.4481330049957,497.0711292858811,984.4536596992222,1475.5316441614993
195.74587372563207,595.2067742546519,428.54187774531465,384.85768881021244,262.75061905689813,284.8754853961367
398.8836557290505,1029.6419424843323,739.9426343364215,290.12275612735544,483.6799436155395,377.7636566118051
424.7572398110142,1988.1088898565283,691.5041593900656,428.57796796674717,663.8742314377149,376.90337195658174
389.3637829809185,1486.6462431836499,762.7082315586164,314.33205627718115,632.6003622532087,835.4922379441686
271.00200770690714,1151.430781868124,433.48048761135647,285.74395501701434,482.3326262112556,550.5614752796427
369.2730487982048,639.2592350764144,776.9869540520941,368.48492510184,420.82085956383526,435.98883778982145
416.4997200814814,912.8853323660039,997.5222376389978,303.11624706361766,381.4347843089523,748.9918408734493
389.6067048507748,1214.091216244554,662.1887433506587,253.6150333214003,499.83119086654574,463.27542868726516
341.9088513308263,1022.5960066693044,427.7712500118904,320.3114965122007,575.9674778550436,483.6201971822527
346.9610859372923,348.2502948588669,839.0194470269076,381.07987038498044,345.7877529813419,408.60927863020595
242.00336405984257,373.22916219429356,746.6526630565128,260.025240597081,258.5829790263383,539.2171670831809
726.1846391438777,817.526226080327,437.53581328488656,378.54205739566527,261.4694278579451,649.0952273854592
265.48956362801425,453.08828121471623,733.2840998204184,290.6559216991238,285.26662342616487,505.0968090891987
196.40206020407282,731.3560744044742,767.8012953739434,312.6781964978307,391.89888813474204,265.74646296491676
797.4583938342694,783.6211552324864,677.1181328953614,316.28077713599765,159.4829247627506,730.3016839665066
274.23501301790463,1107.4764831081022,842.8183674829131,381.9133030969911,198.02280061545184,716.9360335317328
229.41602641115924,522.0005931677301,287.62048213081357,364.9911736747294,227.41167354149707,587.5890074225197
381.1749960794738,1309.6907170947816,853.0930764566169,453.4378099521111,314.88964629684995,599.2017607772167
363.36124244701324,1803.1747191171125,1026.615461603894,346.3356227107275,379.9034708275985,1287.6398761962519
350.71655879719555,468.6647923218967,690.464198660122,413.64647531532506,450.65508600551857,884.5791776937679
404.0920813516582,1500.0743221260595,464.752269507934,273.67913663153644,694.7150365655184,701.687883696218
411.3798994320497,1477.0918615634357,650.434031588585,418.7745624251564,263.5129161758855,590.3705258257064
431.6288440134242,1002.9034571330758,756.0978802661635,277.38177531242553,399.7644952914271,470.11696501472954
403.93005923986345,1353.640623130433,793.1049797260911,331.18379098634847,480.5396028388395,358.9798539538484
349.8786640023386,634.4571248824984,869.1005009306499,393.2234740723066,376.1363222702899,619.2021067562149
424.7540332786001,2760.8595768273103,917.7113886267158,992.8796747290827,110.35365057364987,443.3885512107822
439.93418254220387,833.7920757820583,952.947668377103,691.4847166202017,12.16230554824918,302.09506884663915
414.6932439119104,1194.3837809036609,1282.3728944518884,688.0929886945494,155.09573351269222,425.0533604364314
399.7624557085818,748.6389535881973,932.7146867695259,503.0059371160056,133.66242926604338,355.27105269807737
276.3962690145747,2364.2133196905374,282.68901694081603,690.3519900428671,343.5629144544323,567.2837592040685
146.60334474505044,1076.7821614599834,598.666810213069,744.2322685447696,70.31006895938143,334.31679014238546
189.57903239043236,640.1422664849852,792.6151218057971,850.4055581046925,40.12804546377197,339.84980590292105
394.5735883444132,1180.1490678236794,384.0412427620053,741.2734600936251,149.25892553584094,312.8236460876727
313.4988513873,2695.9012806550513,1117.0090604804466,778.8096683300939,122.87679702313591,218.32638947271013
386.8112690975279,840.2458901484698,451.76081776943,616.6284790318434,22.4300656364627,202.61076058600722
422.612249259501,2723.307681134947,765.9672774236135,609.3649310473459,42.510465196127484,399.03777846094783
625.4347334934838,287.8629567729521,1460.5557337733917,NaN,15.696934762884098,14.409078362412473
427.1493814510176,1935.7874508019731,1238.8561248217902,637.0900997552378,178.84935581580356,625.1446847124183
406.66477843587734,1362.8230021118209,697.0343758033353,798.8284664531614,10.569360549084593,349.1178879455481
429.5651682389181,1795.8381299742705,1226.0023967763436,729.4691696460038,185.69472517197147,563.846969614368
444.45803613110445,961.068523769671,757.6716559003642,763.5327198523205,63.75778976771801,351.3699535246957
425.10162526492934,1323.427273970351,620.7379158817258,617.1978196162773,96.39351469910926,525.750540661681
401.2027003062535,2286.4576578434035,1192.8732241401376,872.3311036723114,109.32923091222511,648.2553050149515
439.37171973297654,820.9561880573434,583.7670447789084,762.653983129286,31.959904546890698,391.64297557741213
431.61509664776156,3188.365833163126,450.98275226213775,981.6255903259043,57.47999827590678,584.5454961399739
329.756721365072,2793.8891944268535,1043.4002166928349,802.3236923149307,167.8851664701475,1350.2336764726438
365.6964865376504,1931.6472135107288,794.865654755018,786.1296201676171,30.7509389576272,264.42235523490785
483.73423041583953,1377.470630376626,1052.288202610565,627.5326240517356,178.74663782985357,598.7938921522832
357.65867379597614,3208.43831821677,86.47304107166087,595.7207445833104,581.548846655181,513.5753051843277
174.45027109810894,428.7751255162228,529.7523543928035,669.5647093545804,-31.638702380253434,565.2174524311051
382.00184093219144,1287.7306952779736,788.4807209570412,512.2837491966412,-56.451198009009985,561.0679232014656
414.72568087267405,1567.3740845457678,1160.458962432302,869.3469345286657,41.26228276874505,324.3888939648965
394.14855592191293,3673.935357566776,186.36173180302092,631.8137047817713,553.1626368779264,624.3351979039475
375.32428380866435,558.6663710633171,871.5172909271479,564.4584780010103,62.86123749817173,192.36536038919027
426.2426226565311,1111.5601742578483,1332.080540569601,750.0700366265371,8.5175461376285,774.1388004577071
422.632839432742,599.0008315444177,419.07178323941736,865.6025568690638,45.31242462306582,356.5008663930008
441.4979792317407,810.8977903146803,764.2788090324105,658.2312725783511,43.033282166404774,630.469920516757
379.03488253844495,1924.101653792418,790.6488724315697,748.3250693418768,146.09163026142136,628.4100172723072
174.78525120282723,3555.678532018361,856.8207741321734,742.1471934786448,74.46513987849136,425.10283788100435
401.67507917129467,2910.9771364677385,645.1603485081289,675.4714140168353,353.6502524430799,511.686551448405
387.24839064008415,939.726906172236,720.1532516699918,683.6950526641904,-2.287328588461321,592.641430946946
394.6805291489951,2177.2747818126822,695.6137770472164,865.1659284040236,139.24921660081532,580.6660517739673
705.7905057264223,609.0367838914256,910.9327366834153,564.8777877958983,12.403484477614597,-29.216870366441555
432.98859604613904,2705.733322089879,1387.3121165090452,744.8844906608178,456.01665816053463,645.1128691702506
435.7700444979247,2269.2860384444107,1020.539890292628,609.2522034464859,306.4026743401224,573.6254214167844
405.25432483228803,1844.6586939181723,274.8086647826637,883.875423684091,42.40226106979591,382.9884361320368
164.16025085660897,3024.1538746493043,252.650365949685,655.1508243538265,41.730304012367924,564.9310579437566
455.7559359694685,938.8532394757076,587.3281586675275,879.3689897116005,237.83097893881092,436.6426951451375
320.67912119922084,884.2953289597382,1018.4199369984213,709.478809717451,1.9029560251371151,608.8484822178323
389.212950987359,838.2204330201947,709.5986801824309,638.4103324504745,-11.42210894108095,634.9215772278932
393.98985668281546,1044.1169633244258,403.4382055347121,674.4279015760624,14.785476809117114,578.6368253925156
413.8206102780015,892.783010255498,341.02686368900845,669.7427732604156,1.7655148906959823,558.0926534278059
400.15545621843773,1188.5011850401738,522.0930670181507,772.5826796211329,54.83826006067201,708.5285941532314
357.39825850092063,1451.377593704226,893.7938341792989,700.5097139940117,83.38443532154135,589.4513304388167
406.11609681085315,936.9019348633686,805.1978805125322,617.9397294558116,-2.2792699477222698,663.245681292171
368.24011340760643,895.3062851431815,1049.0202578119156,778.0984672731515,13.051589718512247,530.7544399169097
435.6072532396006,1028.9971389723232,953.9532139143536,726.7217660121466,22.685020961218328,544.5112653019044
470.3376920271811,1236.0484743170946,120.33524988176748,690.1174940122362,63.476168255346266,376.89714735793984
390.01439975726964,1905.5040904498437,1456.267086183559,731.3410428871423,71.13451632783304,611.831352364287
356.60972040070243,35.497621393549366,1047.9685792206897,652.9470936645746,68.19734759613198,305.216201700026
408.36258453516336,1729.952887867753,559.8905017096504,893.1517962358287,57.58026866551981,358.0804593973072
369.2647265773909,1534.3868118412602,44.44787098922666,763.8652627825546,20.781348982907502,115.44481791446992
284.9363697267464,1198.572164549616,788.5836959268706,763.3085024336212,153.31467707835588,751.8592966974935
458.41954494294237,1260.353825952645,-94.22503770933025,711.3305915168276,96.34158398869002,322.9474068079352
333.6250082218974,580.0361005550767,287.1923003869262,824.6913950019302,65.21095190989817,165.92652818424332
246.55859721384394,2739.211893233802,731.1444559462155,650.8139385477107,470.37034525927874,674.0388707024308
274.9433255693363,5998.3815162643705,728.5494558658951,750.695210674108,177.20564237777026,644.0886516523591
362.5374565460621,1145.8402073710167,750.0584320515233,627.5222012250504,73.71247725222625,412.6113512987713
412.0641966408406,404.10597842946714,359.06694637957474,712.626288615445,14.532994776493155,467.966258139498
605.820358509728,1479.5512870925302,134.1354041210783,422.00310633241025,743.9273064691948,642.1334988905662
525.8049365990196,1227.7548052571149,-389.0316789377593,458.14265942832316,915.1602678766516,738.7282865018165
526.810230384139,1574.4760090394195,235.15393657541802,420.4283682176064,778.5679577683405,737.2600347327534
644.1900279565534,1081.173452326727,-298.81285709577764,297.7016343421985,862.4524564495281,815.1493896367159
443.772650847044,1200.1924648032943,109.24703289225465,269.15179841239666,772.307920882253,602.2784252549561
607.3782737680272,1546.373669195844,57.35156816448091,405.3837125018219,776.1717858268331,650.4882400674387
564.1983190626696,1370.8559811415419,21.053523751709577,313.2187031364336,715.681547953285,663.6797915667007
585.2033452133319,1478.4683922328961,275.7904842895764,349.2583448478252,718.7147601115398,649.5804453069825
615.4637016735549,1224.8817920485171,-164.64412012348214,364.5985205114644,856.0107570783979,729.4793020601562
607.0027111604826,1417.733672384568,-205.2839210050969,397.8641159475921,865.0150015685595,694.6167351728972
649.5466825089468,1335.7355358891546,-334.36813863026134,407.9702483585251,946.4777533026712,733.4775975809335
569.2971768203204,1261.3558579703713,46.474718072340806,315.32401281873166,669.0865312042744,696.4029859637685
649.1982061297008,1271.8939361872121,-274.5506351710899,432.2702082251736,899.8227499077587,747.6812025504663
615.504065615644,1552.688442827032,-64.58789099594486,413.60890054531006,805.3354106922899,692.9690935577713
577.110338556625,877.5507256403428,110.03807202898429,219.55983592892147,736.73942413013,787.770677750998
601.3448505319008,1240.0061578288005,388.8996293699563,399.73881929325563,667.4693957646429,642.7670090465402
345.6174238128397,844.9177395670602,620.9531488051865,172.31649559129875,594.2078794112631,632.9301587938987
517.4017203050181,1392.6815514476584,489.2566721755184,401.25230121367036,358.1666324958756,731.9458869292989
1115.3250325198587,NaN,550.0809234126335,1283.3720788712058,481.618085727657,404.37877128408763
467.39595502452084,972.8076200796584,1118.706204285167,397.69687298125206,250.11022956580968,630.4339911148984
520.9025876340062,1241.6535981986162,1574.9385827298263,326.87244782789327,501.80613168792536,685.1017218678196
750.0822125175656,990.2319772279102,969.1577952063614,334.87229007272725,415.787625580429,798.7950633731413
316.08689356605475,1163.888398820863,1630.0945034984254,172.64813593866705,502.5357374543165,913.159815554143
286.3246221548695,1209.011660498965,1372.6490949673325,425.15819703717085,479.6113708965389,1142.1828717698313
457.8158779135832,1551.166350368119,1343.2318027631334,314.3718210605136,284.9030379340724,749.3490091743892
595.708460501519,944.371615692824,984.1008559271071,364.40242329300105,454.98565679353635,528.869249706723
383.10980066688984,1559.0599604465324,820.1347236780526,59.82896738751742,685.0047792876347,403.85185303237915
581.0763608955963,1221.6581983265378,2212.7083912729604,544.6561093416535,792.8217019454032,2492.1311999990407
734.3500640172938,863.1211215512958,1088.2043230852896,318.23980084559076,299.73175341015025,833.8535687861543
554.5567914828686,1126.743913220556,1228.9679107780807,356.3179027871691,448.26266501053055,743.1716583039953
696.0725964753009,684.8320725538474,987.9986055373168,287.19277365114016,429.7522986344983,925.3781582479899
460.3190491424293,529.2659123868336,989.6073175764811,276.2805732734027,209.71218269783725,628.1744579520149
625.1565971187289,1284.2381964658027,1028.590158907111,345.9451897613953,369.6534584178256,803.5866373777709
524.3033004166641,905.982353034256,634.7534768604066,426.8730872193848,444.7502144803185,620.3956245958923
571.064247952345,1425.4440839631457,1181.0825825376066,323.9183140711204,393.92228804787965,452.8193407440027
185.73469898969057,849.2140198778552,1522.7827535706397,327.11955828808976,396.3991505150294,86.80338075500106
607.4079618358677,740.3845290824265,659.9340217404164,320.19121739031874,131.68171697469353,736.8813048912608
531.6886774735024,1497.9144699457604,1944.9619913428648,318.8536281294002,374.81562625996867,585.3257961228147
582.8147492524465,1193.1062467810511,1717.9632946762606,264.3653168019095,416.2748197717917,822.9756685139876
383.27313335804433,2318.4301775093318,1573.0181909331877,505.04942838071685,384.56094660097597,594.3215867814952
488.13131760767203,884.27069320806,1066.1714785079103,25.782738024046466,495.45733647363227,563.6145260372956
578.9001501815205,1313.4817111201514,150.2649673926726,340.25701398702626,672.5645285858745,590.0188854519524
562.3803202707719,1150.2656387376805,685.4562088158788,275.9228611985977,520.1102489073171,674.759403392279
611.4275968104042,1039.5181659703883,-125.86422909840167,63.96682072078278,571.9696725519213,444.4335028768336
550.864544665121,1212.6131257103839,388.76246413307297,288.20634001984337,573.3922469037068,622.4455867220149
611.0402074308029,1384.3850341476473,360.14638603593653,399.68184784072884,733.2987674319927,682.6154524160736
485.83300601654855,1253.6698995518236,660.8016952167469,357.16630203448204,615.610724916763,2185.2789320515462
627.5116860994269,1318.2959763725764,454.7508941467024,412.23526213819406,656.0425613931405,715.4949920623546
556.5795073177562,1100.467862710479,488.14163454827906,351.22341118040714,584.974774980722,671.6530758400886
556.5954498341675,767.2337557925077,59.28260892013816,-180.273924753554,602.2267349503101,494.9270066110628
500.2930986385019,905.9440360265064,948.7451085339025,370.42856529927116,757.0530525970204,908.2578203669627
555.6577648547672,1031.9203875983917,1040.2833849702502,238.03245875282624,527.2746179060474,713.6728020869803
261.05298626894376,1200.246709932323,981.3210900259602,239.78778144356073,550.4999741147329,619.1946265569077
611.0648929891642,1466.1970464438116,477.28429462935696,363.92274369564956,766.6466340268626,2410.218269141016
365.64681926461753,898.8229292695548,150.09834188219884,477.9933651679624,498.92648836448836,710.9966986277678
304.50922536473433,2507.823724560836,-179.99393918153874,348.9528527444954,991.6291219348356,511.2150495455694
259.8217165395488,2021.5912653703604,901.4274274621577,609.0317432257743,1054.4653208330424,430.4596119912926
322.629654710658,1349.7117442621357,-25.834820971251588,403.85266615102745,612.0290515835192,371.18377210018764
300.7759548457748,1254.1310374978677,-157.3510846606639,531.8653966914992,582.1810287653286,171.59040168524774
626.7103160565993,2542.9297820919337,100.57522767366333,636.4430654383452,819.0837688370437,683.0262790403133
526.203861539595,2645.2710115460814,-364.7868996636521,795.143319746473,914.6715585942412,374.65599151390325
149.56835205089325,784.9273261084664,-0.6088825298222105,767.868663374162,992.4224550861644,58.66926129621919
441.81894240150154,2242.8253184336304,615.1178294375947,662.0857611117274,1163.924238865262,745.8784290366135
354.7595527709449,NaN,-359.08241863172935,444.7840134528107,711.5102820866442,567.2840582018742
227.03321990850898,1223.3773062647547,449.23183814922936,575.7815268364673,467.9677504478303,444.91438965744624
441.312791731631,1682.9230978466062,308.4680645582407,712.9950002848122,788.3452291946226,384.97758308989637
294.61271881034656,1383.3709024046052,354.56701440114455,696.3584475803013,812.2974631371247,418.8925676693866
289.0724618020496,1668.4494028186161,280.3881172005721,736.2794185562191,741.2504921073169,373.15814543477484
207.9936964457804,1500.200885847188,78.50093297991987,439.8152473592491,496.0700581611105,379.8241339205181
363.3789705013269,878.9946666360979,119.89402580697902,499.45209603375696,1357.8823225115448,971.7663797656152
487.1291635356571,3139.7517202662902,-143.51887089641997,288.92154839045185,877.7327337607936,350.87701600276296
428.1846501030145,1544.7431442035963,27.15807892048707,647.697714394684,720.9007520434344,299.06384593150153
254.42509097232423,1367.6621109812222,26.59994928906025,690.1435982208266,697.2162265393379,98.94295008150357
313.2653932497125,153.72845668353608,-159.0825425962309,675.0868498501025,793.8988695197249,225.2035894811898
295.38092732134146,1613.0456032454463,6.722397214207831,362.34311323858157,858.8915910434026,230.26859684948533
268.46618898363397,2054.8102121859374,-214.7201621946481,753.9484921385758,1002.676807052242,194.5478988527439
163.20993573057476,1738.5698351207268,295.3451097623729,671.5683320729265,897.4369640480124,549.8771491116474
470.27183191657,1331.4483393512917,-144.33647644345308,392.14682858084717,644.2717304067324,322.4586753553897
539.9490714621483,1414.312928798436,470.10059455281885,685.0156574624214,686.5734713546873,428.942626389892
454.1655563873777,1963.1653496239255,-120.83541550554128,687.167883225623,734.8781762404965,381.88202758002956
520.5446241893495,374.86053168760145,-341.1729764578299,883.0411821001958,804.3242516237947,185.79016808793398
404.7987772458,966.4462053231125,23.42763187666651,510.6186826729707,511.7167615680718,265.5504417967226
267.3302219688105,1962.9896477842203,233.2411384563137,721.7581257131683,672.9396795537333,602.0922860353294
350.42534463042614,1237.0267418067435,329.03285215226686,615.5422203745932,638.4006167738431,475.8973471765531
402.6907791322608,4834.068226736535,-242.94569804090136,551.4187099179176,982.6373593771069,277.10765646895743
484.94731197513784,2016.8238718182042,64.8131744194826,405.8085863980521,956.5149718210536,804.2439717689917
471.5152666371092,1477.4054676290264,309.9107176230448,641.9230853363836,824.4262869582667,518.0595712444276
347.25919944600776,1907.8884111415277,185.88663500059647,767.0888435027234,789.2555674364446,489.7660207262909
420.3755920428729,1513.3468581733473,209.36433762080276,489.7140522230076,954.6999906025031,454.8673840302009
350.18596386474064,1771.0362410663581,-366.98666359687394,832.1150121161008,1342.8819146360247,297.02616983971444
361.6974896540919,1687.562753555198,-11.425092551478826,694.9092826229496,866.0564405738162,469.139017900864
386.2641853785517,1172.0501528305988,329.7148342966058,668.1210478259959,827.3328781436265,361.09273057751346
252.70716430237135,2000.2048494567637,302.3644849303653,753.5927671889933,1087.5818392437081,343.9809635332275
500.74357825275683,2044.1033910307563,261.45197457430027,584.7719436012217,1219.9542289770443,536.9661956847938
294.8027262072767,1573.4629097524858,428.6825783082834,659.1836255446351,826.2335649935507,477.7158135688761
201.58408791155662,331.5262520042137,-447.00229588592543,407.0469697118229,690.3188109039498,496.51407751834415
284.03077105013006,1643.5183800514367,-91.39115050713804,632.4596373039237,941.0085735129536,311.5985329017018
344.2945825759217,1739.8479418735421,459.9297510925403,704.7373182661302,913.7790415513692,448.4019421492899
480.24142952125726,818.2262332769044,80.1437955662434,401.377459433326,611.306531489363,236.55091828394046
402.95938514089505,1539.2729998953578,245.72670407123826,705.9763862819648,724.2531300284495,662.8842708361498
554.9407461209111,1406.2877508529145,228.558824978036,603.7644929068865,932.9524113670542,424.3618104691311
649.1000121826615,1981.4263915480085,-148.80431674165834,309.0061037116864,905.0425324352685,481.1071890069404
371.26214753917725,2033.7875485359143,-145.08828016919188,335.8407731001974,929.6669575761899,66.75829642536232
496.4991878946273,1938.110074336373,273.8990861660948,645.7518373926432,784.8493432370469,509.0763159907016
382.6432474579291,1297.0328850593637,267.41036932428835,466.30799623202853,631.5690110732655,218.06269248712107
322.9719055107312,951.3106557693811,-336.26784432218744,517.2376733644262,1077.945289243935,184.80085820181262
272.0145479673638,1183.1836641313316,492.51973516938915,528.6166260666093,823.2120162154486,722.9397568353074
400.6173753050556,1785.9749984253608,9.515583208682528,726.8996442449504,473.06371411990483,245.74342389064554
226.60333890087534,1425.4598390367996,-152.4079850334159,709.1177952574285,660.6786571821166,200.742579736624
433.92326679891335,2433.8004535540776,337.9732500666373,698.1257546042793,1074.6321726841443,527.7162366980486
443.3859782191819,2554.5192221534967,-82.15617184126012,616.6998395094943,651.9965138979603,359.25566166128436
411.87348956398966,1595.375341777592,587.2498534361058,726.0660871094135,740.5443063580052,662.4282149304131
264.23788062690323,1677.821632694021,246.50796973553793,763.5918719591546,610.314856713704,347.0048763656792
330.10889198769667,2201.1281062580465,-191.608574058255,509.0554052804236,869.6883160868362,649.5073573551433
363.8239089192924,1253.1915575755645,521.7807332175914,500.05501207880087,612.2326171087489,353.4916151733775
327.0265992352413,1509.6460818200505,109.37005586789405,690.2239192119935,671.4380244767567,359.482043734906
469.40486734436115,1107.7421185242727,1102.9689454940335,725.1224309945715,754.5412440036769,1481.2794815373145
312.58918234457417,1128.0510809052662,372.1478812932097,534.2469106643769,510.0628349581077,346.4422972077135
443.7100898106245,2246.060513351555,-64.02007580851136,638.3721371559054,898.3350012425018,660.4511450677355
474.6624364207389,3880.890831570696,-223.8275838591052,765.7825748252587,1343.7621379757202,470.8457464839222
505.6628635770835,1592.530420811242,-171.55070718055072,670.4512587241802,678.9720127337167,302.863613221471
662.0507540507117,1177.8754265126022,-37.80475376558189,597.4087784464584,1173.934459730462,538.7723758259883
375.39449086457375,1564.8573777580555,-100.05863669083976,584.1991781895763,1222.3603902895748,428.32551956324176
328.01852001635996,1569.3831014291795,602.7592560149534,563.5425722223251,731.3119412294611,402.9849576568346
389.64841058958234,1922.4719511456512,-24.48174154377108,432.3076729713035,716.3027993411606,332.46567850834936
741.205411907087,1380.1516811068245,-19.697963944348317,634.9453369131916,930.5895342402038,1068.9085496657606
364.14756496642894,1927.0107190505653,85.58027721398162,753.9181979798041,833.2936415062858,661.9017859741783
201.47696544800445,1798.1519980123228,612.0981865084265,561.9719523080896,852.024843430329,92.277761604246
392.0622950944198,2041.4014731881211,328.12252008966243,730.4990121288163,1048.8607870652859,376.6872470723216
247.58143059963507,2235.8638425959025,327.3034764450131,513.3805414884221,771.9773232171525,175.70085132681913
632.4565956081063,3800.0816307593404,-87.46676458416607,361.79050532719174,977.0894562372017,427.9346013808521
442.3515245276118,1514.403108327233,309.3394546036052,663.1194083903638,754.4558517467833,431.776864899399
580.8201072249975,2046.3614951537256,460.6385506843187,697.6481422474706,932.7219769008165,616.7530439275229
169.4208740768988,1835.7800594066612,345.71742883927186,603.3188867752365,653.0516678341133,418.95132670517194
365.29692509920426,1144.9883099724361,234.79355272825433,641.4565987057574,657.2457992960057,427.5034076823853
386.8138662795727,1389.257292308342,536.8959638945529,697.0340606109137,826.2824580469141,310.68550703069246
594.4498195542516,1716.3130838444044,-26.02247572166175,547.3466764926263,744.6066674300399,359.2867063877652
321.311476024552,855.0530523561483,-358.2743528869844,1936.8686366425554,902.2701844944219,-6.825059518027075
438.5777665244017,1237.2326515570503,-5.667508427691757,1709.6593760721466,527.6400081180248,374.7960748164969
217.50013932724173,1144.9726909903777,-364.97923515567004,2314.8578646017477,762.9919905274646,361.58422827597104
401.51789560222164,2027.6300032436582,-397.9459754362214,2253.1595768677935,910.395051834341,151.2196376483908
243.0663690041325,2370.755780587726,-240.2408124481087,1968.9731307788757,764.3918670782966,112.54315310313376
475.99613955153586,2880.882931022574,-148.1308616279166,2178.566010672536,939.3683106718632,220.37744178623083
436.5552496772932,2799.0665722706754,-2.8989717700775373,1857.667082571943,771.4071149889355,227.98210660062253
467.0422387937987,2521.31195993397,127.10187289146177,1840.7110502996702,742.5927111011446,244.4716371300037
188.37363045692464,931.3451392716893,-224.7178111463734,1406.144710864205,1081.2785925171888,168.3028882497976
393.2068967180427,1973.7014417544628,-30.038126673947602,1865.2157841780413,715.7941743961887,251.23978365194858
233.61205026503043,2781.1664478082994,-292.8853135630737,1921.2286379231728,1237.6628859621637,249.03516938515276
682.3821590709065,2585.9312136504313,-304.10149469688446,1838.7292378027873,290.6752306096467,20.009365678807228
346.52741271106834,1421.9391193706547,-56.942632175714664,1667.678531284655,681.0360494566644,310.8980464429296
217.5507317105993,2275.2837331408136,-207.52449084310337,2482.289833931655,712.4199912001949,281.61789311124585
198.34008292561637,1605.6397578866945,-395.0781028432013,2300.2406300250914,938.3323984882021,174.86814923642333
711.7608296876157,1171.6492687140037,-386.247960727041,673.177112444378,890.944188599911,531.9405109581397
453.36041952427183,1950.3457856016769,-82.44211158988168,1717.5463024449627,629.1109936783084,252.67211272616
308.28469691005,960.3388838419954,-250.7633281640805,1936.1827345264219,1073.0576558644038,407.75160688255903
493.2013855602909,2763.5981979443363,-21.125384591835655,1831.677594460461,856.0902109643689,223.37723830742758
388.7639456921769,1315.8026044804387,-148.662849716217,1744.3898953503308,513.9611554721338,296.26353703790335
167.21598443406955,2173.96775362279,-383.5949294700564,1959.2196072272436,851.6747437511232,107.10146864196437
539.3483744403679,2271.1692998102253,6.371764352640753,1760.45362261721,571.6194679842082,357.0084819455342
300.701573199353,2275.440214562038,-136.5802927214894,1533.798858069338,833.0546070813779,386.4927006697146
364.43068925448983,4425.738330875891,102.76366930524057,1682.1111709718734,510.35632954722655,433.6779348178683
288.1820015735375,2617.258103787659,-168.83552882483002,1814.2675402864588,814.4285726826695,237.74998378948894
325.4432808186217,3163.889263833471,-383.32989133344347,2249.2800761122585,868.2076709382808,253.67834916853943
257.76317024033403,1530.453271748026,91.70996412589568,1618.0666146690678,649.7380025713048,164.2023666161025
372.2511686047551,2406.7734358108783,42.10803853175469,1649.1254959271669,1328.5364909410803,1129.4349148270894
126.39472606418735,4063.884883703532,-334.3141394563805,2112.9477112707705,729.0074165619089,350.37884048734225
396.08377345669146,1436.0226176093117,-151.12904831731652,1898.2642405724177,1138.2711476660497,471.536639272422
137.72322668784147,2981.947001775856,-327.9616168676836,1865.3705593217928,1107.2731332340186,230.6941678039529
483.9640924971951,1777.316647824149,-116.24900116126366,1654.4289990700431,587.3851938292171,614.3554477815638
208.99061487795112,2017.3679962203548,-297.3815085933836,1806.4206434688094,804.483985195732,159.4604060184584
441.08615606074216,2586.911296077598,-93.37524098093019,1977.4878948441979,738.8031458685574,302.83365793947365
241.30837968893738,1619.6024268820318,-345.08024812846855,2532.8557795155057,857.0033244919639,462.89410805806347
473.6215083435476,1568.5305137733883,-389.80261104104886,2282.3362459568275,917.5936355017233,397.6162243495308
666.4656620970875,1855.1184822534465,-242.57100284566656,1972.8209154469614,244.9656067982201,272.4739213027658
612.187733380718,1437.264552080566,-278.88433719638095,1013.2774870868791,925.9506322126284,299.7087851620416
466.7918839420473,579.0882464643048,-400.85042592152644,2213.4744273786664,516.688072443926,341.53333010708775
318.8744186429474,2323.257724013306,38.49228322191436,1730.753687115738,699.1056382760088,232.60357735224133
301.70043712795405,1997.3833410741063,-72.00746391025291,1781.4568973772539,266.1067137185963,232.54141569702605
458.78095171738903,1915.189325938855,-119.19868391292408,1811.9894660490886,729.9997662716648,275.4470120449464
489.0633815093199,2333.4423866604716,-167.42761523921104,1970.2199537081997,604.2670582567984,323.6535894896727
285.0371003072902,1589.8769936297033,-367.8668564818932,2463.7943893574907,772.4436511208771,259.2261311569652
262.8424709826179,1451.8788866129287,-361.0510713734881,2715.808878694061,631.1391928632087,440.86990222706305
281.68898634609263,2345.5224199536124,-18.218467604888474,1686.754045663548,569.7241010355624,256.27022211657766
318.1357647772245,2344.003332625032,-173.99064513321184,2129.3571775687233,612.1270014126104,218.24408102310156
290.04828151463084,2188.5527721554613,-299.78624147962455,1908.4259432770268,986.3949735453901,94.14453988313164
238.3928927476296,1760.963824494058,-118.39500265956787,1870.2131178336708,953.9101878481434,182.36295364656337
397.7501826634076,2867.548562255666,-309.61811486300905,1693.1630721002657,913.0212222502031,427.1179171856322
153.97681966573813,2400.1621037710183,-56.719154857256626,1752.31443225762,610.8811101553089,-17.038083580271817
530.6991672173608,2438.156866151099,-84.92644028539996,1869.3392943383196,680.8301332541203,262.59308863141337
307.70408724909873,2590.927307370601,-77.71824389523613,1869.3301629346238,1001.9376192603908,641.1261268256706
222.53820092093528,2170.045718483352,-190.7733729594575,2438.0272646777066,743.7287746409586,294.3125277408083
370.0889582970923,2483.3888015750927,16.33312169710257,1494.3515859020074,876.6635671267269,245.89649360410456
198.6464522822358,2867.136899972176,-442.88086012251904,2419.950974684941,1026.3075629149353,56.961920555341095
212.35508528916276,1824.8966436059743,-318.2082889797557,2687.79781967539,767.9929232311098,222.26029206854594
166.00186728575594,2202.9671064503978,-238.8117455706234,1935.2181468922317,891.7409986977055,159.1304417948532
342.7393004159917,2156.239060211682,-128.81346788537968,1846.1807095311733,862.6978850992684,204.35355052328842
296.4584562900428,2178.5953899613105,-357.54379423220956,2722.6837632394013,742.651203684287,385.52937337858475
302.30409297358824,2672.0301458866643,-299.2742824158912,1881.6910351297793,988.1016455587036,227.74240661296616
195.62073099910825,2625.270029028943,2.5490337021639107,1568.2124114149856,573.1501765502632,167.60784023923856
256.76008574083824,2086.1721618835327,-316.4203962117846,2747.910068313823,906.7204329577282,238.93978992050666
561.3164143711217,2169.4172348761185,-142.4407533325683,1924.8576772907809,687.4546107958842,290.80052188428897
610.9055883729334,2719.7497191174334,-70.07709975840379,2003.9107667625358,657.1711570578591,266.23679653767107
377.7645356004922,2324.462310477902,-193.8299461217727,1854.7350230217976,779.0418181887273,221.28246559263116
562.6229366978761,2051.9295347654597,-100.5449362587214,1742.8342877507916,734.3887225773809,495.7669957687194
190.4853414092701,2501.215322760384,-387.809806273599,2598.298359450543,620.9342636927461,383.3540167571175
430.7696288875593,767.9126499359318,-375.4776974237018,1711.287847496887,894.3613289990975,480.365269377
389.32698196760293,2474.987809489273,174.0722448309566,1786.720471037138,752.8318666749399,187.53588127215312
476.74714453311685,3349.2023656146885,-92.01391249198394,1894.9385635829294,1118.1382729325824,155.6788528661707
602.7432743312168,2805.527826291677,20.681413845883924,1921.3412042787822,716.3439748942244,342.5501117661201
321.7172508739883,2450.439691809929,-119.88584846552436,1916.9016474600985,959.7130165840903,-42.00563388792118
333.2522386261754,2582.5286335146275,-13.68258757980368,1786.0611350193954,739.6776573860467,329.66553294373284
371.7157794661216,3715.0229490337915,-367.0705660873705,2022.457425448736,1079.3465977147716,251.20569209457634
429.58567858790695,3067.3516750867448,-283.20503643589007,1886.2664984909588,828.7228647847155,291.1412689802836
245.406599965972,2139.4895927570983,-260.37344201881945,2096.1910029209116,810.3942829636441,180.3823003707879
217.49336371136914,4139.429675838324,-156.91256901810397,2385.535251448925,897.5686705698413,134.13838465257473
269.98731073444776,3154.5445694492073,511.65066707071605,1700.3470649901692,1936.584402596882,1194.5363089002865
266.6062264624145,3137.588683962899,-327.38332635683196,2219.0576120649903,1119.5356587797523,301.4306463102461
349.2212625101753,2286.6159498373036,-65.1480308445291,1692.435677102127,672.1497369006291,295.02286365410055
428.5509190410378,1658.2078229441747,-39.07996829474166,1746.0872366773992,658.6127092765271,248.00856942729706
693.8566129574654,3565.730342992526,-88.40732547357868,1986.2606447867834,916.7273208464215,380.15725535595857
372.1190511257828,2665.424081303294,-340.96460004364405,2524.5540446487903,754.5688012900206,189.82068261809033
286.39558778375465,2359.670019330647,129.4832875323467,1440.18211672367,909.9094167660791,280.8980727200985
289.7782650102587,1920.5754660197747,-164.79866215730937,2108.6222825052077,643.0750513714163,186.90440358567594
447.11272341749725,2007.079425424551,-320.4677155691702,1848.2019358589328,646.1323631722197,368.858203717979
413.54059023697084,1249.5977360079955,5216.940312261341,434.74091427286385,319.47482256883194,520.3773444339113
368.5485084049132,1342.3453768977656,119.13526614492923,499.62879007276047,92.77248786825125,139.39660055745927
173.9630536715519,1173.6726945453202,417.8008837756397,453.11423684038664,-39.99535844465119,445.8589718154624
462.53338024837103,1103.3886959328547,1204.733858182582,826.3109341388492,36.83354250802009,476.6689323435553
459.68997235854283,1082.5766985037126,585.1059184468871,460.9807340656273,114.90669423390939,448.69128689560114
383.9556751826832,3323.526580171005,1059.8308423618428,874.1343045595213,156.45553154500516,678.9315105724518
379.86473180087654,846.365993491123,709.2942072522973,458.29605784550347,9.53319024505322,400.0096578177263
356.24825221609484,3883.7090125806453,1338.9052258221523,687.0906458778763,48.02358008322889,430.0282824634088
200.51933499122862,1227.7189229033006,796.222193751686,497.95899125476126,63.59583340611351,318.0342947956825
428.76787836013364,972.403043328586,1228.3584705394292,509.603665076197,-12.562325997644336,447.4653843624468
406.7117976580555,1694.5475626983616,2203.2031504644456,477.1075163085043,58.58212471715726,391.78070018713584
444.6837993422613,785.1718617389456,600.5862975079874,457.14589021384705,42.07572519654485,388.3309812748979
432.90416953542865,1029.6092912557956,596.1610075048626,409.8736989663446,8.42879126765979,445.5981459233036
385.55333491731164,2724.4532137499605,1241.4218459787598,926.9757087813898,74.81916938294407,631.2295524909491
366.6364113434396,1140.3495645387766,1676.7683414252078,399.3366585632298,-4.041943247232211,448.7640105644855
452.8114742676938,1093.2198720421227,1398.6376024148653,471.5895890026614,122.27018092989483,406.3364236629168
363.1611572057313,2138.9134868858073,1413.1981845878367,564.9170281170512,222.41493625984225,628.8665882312449
430.13499906150105,1103.4175204346511,564.3020473082977,400.6220079846033,77.18806859562912,437.6845789264462
423.0611428238044,1042.7576586966902,1252.4185034475408,419.5047811147789,-4.452051877848021,474.4687920032444
416.392875513421,877.6222975064127,664.7817282234448,356.492480963069,28.431448057513222,372.0640714270288
423.243417903273,1354.9259291574867,52.22694078670867,493.4641196355612,131.67075811130877,469.41428893440684
425.18840985342797,1318.7357178898665,1092.1155167304,594.9800349036328,-32.52823155693528,468.26875166842774
408.23040086934543,293.365509698714,560.6143609741227,790.3467820863939,13.082082125616665,348.8284809376148
331.91704458452114,558.3882394646382,1133.180100982653,581.796972250045,-21.40095523761319,370.9037142747054
352.95287227894494,1586.9653374136788,653.4151286679024,439.5981345706215,102.72941922711385,232.7215754150872
426.3276362247094,1506.6463775548277,1163.7747040011718,676.5539447791182,66.16154405917194,525.8479251238057
419.01581537266054,3076.449819647087,1448.222747875106,835.6225122750327,168.64745896906328,567.2485942526919
401.58282923967056,2927.5862406226465,1161.012218923921,727.954243094184,200.44223558060736,696.2277259163584
454.40546643494895,942.4269069295495,653.0611077591585,496.9512577435837,11.274164894755472,401.35319874614447
415.9214487040624,828.7045394285949,1566.0309744624249,672.6277086708542,23.62435226886612,539.9326114318427
437.5655588193291,703.180223417469,248.23085618077613,463.35644232742055,56.7877657099566,480.03398240882996
436.587555770608,1613.3176424893613,2292.2318689832036,443.4123782638071,239.6033121416506,394.7797959314589
449.6721881685469,914.5212836858655,445.74131512308946,479.2021808175078,9.88749879576855,393.19047613609587
175.44723601980792,607.5282409238732,564.0882224096151,422.4714469615465,-14.445918203966329,89.66545477088164
427.7435143337467,580.2881509196009,1206.4892246502613,389.334735923102,-46.313983072332675,545.6553817992207
349.35919274302466,1258.145504125268,1065.822736167068,400.19817430904243,119.92297890505748,327.2426319861462
398.02918153857024,748.892825656146,1210.9558280263013,387.7241217510637,28.210763724019813,407.9173184310945
411.51839587498307,343.3629486954648,731.6419077471296,463.89279820180747,22.399274499255398,319.1753841974876
190.04375246386655,1159.8148744485493,115.22357140416176,427.7429755058909,-68.25407091395397,409.2772661782401
436.5887902629428,931.5029163594935,1216.5281407014586,388.28187419366,-22.32222712363054,445.90444068497106
442.1563318459404,1023.6917530281179,627.9331589651159,397.3164821909046,48.78286933162333,350.9578188050025
393.24974860800137,3122.1373378730486,1012.053434616654,904.6552215587249,127.69218905378354,628.5827521979558
449.5313683427154,1434.1212041550216,102.4437746466964,400.1240236254922,18.493617903691643,568.847974579328
434.6676909392736,1059.5060780431713,365.892446658517,439.5987109318976,95.71385511962528,482.6903520653568
564.9589014878352,2431.185514097013,1414.693558093746,432.5976329196965,48.69554458270477,857.4251306685848
276.1583681249658,983.0707777340219,25.591627604760617,609.3503988100836,5.829567273471099,413.1292471140439
438.62058373119,1473.07079731671,634.1099494449649,712.9491204248291,158.09756792085034,478.54990746675514
450.0938917307825,906.2202274729372,361.39270104859327,425.89186304607085,39.35318126756604,433.7128396947444
447.53636780000625,1359.7673618312042,1807.6804869714751,805.1096979762915,14.81445888843976,416.3471557326809
428.50430922713304,565.987099166868,1040.5893240246423,418.86875316521343,-3.368472370143337,547.5278020901259
360.1302735861361,970.1099110221749,386.57451632380054,481.23866463713676,58.488599958662064,457.92339795632665
438.0817108500969,1642.6443396141935,576.1898345408143,399.96672633171136,57.69019153693151,487.0727659051478
428.7702710453159,385.9502833085345,1238.7590927556043,489.1613110804732,21.81546552255682,1010.4190900283311
437.735688424915,1512.9470167451982,1289.0488350336668,867.4017722480248,147.7609914546518,804.9430325104217
458.96119438096025,1097.8583573776232,773.7697194689265,841.2136626711765,50.121768578967476,400.2301681988706
443.555791454393,926.3775319867525,75.5494177688592,394.4652645683288,61.74675107660917,410.45381715027975
464.1683616498216,1403.5527642987697,315.5236630327577,740.497817134695,12.7877596358081,494.5730985992859
450.8791351317402,1376.1969210911739,367.55184180115157,481.2850514088177,122.79599960307027,212.38820898261312
441.1117475103058,661.9933140375772,476.79269072138493,485.5711796725609,-0.7132068355493288,310.65961998071145
422.69766572972344,2118.281914569267,1366.336858756972,838.6591851046351,53.36594828347886,545.4000412108833
416.9485278489252,1266.5853314556598,1334.8855403628327,417.19438292826976,79.98754628757163,461.0416885054618
443.50416053663173,1065.3361635900892,2249.622008477549,457.4241849501449,108.57823281669185,492.1297250104818
344.00025360689125,3428.7860500535066,797.968308448589,912.2011206458913,149.11747378082214,610.6653874918444
439.7431558286653,1474.0226361981547,444.55966256016603,455.77456686507634,-12.50982507600446,530.6956822087321
451.68657747754537,543.7245186078055,653.6649093262677,476.17193390620156,25.086335539313723,475.5154009051506
458.380535998122,933.4497069710642,1183.0958102177158,595.0204692044206,35.06085804980975,524.1089737536785
240.7275639014083,902.6127177723187,1061.5233977293433,649.8431547143787,75.00299894712788,746.6972150017564
434.08630214433333,2759.8279796434845,1636.214031663114,1011.0624014538062,121.26014319002532,518.3745575818548
412.4435447398089,1069.016829877918,1248.4528040429682,592.3656679925052,46.978282803192826,545.0188928795108
444.3609447414408,858.512713674679,901.0495197729318,471.2113263031191,78.71493334685434,387.0307185950627
432.3178238693994,800.1478032421675,787.4508933569745,550.7825357041041,2.816522753901012,262.5894685732693
226.1212558828014,3374.327785321726,1258.9387989658126,908.5069955408312,129.27479893130015,823.6604816904581
224.0899234410104,1575.0908417816727,622.5200624086336,474.8395423210618,120.26030592554311,537.5332409967774
269.1463685661481,1105.841309338143,-20.8423305288689,741.0173744312733,32.880914940666614,392.01770850943024
388.55972130074815,2603.551169388881,1917.8112587151813,817.3453891538563,339.2915664383855,748.612507001238
348.5469922323425,3134.7338755521746,1183.387518995377,993.3605241217638,175.0670347227408,584.0962326717685
372.26744991463914,1024.7514184026418,350.2928187764631,217.38623249025778,47.45366797799102,557.160736761744
240.36498707528892,1199.246538759342,1427.1845357250695,412.2920860333246,10.084798383642095,595.7421920378182
448.34726766572976,1042.1442509089989,465.06361525632894,686.2416177551393,20.115113700244194,32.46705523875602
434.7538486274035,538.421334728699,908.8964865402592,335.89812040561196,-62.887018657407225,662.34977942134
266.0222894721293,1555.202809689466,1637.9093721742456,517.8844552007417,1.8760117444976174,756.9938282512046
404.57113394942644,2105.432173017262,1051.798731480263,734.6698080065783,3.3758017489822976,622.4275166593808
363.3882866576023,876.3031596610531,52.045287080206435,1303.217269198279,169.6302262702833,68.17264381129209
412.7697718224557,1382.2229609099052,1026.1778098156365,1709.8958280175302,466.00211372875106,762.4577485732456
405.856054786194,1141.5479322834572,393.25756847630157,1727.3986658494541,329.2947687838148,317.277265702023
355.10355630208744,732.866351971973,374.63528144012616,1247.6106718113292,236.0868376778854,446.18253590751124
147.8171067894039,770.5073622167622,477.2854809811148,977.8778036808469,294.1578048545806,243.1053978437254
212.2057280255292,1741.099508978356,795.540128232993,1165.4825306697126,405.9784120336852,312.93221735540794
599.8766252257927,1582.6210127190634,1422.3004231687464,1272.5407668768755,179.3561418286003,1256.4660106641845
366.5461053552864,671.6028147245535,185.68361831458708,1243.560394881611,206.08017556747046,353.54627845458253
75.30109760479134,1313.9166566342408,1377.2598824524698,894.8260959552476,324.16926036966413,386.30568239308604
333.5985674673418,718.721954741597,366.5008122064928,1276.702534630416,199.8837472500016,321.97679903617757
404.3486145085585,1287.4074556395117,1110.9334772149123,1763.5591942367882,313.53387458832134,259.13367455963646
380.2974133909702,2540.7550504224196,846.4070736498304,737.0031514292491,269.33358497573806,427.0182338022951
439.72419679756774,733.1900052750045,628.9423644277886,1574.5881473324791,276.16293104421163,237.89595585286307
333.4947809637731,896.3385979767038,57.85478954327516,1199.0513263644932,261.25239114303287,328.4191429575054
452.3992246280874,1501.6721385683393,641.6440688723158,1147.3316577243452,3.7968324341770483,329.795407496958
170.0500413725264,1096.131184615181,381.9724682821429,909.9441733422675,254.45283861080327,373.42611947125476
424.4010930345278,916.767058635096,467.5977447415635,1335.4257783805974,230.8752198644642,332.6285198430405
293.79739524084385,1126.477527672156,205.8110347185526,814.0392730620604,324.72150883364753,290.9040562583493
449.2220209885313,762.5328896561396,998.742788357134,1533.2130245612273,180.84022967113333,341.68009356432015
383.1955810725624,995.2885172420383,623.1703387855841,1210.7627073789836,175.4100099557353,296.4383943978927
321.25588799011405,793.7880612933045,414.44530165157335,1296.9029183879936,240.71291733294834,541.033410405945
211.52118416733197,488.71755941931605,835.7994431595704,967.0273002153899,218.4610081365587,425.40425370267894
336.19478123171655,719.3689766729119,287.26418821493064,1394.8720449260281,215.9971819834866,402.02027102171326
373.49928767455845,579.2775670525377,788.3414980873015,1392.149818452335,184.7334516255891,291.9499941671555
435.49210627439857,939.899076369883,737.9156264371968,1635.0398963376083,344.96298075137935,271.286299072524
241.4947406727192,774.7820650995661,495.3648495627215,1179.3429443909815,244.45294687486455,319.17670254236464
430.65855897071344,801.9699834802136,592.9738392602676,1378.0047562693405,277.3823421421864,454.1174206310445
372.27958037805786,695.5306976271959,257.9597993225784,870.9499296995748,362.3114941654281,219.61766357476782
170.38788253789755,868.54820400932,684.3649327048269,1117.3708774412758,331.7097868127303,285.3924503773558
114.8070964112807,680.8331349447626,250.72753853940048,1077.8577960375271,254.41365034875093,292.8016826541526
428.8271739165672,668.2016551539141,557.7810207217376,1628.1951357128555,234.06074903808633,260.9938222837469
262.9199730861425,727.8554905987659,631.0013105386613,1683.9506095304873,64.26235743491455,-26.087689637337732
375.16320080133454,1307.0662237611368,613.2820366651275,873.3879526105843,356.85671304962756,389.4639696653511
355.7227370064933,396.209307260211,736.7592342656295,1030.4470965772302,256.4121516192461,247.23294664213168
457.77407461350697,2365.3441474470965,1951.0391619915376,800.1246008642618,58.68710809682419,419.44955744276547
272.8588680622711,800.776300312508,140.47261534085249,912.0358012383181,257.8405625108704,288.6298305874386
124.25237656633664,683.7482144624586,154.79006308938028,934.0224165976426,268.3791100949929,115.99086731743049
407.59918155633864,805.2536481151919,558.3201682862214,2239.533533500006,640.666506187719,226.03187049780078
191.45794449450653,247.79070780600074,807.3185698189478,958.752797691056,160.90634412156805,324.13861592329863
329.1856254800555,909.0201668661284,156.92651772957697,1428.3428835111254,201.43096226359074,312.84453315948065
308.60694134723053,741.2697727224574,153.23910555216833,1625.4163952478307,269.067168309366,219.57093932431067
349.79724537977415,364.0012712236214,512.0802293968766,1226.9204224324749,157.48214106543656,345.3790748929705
367.04345000557737,759.9183864506952,705.9756872482751,1230.383270755076,258.21888830403367,215.8687711711211
249.54298608607857,1424.7762458791078,684.2835860069947,1656.649960568056,283.0083332525256,275.44543590043315
340.7009267130866,967.021006645746,546.041457016817,1336.1525206695383,40.25572668928899,325.5981101429428
417.9938355185243,1019.9039512120692,556.1168641685003,873.7681021326352,216.2307596393569,358.11449915711364
80.08381107166313,189.70747074133925,179.6557815762436,667.4841696786564,51.7632274417511,44.480063513052386
415.1293570366271,945.8730710816965,975.6443319782529,1579.1394741669776,246.21558395796626,352.42281474013555
157.32640207726013,439.8700101185986,802.6044404603853,1027.1851660196064,283.35564999393125,303.99180284097713
254.34416042232746,671.1862309874908,306.89547317886183,1002.0601456041932,269.2081903353105,263.06911302718186
406.45011823667426,434.28315918955843,538.1754508831818,1261.4512900116117,151.08695942115082,435.034885449287
311.06508897050855,398.29648658356507,373.74452329264125,1276.6942220649282,238.82165842199618,432.13598952205155
443.8728934929039,894.1033216952113,518.4811013464064,1047.766008051646,330.57024646932786,321.2613390067162
297.84054256944455,1243.692903488814,827.0211661916471,1258.3647152154965,292.60760252669144,752.1027655499513
190.39534332476165,480.2749963385167,920.6261292311771,986.2500289665963,167.98565078452492,273.6200150425931
329.24830765987906,448.3663558042847,29.38970623365981,1287.378840036363,249.05240430291025,29.725637514128152
237.885781949941,631.0421967940224,235.33099438342902,1167.0266013471878,213.2173899340615,323.96212275687515
356.4880512794141,708.6989729674599,133.596898460229,1341.904153071778,241.86909215184704,331.0377623243721
406.76910359350245,745.1192139212696,441.67622096114496,1361.9550736948913,229.3802841646277,387.81261613673394
423.5616882205576,1085.965032913843,599.1569383368825,1138.2741912468912,232.92874475724085,262.0512121025629
374.00556298980223,822.3312388203701,406.76427997549774,1377.0110789799814,258.7831548274369,387.33283344748213
774.7428651012393,2972.3274284411864,1082.7939046244187,806.1285284391361,430.95651283367533,1068.1921994867787
330.44736716678335,685.484751644509,448.5088133035754,1061.8492325474388,235.05674024161192,242.0726963392942
352.3724758940489,840.5489102555111,458.7833867710283,1349.7842855312715,281.031099514176,455.71055131537344
360.4488916954507,1102.554950628937,153.47062647170833,1490.1565497059087,229.6697260087014,248.35657482700307
230.28739449135773,735.039023479492,530.3747567510429,1132.0964849305763,300.58136418599605,235.6656904347095
386.88160886143373,1994.284329434292,1664.2768115051076,1400.1598619299737,504.07921055742906,2350.487045333147
432.27142332205017,673.2937570731572,738.8410945132455,1298.4575519578427,225.55581970878177,327.672706792143
322.71307192532765,498.23179947994265,502.07775300217645,1370.979817027157,239.3787778559186,418.3903481937024
362.9761313962937,831.0940128698785,8.91445373561146,1145.1571505163317,310.7614559676499,345.902200565512
374.25092076903036,660.0131051545769,728.2517930844938,1257.9516442606384,223.32165842911434,340.68811793843463
237.89489826892455,1881.518405546528,1347.3584705108635,791.6157152598498,212.16329838963526,222.46244668348302
159.24670059069047,927.0990880284787,1551.979078139138,1415.8335379926627,666.0447418992788,765.6548908082457
309.97757929590784,877.5213190973413,403.0701587060022,1689.422876741397,296.06742928121787,276.8422047429615
458.0933572176905,861.535668693401,543.2077384610457,912.013551860914,302.9743671711762,297.75392881078494
261.7316309779259,876.8310645252543,378.35362971762424,1107.6388555043256,359.4439630622138,211.75541948495592
437.5767891275657,2175.35386717999,706.939977096158,1105.6586444356649,364.70368564454407,357.6704000253153
410.10544091506927,1889.4371098945667,531.2642878328882,819.570725148287,156.5596017513255,361.71444390501676
221.1735045894811,1244.873122634467,416.68070267444455,1005.4171110967015,362.0471165400872,328.35887803425896
241.51928819075877,376.344723646847,613.43690555129,1323.9322859916397,221.37224353931634,373.4365030155798
322.56534246824367,1028.9473294527224,429.7497086320981,767.3836275953595,358.61001269804865,280.65601359527875
163.3890325279485,610.7047343682879,393.495448044843,1119.6794074274299,229.60319389342055,277.86816687627993
374.94516661809007,1048.1522842593033,848.0349250987085,1604.6119024865015,215.86244949541253,184.722880465146
455.06828415133725,354.9634420843636,142.74370366928338,1094.4700532574905,183.4375757701261,232.2956862497165
496.5378479656795,917.0078139425666,303.23248998545125,1396.2475018736845,780.8768897653537,226.55099410070395
253.78012375247582,611.398496418289,449.0777663333495,1577.7950288472007,371.8277774224336,110.03090630688965
397.8198634705882,984.3053523349017,143.32588661446107,1441.6956995091589,384.51876506196146,472.48273263465137
259.0539330616666,467.743508936961,1020.2781674560408,1665.4080012903319,516.2382670901977,1014.5740342104301
369.009178107592,1222.9241105846359,841.7214813755024,1635.5873827957303,432.20957592023547,588.1152677773455
352.29621501329507,758.3099585786329,672.4914032567254,911.2484888276963,208.31479017796158,351.84819865448014
458.56182526398504,1166.833493876364,1516.8926549553908,1132.1267934401944,197.11329658783882,381.1715125528053
375.89593203536435,1204.546662229278,-3.8816370353907814,1248.4713352120618,307.46837027400693,302.4789160850588
410.5048713318315,737.9719959189154,756.3553878594762,1246.4989291895026,188.7072780442037,311.28061145803724
382.48160871517723,1398.4828811144607,544.8241795617955,1157.662397027708,382.5648376926753,296.78914898623793
313.05083039716476,787.4048369534164,631.5315977150253,840.1989152595759,351.1950806841507,682.2848602512471
527.4429071098338,2971.001739338976,157.02867863211998,1165.4762638932418,NaN,57.873402152250065
425.428403493469,912.3872964372449,493.1089582356069,1313.3847330155536,288.69842567712743,430.36330036486027
341.1156789878778,807.8399751720135,64.55001506666622,1432.104542356667,224.66495703296766,240.04575531258232
319.10558955716476,618.3259310209199,166.43292126367328,1356.9380456908832,225.26209815190697,467.2708826931656
242.10104815600138,2075.0054063417124,1607.4751494430488,960.6435335039707,216.6175747998393,483.8368901113852
432.592450118652,699.2444300657542,606.4657607819601,872.6708748481556,187.7877084065595,372.5880356002109
229.09311396129337,626.7880729068518,626.7767242828322,1492.3281730895692,392.2849183104901,1023.4726764231842
307.68608182229855,3299.2636733351005,1301.840554502297,922.157260767392,257.8312191115701,462.7552110682316
274.73005750095064,676.2911528577597,754.4921339691206,947.2583067089433,188.0259791186263,86.6319253603354
340.70956186675664,700.145959589934,309.4408571903749,1159.4425336534252,202.08161448207454,337.6654656025156
300.0776237902354,858.6255809502716,262.1753213320278,1002.6958834127997,150.05126189316098,191.79013854777676
432.5442085382173,746.2921882057844,587.640768332457,899.8935068266042,24.43291114546375,298.7376225349125
199.64154495510914,881.7040603557698,729.1766435312866,1147.5811931262133,42.597681256723945,309.91504948069723
330.79947401183426,712.3993631255894,145.17708284664047,950.5427737406335,197.43627732407015,303.28476008950634
116.9656950473684,86.45389665430434,226.66862490957612,849.3083958835975,334.7616581539847,425.457723938344
341.52115463637904,1268.8704690526674,1200.185295648792,849.2810754738903,240.3645805819549,309.4643026261033
22.327215089627842,643.4964382972009,848.8247076396273,986.8822987395934,241.90494634472105,267.8958546853228
454.3986610447629,1013.3792426665302,457.13723641278375,1783.979109988431,286.17282281210095,189.59593664762085
382.4848299448265,1459.4096425295509,719.0292984722747,963.5913026074775,265.4835644293611,237.84743726499246
566.0282044119397,2000.892034142406,1202.1019385918657,503.6360394617953,312.02438132838313,843.070073378837
500.8235604829248,540.837356229391,182.12165353153307,55.33330939233673,999.5707481838695,663.0749697781284
342.1139044234301,367.61940436332145,-51.05300949027469,908.6027419861023,478.8811599025692,291.96871354527576
107.87518312094059,700.0317755483057,23.108413238934816,1067.7656737611069,544.8018162760136,300.62281528814884
123.60364706971299,-244.05062311992066,794.6191222430585,368.1884808097871,604.597243817361,324.32192046737146
623.7860846026418,2809.4640786372947,543.382410495173,524.8336390604265,648.9381246507098,503.18993562147773
68.88246315308538,20.473061394987326,49.868854155935196,1507.7591111940455,898.0234428094799,413.7351413759269
152.46638432166063,-165.33961518584704,470.4249665087291,443.11515444154355,569.9833451004722,257.06792120230153
29.30742021467985,-166.98593927782355,-8.860926713840001,969.5042979898692,552.2756799500561,293.0764605268067
218.25471292663846,4400.906506071817,-197.92582950110238,1553.723605370501,490.42226513324835,288.2060217921582
-32.24354844659862,-90.15132896791522,-152.6458551167171,2162.8178844071967,659.2161247961228,202.38017709669805
93.6828096774507,6842.077506932659,-84.84401044862574,1747.5014411715374,529.2256404375005,651.8189122954076
516.9774546740196,355.5583546167634,247.52138798232147,-42.74720894209656,941.9849218052734,382.4210172357755
86.5489053912683,2411.1476533074338,-201.34409615927797,1428.3164865694698,504.12321581870793,332.49204244960777
39.920869426343216,-159.74735886089707,159.18062612827623,924.4270454329678,529.6744867798795,303.9174779744868
387.56778718903263,-182.54252842795643,610.0119384439398,-9.027595972475297,902.6088654659827,580.887089047975
297.41258282470415,-98.44666586651155,356.6680302771314,178.56103996448797,857.9575309113814,425.17485944205833
65.17149976333565,289.8694255396176,-214.4969779658992,1849.9844456784667,449.40817822638184,236.01778948346458
28.481780562609345,-160.4296993770019,491.94598418783755,87.56256913452245,719.3124093467213,260.1190543133804
45.77113054281938,-36.40649444056285,445.84932092821964,778.0569981578158,552.5214931453254,306.54435004645944
545.737185112014,268.0926429847299,176.67434173294623,-35.20468973771415,911.8178520092181,677.137147164213
105.77673294362424,59.20818695859481,-49.46841006673412,1330.331043046904,588.8004466005665,288.7142262742405
279.8319370643377,-68.30277572074547,415.55772910172334,159.5447652856323,667.0931499224139,82.16604237615923
23.618626482730406,-145.09857042284088,973.0204623651083,319.6009892946507,661.1967914937957,277.67093557340905
464.35836357323876,1289.1521233552103,925.7257456569963,77.1463563081972,825.1522897599382,722.261465478391
330.1070755756698,-240.1748004323146,303.76047150796296,81.24534737827452,873.1955311989,420.2859323233562
33.428001159275624,60.025340261971905,14.784294994209517,1117.7266775743494,576.1794491500973,281.7108299847838
313.6510427493654,279.11461252740673,771.0562197155231,108.64677399404121,788.6394968598936,444.09931995743943
18.759110605096552,84.19609305778681,-88.07794355072093,2017.2285401682088,525.6460746213494,196.24945666667395
335.0537388598616,358.2108936481453,75.59255570039511,105.51736652736446,848.5016632674897,64.33184571251022
135.40097363324335,529.8664110035227,174.19141526157284,156.54244298637815,576.9194536329426,78.45616125171219
286.0018467926608,-252.3317607448192,666.1086597498444,77.50015938734754,1026.1846358044081,367.6349974590423
133.4561271951478,-220.7896109541294,128.13254498761614,22.533300861514647,991.008965146912,382.1059201815961
55.2743162372868,9.349824817690774,148.59769442765992,1029.016634825906,421.56511833228143,282.9737207656854
123.14221013177908,6.737106787686287,407.4042279605085,34.44948709108047,928.8302461422734,98.38970879830586
51.014963027238366,-30.432217633312348,52.055517259335375,1439.3086682004982,503.82035226873455,187.47750218751563
-16.768754102872464,-46.74959937291729,-259.60655566125433,1651.0876524856317,205.396993728212,293.22148634060477
168.31892984723666,-164.39424265274982,767.5172060934416,485.3204969719588,481.0011930326139,271.01103352373127
59.84290717483711,213.56205021108644,-185.5861795908121,1270.110572449201,532.9917463346055,286.34828881388466
473.88025808892814,122.8212007461334,163.80095905671897,-32.05752526110763,860.9023667425959,477.94700621521224
73.20803823714976,3095.7051436080073,-214.76762395838028,1819.4855591808332,634.5951282000605,172.1781459486877
439.4184407344933,-210.8547489972625,63.34208764806726,-29.8281660576626,905.0487499371802,449.6331564108462
125.91593678626114,5205.269054681815,-271.7442986115708,1964.3228989487752,637.9440828438084,279.214273163856
115.59289710956094,1675.8879970667422,-197.9583428491968,2398.2216719769267,640.7135277290581,275.2831982830344
298.2738760830466,5070.592024932223,-166.15908381940318,1466.5980569448022,544.8905627277511,423.07302708557603
47.718598616691764,-215.83061921756376,821.6631076276525,155.15148185505092,696.2106009693766,102.37358729365272
54.405076161983686,308.4592226461407,-323.90734343369735,2362.15827756437,692.1477042866195,252.28958239889363
670.9443505442378,484.6678612049001,182.8088153300747,53.58120583592381,736.4683879680513,240.472124511121
-1.9322210068098116,2991.53463225859,528.0212224899192,505.02138439337915,648.9284411980318,573.4649624286371
121.45471249056413,4.198993264137641,766.9345444295765,274.97592007212864,641.0154121960625,201.36915425900173
278.13623044607255,-183.9039558731178,890.9611824458749,403.6202536446095,586.6592134570251,270.2623543243658
109.7618348973572,-13.140764642129,288.0630301612264,781.9571979312857,746.0406584712281,226.78393517428776
684.6576676088916,5219.674705117495,-25.890916500583785,1452.2911798436053,553.4261831337146,456.2056304669692
41.330466022407705,495.8695641888488,-114.17285756087085,1905.8436648351185,510.23015738988494,257.3100058823219
44.69440252722612,187.87860568404568,584.9848478977036,488.9294335408559,521.0744127423034,249.37854711815444
94.81040983108494,59.43833569986816,-196.69989035125803,1738.9385904529659,599.4238673826446,314.68333791858436
526.3308662637049,3213.5414867594995,26.440039184664727,1116.8649009874866,496.72734694842865,340.0946188415401
289.9291401816478,4008.494166179633,478.78414243854616,1679.9097507625142,738.6626174496647,250.12985902289154
327.37629846369657,3796.164005799671,-31.091322861297726,1648.8667425547278,739.8320250695886,251.0501560246756
67.8767436520614,6968.2374562930645,-133.38346337972064,972.6777171592223,2049.919460084647,234.12014202451337
181.1998670231242,2987.3768812356284,243.7222171208059,1114.1843002716719,1415.8540881799247,638.5329982902889
137.08020791854455,3658.3209288560274,125.59572146632308,1358.9467356145037,854.6531193353652,396.472071427907
156.14452399515775,3177.531308210006,34.783418626356365,1537.0619717192458,903.5080317695869,207.76903283479882
207.43792423771808,5279.746443144721,577.8510646911105,1336.1214241248124,1598.3763635555895,668.4713244572577
147.7280640943465,1654.0244174653637,153.42900769029757,1957.37389979918,611.3779623672115,215.84417255485891
118.0274676521916,5349.584980840411,417.27231723967,1596.0736107865557,1076.5471698149295,587.9144122231558
247.97148495997232,4304.932968278349,495.6210059974459,1765.2041727736964,763.1653535213271,194.91683366179046
217.5671469048505,1503.9588986539347,108.13038106473311,1739.963353060276,508.25290688160294,133.3025351032135
139.63200948902053,2951.1539873278834,292.232846592564,1740.3010342675743,558.3025292436893,197.63632079838177
327.68371872562693,1278.0566199169493,314.3609488931728,1557.5879696893044,419.52165035824794,220.57254246748673
268.3449596545702,1861.6260669919989,60.559612435432086,1720.454318787425,690.572943003262,180.86461433349896
92.17042674136304,9087.971457694366,535.017599653253,1766.4292423369184,547.7268044509728,25.170419428431956
137.37818038851648,8035.774166882884,202.9214738621689,1430.0121063764043,1394.4562667203484,454.20145748958265
77.47379966913078,3242.80190926039,363.82776935508184,1305.9402696936395,472.43831060902954,250.8675538820754
100.6624466664921,3260.9049883766465,460.7573257742654,1454.4734947843276,622.2873295156639,216.85328453337775
253.1910481834453,1695.061815857709,121.00149739773894,1610.0985861473946,388.2149093804886,216.58894198335005
303.69964364233397,1626.690938729939,54.595405963038615,1758.5673534196308,420.49949262968994,157.8658180927695
344.68560371724504,8502.534001815366,571.9998776981322,1616.3289023050688,1017.5451776160202,492.7070801636181
261.5510082900156,1982.497211301808,-187.50006520440814,1775.4485278770017,598.374636186424,186.08485607225404
204.03717586585142,7711.6788548540535,67.64443261359088,1484.2313028584306,1447.2813323164848,577.1368809255218
108.27377084671578,3021.495618380772,656.7311196367683,1643.6394374932456,1038.8743739584615,255.68318557729663
227.6283064412144,2420.763235825312,717.6207584650971,1577.2401281831444,1810.379550450516,754.8558718579603
286.1190789598837,1444.5553672819728,-193.97110473241173,1701.1143179919636,564.5054920959384,159.38745258486907
207.34775750731873,1790.8241783018657,11.122111920353404,1361.0284892735765,471.9717746773275,133.46122577026372
229.37845018629,1487.8687879464471,210.95319242784512,1569.3200804875032,523.4983135607739,323.68254166859265
292.3491639720763,6983.420044518607,105.93169030927339,1470.0545396382413,1309.2660917492813,183.09597224301086
193.05235863177853,3151.015920050212,712.043511574882,1549.117884693703,675.1164401995111,223.63260814251754
348.0281028076061,4678.437623784642,611.2874314328324,1691.119274035514,870.5923973747501,209.49411489435101
117.93621013910702,3276.013822817633,389.8090749869177,1588.383472906518,850.1210356285989,228.10884859249416
194.19269305012324,2976.098040967694,291.21736973237705,1632.9775662234106,939.7163940196798,263.03134825538325
213.9600827371392,1783.519828858262,434.84828456628,1345.068394662062,287.7363384915632,194.84275674158425
53.064554661874695,2569.5611042909986,-8.232223223056565,1430.6782814751957,484.9671809732227,572.1560553091505
240.3301568424358,3836.7886126350063,260.89279622844083,1619.2908541663937,813.9415389540673,243.566159083628
290.48178751946597,4070.7964101042267,582.0751043273073,1776.0348890521,1100.8564817835277,237.5335302607187
49.96626004019572,2675.481880029959,93.33193902760536,1133.743392567692,1191.9711693439558,159.73098164716833
288.7413214533336,3173.1713225941517,203.07100127377782,1624.539969086828,881.4447845886999,222.56945247632
164.79004882676657,3294.4817462308915,206.96279162630265,1656.391835274112,677.7230079403217,126.10092278552354
338.7892744342446,3904.075760517346,268.21364052553497,1685.421223742515,726.0678507971602,269.7457126642149
233.60881831867601,4863.982472243531,600.5878796626571,1804.2465893072308,977.4559825502223,231.7601679269152
223.93705757452562,5790.450443845639,358.4155405790631,1648.6596733940546,1229.2428272497327,155.3038402366546
193.3997841274848,1917.9830005101019,361.9375319116775,1547.9143259955722,925.2095621462487,606.9030413728514
163.78291147341812,5801.283217907654,-81.27685613289424,1704.9192427467415,1510.4470125492542,304.8858504007075
151.06706615421217,18609.304588647286,161.0705669476971,1406.484846675145,1256.294625020162,104.91791225633321
154.32528074433884,2524.4672157700575,353.71279178580994,1494.3879960144689,619.1200485220293,187.70864442544774
298.96677578954024,2462.7953093038836,326.6010653741522,1504.5461382638916,469.45222322107963,242.22931620148893
102.92032449316868,1423.3595015947294,294.8735050131727,1414.9980586199615,215.03190986880475,-5.9670882979607285
300.40660803912937,4546.969309598121,622.1439532659424,1617.5576340389262,1017.9813116955091,274.9077170231435
244.61437372056827,3899.7314851111896,314.83919639501596,1469.6767747573715,1127.7304781073758,175.274193328281
173.25608204772132,4219.65095578002,452.7601024841657,1742.5696337547906,1002.095334740099,304.8397907963949
208.08905770355946,2544.8098106154066,62.76305389529864,1153.5436464723018,1414.5129860193167,527.8029784104367
291.39648149488994,2199.6169679601007,-66.80318244892862,1716.4987303106127,538.9311427393595,176.9282765959825
348.654579033658,1474.7034561466155,64.80740437663724,1452.0956196045086,276.9592346235597,237.9562320695293
156.3719932135383,5235.495199449038,209.93240815098954,1674.7029278860746,1114.1351085053193,148.2846044400028
107.48475326496691,5673.2263931453845,255.25274439021575,1569.4346059395643,1238.7914023830683,270.5221596280615
160.64264219463232,1994.977259461245,127.41525838598773,1658.3283480349587,954.5050917605714,179.66564631937268
61.975218430941936,8711.075846520238,135.28699970237346,1395.7321122948824,1368.507243140601,225.70480049667896
307.51043810806596,2312.7702383862706,84.99477367140855,1659.2030571962891,217.66573423784206,207.39605588329115
149.02966305519095,2858.1690558949026,380.4272729289727,1567.0375680328195,611.0101620891058,-47.57213433639281
158.13279421513894,8092.833908217692,320.7050344183716,1475.6153320232577,2113.5218385721882,222.95644229369373
352.0027733440661,2792.2177009455263,231.16480134201902,1636.5081261075507,755.5175278117372,205.97824813064975
272.0216414689132,955.0127044219453,617.0032588299173,1306.6762471226468,199.98312740928856,262.28180821736726
225.17855916266518,2628.367933148091,334.5714935034474,1490.5814038587985,539.6484197724021,232.72615226216408
249.35766275102617,807.0838627499652,191.32921947102716,1400.4458714244188,220.46970654718956,269.45767162744477
137.95095894574337,1180.4835197991476,375.92263649613074,1336.717396813774,252.86382542944654,241.08599472087207
242.63549757565107,6593.2033833502555,515.8865013691727,1687.083686865254,1684.3775997616308,304.0862735440002
258.16411876291187,4247.214974600379,309.6126133266025,1617.524287010694,1011.4836675894636,235.35914215009393
348.9437507237234,2764.5530326680528,9.094133590323963,1668.6648882136506,834.5612669412056,223.50568106602466
344.0223815329747,2163.2911235877327,174.96598881723014,1506.2546187136643,566.4857223112856,183.44186494535293
377.49989569278966,3337.442508821582,246.7234361162026,1798.4046554908164,699.6693093190823,174.79018419674597
142.05160286604973,3543.096789165091,276.19434920025276,1750.9888731499645,2000.4181786695212,124.99769183083545
272.1264776495208,1617.5808413075392,782.1247274419037,1458.5330892067293,366.2999244837094,219.2324091873698
314.14243179158007,7432.675700994896,195.76618528092308,1719.6401044455206,1272.6749748016755,668.969876354402
186.9214866119944,2417.215698198491,582.6865040676556,1458.4991107188998,396.1515189904593,207.3890050099556
267.6170751030835,1266.2700371088101,84.3270635994187,1589.3749615501806,435.5084832930746,163.3140401280618
436.27698470282985,1759.3004087451895,126.79624176077778,1645.2670955165713,508.97345286531106,229.92880746477599
145.45467974561868,2834.984335058657,265.08798062304584,1411.81117588983,1639.04039822593,186.53580314898056
262.8858118366479,1384.996912076515,272.9287505489607,1573.3623926777316,586.5138303735807,185.9783715603061
107.20601028182318,5420.281169299169,-19.787810863531433,1528.6721657370238,1464.5940888232694,656.901341162343
210.21303170664038,3709.9117495042897,331.3718932681048,1555.2197895289287,868.0042686166872,160.51428820132645
177.28622483380693,3868.7918851505233,136.45391440261312,1371.282722262848,1616.9407536208719,153.44043418931298
234.80202597145612,1457.3916155781558,-157.8908063192162,1662.1174339819017,446.3738189195973,204.96120846691977
287.31334993355114,2868.332693308377,349.5237302369284,1460.703189877162,627.7632406643945,224.13326117745777
97.2813748698432,6954.920126723378,255.3020792353094,1376.4539799164897,1196.8012756209746,143.5766555230046
282.10376399839515,1682.1004159719535,48.88138018964912,1698.3328260056846,523.2999602265276,191.33258428124154
201.3763243413219,3573.324378005236,358.77856217170154,1588.1840484210254,848.2149313470866,205.27528027197354
347.14408630597234,1441.5667574459549,117.15788632431634,1625.8701312661092,414.56449697506105,153.26556001949538
294.6516141320159,1398.38313851891,55.33187642307246,1626.3813701546273,594.9916837130195,215.27997306709804
271.90001761244326,3711.8461404934505,323.1758610554881,1594.6646290569563,574.3551710696167,211.30047089206323
196.22077796351167,4318.157095451094,77.62508785799764,1597.7084502011867,1162.3134035693743,493.31701272947686
256.1686883598444,2954.7143359230354,-117.64141731753165,1394.1223084434178,755.333039445249,281.26129631076935
455.6069545512412,1936.3869540206902,-358.8995242303094,231.45641436837315,444.85670962613534,939.5530532362221
262.421504886765,19433.4645809581,-136.14729198302,1026.9858962073083,-8.935768183370982,1509.492747992598
291.5289213559573,1034.7290726945462,935.1109744534534,158.08526446950492,696.9873783552846,1041.6291897872939
322.3130608153299,1044.093889218224,-162.7585675316223,-7.072770081592751,736.2160237129544,649.5374582684124
206.08155376703584,1812.8849214146085,-268.68755832718836,444.6244400770665,436.5231456913269,1159.519803410957
289.5645436819635,1518.4163222993902,-137.14936996947068,60.29493357197322,605.2306523940515,527.5490665054383
867.0893228584589,3576.951608675949,-22.169072406590658,82.93360043719866,626.3295208459795,2510.6683325002687
166.20558307803097,1980.7524989238905,-154.88170140275048,107.40616991542089,631.9184589803756,285.07783164096065
315.65872481673784,3188.2863784669576,-52.78606530814591,515.1642043244367,577.2005779610035,872.381651907483
335.51562869813756,1347.482794377157,-354.045731902308,168.75814518070132,510.6243276347008,975.0765542336538
390.6911284581596,1888.6436637700945,-292.64868878274206,-98.02438996599983,427.5299250341763,1340.781712274111
89.46937598431762,1851.8077693802215,3021.360293550121,388.2087679289247,411.8165034105951,1051.3203577324705
354.805267761701,1701.338748232029,-372.3762930694074,163.32117101775958,390.8908763347163,977.4489871931245
383.3869384055271,1787.7425663989484,396.72960438395035,234.60317325139926,706.7592973585977,353.7985668613278
392.52026860380556,1594.495352650421,118.92749893637722,70.3295330013321,633.8770913833159,984.6039543509961
333.7279266352625,1390.6510969576339,-293.7577392052732,7.5686592474230565,816.9850185818957,452.47082675743434
415.78952610793783,1229.7852984051779,2000.2063054350347,175.95664608743635,703.3205105647687,827.690672779327
611.7356360622474,1361.919934889471,88.69883128909828,328.0027366361342,646.0926884310255,680.7161628728695
646.0328219413384,1585.615924095856,9.51330736896898,431.6235634348214,927.5038166030887,746.9383399563985
603.5977129697055,1129.6984581296151,62.24514741491919,320.9667096078584,749.3112340121937,706.6772299656243
615.930985033762,983.2183090592264,-136.16460842191776,312.1858760340196,886.6816316787448,774.023468018707
634.4525904714575,1257.6045277245098,-194.5824453821619,367.4637999078556,855.3587528368292,745.1116711490532
588.2453581623013,1230.4691096742893,243.7141609562707,398.715844422365,681.2908392348645,657.3254698736259
585.7784856581756,1219.9255201858732,63.751588719026586,398.50288760115023,524.3850745611508,680.0042265873952
592.0248408746149,1225.671958264275,261.84790132872047,416.1158508951792,645.0346251901357,652.1313465041798
604.9155810015179,1220.3219314474068,377.9158648302342,404.9526974702018,683.0971475755256,660.6362268720696
610.5520634855383,1536.3595931298246,24.96489466650752,330.19120826814986,857.4792016183422,657.7276810407279
510.8131500667888,556.9367098732424,961.5028385250554,275.0444105856698,303.89677887303156,424.52943417565075
574.4490493270683,1055.574223836824,2652.0991146795695,283.66557935534144,434.9191382846792,712.5685422928317
533.7957128715084,774.2254129240571,689.0028197683497,307.07022318769197,393.9816884119138,560.3614150015948
624.1158771017629,1202.7465644524768,1176.9224692626235,353.88316883584554,363.1529646872511,504.8479293785706
624.2271103591048,1130.0578948728896,1860.3584679353899,261.7202338680582,232.9427246162357,401.7937837967098
448.75415730888017,933.5802929512054,756.7369723455821,337.4547657865898,422.8127458109614,503.2727421228741
544.5617635920206,1120.6758161272426,1691.6061950653138,256.64795629007295,383.83996645196976,755.7882958112881
420.85704870003394,586.489494831113,1465.769968610612,314.0807977411137,206.4114645728294,474.43918813375046
405.01905364257686,695.2683935050685,1932.7905073609445,274.3763752793182,309.7215479548186,502.33216471017363
307.40340006975043,879.1920392811571,1105.6352930723579,267.53114283687347,560.401286985344,656.5644596330985
290.0550558574373,731.8301015798597,1326.8184563477494,188.84923274826025,401.39273994207633,376.76412762875646
698.4603784676968,1002.0627507623926,1243.7098172602523,295.13380135795154,438.89332175578556,482.07678221167873
607.4773698567445,559.8049954301026,1381.1936756645132,231.2989435730738,308.7174465414022,449.3789150539883
476.108315057744,491.59893011336305,681.5434960860613,174.3934238005001,509.1826329742087,582.782711075347
808.3778832174927,776.9190658712275,893.574262457059,300.6912145629297,534.3735670937181,992.3677874740977
581.2022584097314,1150.6168850538268,1441.9603365439466,226.18820027006797,468.15409176363846,807.0650935076471
464.001325513006,989.775179427719,1808.8755414071802,401.6241032316223,487.43673794801316,668.0527558588975
710.2482734809079,384.85396143572507,1325.2694851523984,287.2265917634923,491.1068196301246,700.7742281202025
468.98995822897064,863.6983668728008,624.711062139762,252.36421718613877,633.4364555026169,706.6940810918766
558.8556248504539,1270.0202917602433,622.0209625723506,310.8438660090623,420.98398915124164,772.0016439347979
541.9257458152407,734.4761214040377,784.0350556053942,217.15813785391703,581.6839686210152,435.1436002866823
350.47969400909085,1466.9246099874863,796.2492440122677,981.7050596476192,590.11780479493,41.09444858048201
26.42254262842428,2732.8337350496577,1525.7335841619092,650.1594978124815,573.0376430674823,-111.86776850577182
90.47024949171465,830.2432071568601,1983.281799336617,1333.4058525823184,185.39885480325296,357.1612482377334
59.635963528118594,660.30855090264,1086.2069014592594,942.3856282052084,358.533545837288,197.26110641350246
46.93204026323484,7292.395024758352,1954.1829946418984,601.1819387893918,554.2046098961475,-7.079302796543516
594.9011402805521,2518.997908902387,1669.9961860468788,1330.8870047748944,484.1035999446842,831.284307778513
889.4336334695765,8512.669784114403,543.3472566427772,1557.3821672220806,276.8440441369367,343.34302192989605
994.9032063436852,484.30319423912914,2154.5849122650334,1969.7611455489714,194.26432349600418,1206.759977285695
361.3756155388542,-106.77476222968536,986.7697312917577,1601.381362652349,144.17167156358045,614.3638931515022
479.84597759828523,3057.3467215862042,5413.494036476613,1342.7569376343597,348.37158956357837,525.1844040414288
251.91787480704903,3208.183848841525,2142.694434419988,1265.0824858214694,252.82256349010066,2.564747329744563
64.94403210811116,4252.646997812207,2859.5616302358694,1481.3165179494297,435.5584833352036,-2.2714275705778846
887.3165850661403,4112.226420735685,2536.8366852886925,1831.698439706298,1077.6087508551714,805.1003157876792
265.4253298290355,0.8249153117945411,599.3181985279708,1591.3532292752848,-29.890661501679475,204.27888983734016
159.90476621949074,3527.3877170242913,2818.7800589010717,1398.9782022084362,365.79634412021363,286.84274149233306
294.7389190920187,739.4076364471765,810.4920903224894,376.81334644550947,705.4089581646667,219.91813547681053
854.6204401981502,2573.6619967602865,2875.651044384022,1781.7651277945733,198.62386979011217,1050.4703249335666
279.05326052044893,841.225399244608,421.11972189407277,858.8850400876556,543.9394558536014,-40.21507216998651
29.19064625195405,1046.6682979240381,2291.1687968419146,671.7365740570224,666.1671938339763,-21.432002042341765
222.73860933333316,5128.909350230974,2488.2582648668244,1550.868980653728,389.46530846325845,742.2735836326023
66.67789172380982,6459.275331988721,394.72589809354736,1319.7194356419436,257.9428487768391,706.2416311778385
-66.77915625290606,714.0258832838152,232.7958067940433,217.58019083155494,993.7052917001502,-78.85264059098914
166.33924049759122,3429.7467723000264,615.9222393522128,1373.613910911682,240.94216303921928,533.4256885246365
35.66265086259307,960.9988676189931,1037.6592062587347,685.8260343346242,589.7609433257039,-13.420100171672658
650.0676184212911,6088.6228616188855,781.361867591483,879.1071262811863,452.78903306847855,5567.629216629534
91.016742659662,1881.7753159983101,904.9619779913038,1258.0763282210214,469.3001090922704,95.42837659514116
217.38934159174832,9027.455615434212,736.1017444472678,743.5659342551699,739.8884200998837,222.72840739895256
287.24218448502165,190.16048475357485,2796.2346559202315,1175.6815984454877,316.81826121613017,657.4496022522968
183.28669350004887,2678.3286797366154,1987.5052727858274,1238.3806576586558,390.373097755041,479.0860027326469
192.02290725622103,1881.2262011524385,700.1203988930273,415.58847226131167,579.9772723097776,370.2158974929489
450.8739856942685,8695.399315309296,844.4237230765606,1040.4201741290315,421.87557509134115,124.03708362223036
885.0615013431135,19031.004524539545,2545.271969763329,1348.001969713629,477.8551337817015,1616.2067006160796
209.32534359614894,834.1909451702301,743.4730904918607,1278.4327275334936,221.71878579342172,409.0956695674839
560.8727686821478,847.8632202600875,147.05292110513324,349.9695610277882,660.682809912211,311.19147825202265
186.90309059826782,1192.2223797485185,532.6779015712893,215.98691085779382,645.0795105199612,407.7571116412313
553.4007302411193,1017.4555164649919,2211.620645554369,348.05064634141837,304.42341860590227,749.1783837804167
322.34286301135603,1061.9381045258456,139.52552372303546,276.0347286202936,692.6412836156848,244.81658549002816
186.98368047732058,1134.5930870583243,274.5242305969995,261.9943576719905,831.6568299313545,417.97474264460345
391.2106140581209,1257.8362817632242,556.6152298419439,284.82450376992296,630.2750808490619,454.68070730935483
270.1342881463663,894.741527408313,611.82664073834,180.21013929556972,630.0362902702987,420.4536748859656
394.8717018472189,1127.3921810824431,310.0905525991499,279.846142097489,783.159729777141,411.40256494964933
383.81181555534897,1114.164007492702,210.44539103195723,226.9781741783816,765.6475785889071,583.6488857092652
189.1476336494491,2008.9718599732682,32.34876766105435,432.0847798168564,1220.9266362896055,585.6515176208051
348.30137167927796,1160.7322808891058,251.8797334327361,362.33128295206694,829.237769626139,359.88171745421226
398.28902743868673,1158.5660664193688,401.2096191458206,218.5759043318605,801.8724904374967,405.8876372457672
449.1775473845282,1059.4233695548683,8.901373468120937,275.509248870921,874.3764738858189,762.176906225807
405.95702718165876,1101.4157110362164,582.7779528881628,381.01538055888994,788.7475741060861,464.3603952138245
263.75192330119114,1067.374408521262,427.7772560271967,271.22849208533677,590.8840672941906,369.9972902331473
342.606034476162,1837.1927487291184,-139.74863190072284,324.7372969058751,892.4668789319716,323.9160428466249
589.9207836986793,1995.3180936522588,-194.166788834881,312.7496745619015,824.0513704956519,645.2350267867752
611.6858951290981,1618.0269601481887,99.07606635431773,332.6997764624667,816.4368285710307,690.0132676428151
441.0326776975752,1126.706880936585,882.4520653329995,296.4297683816015,672.6013837691926,519.1828812677423
540.3602882856044,628.5696933961193,496.8896229101698,268.4151562439351,699.657757361993,510.52103779482627
652.1677667797729,1142.518899251312,-195.08370967904176,325.65484280021764,867.73085949144,847.6737991153132
358.5209079958395,1769.0518771453303,-197.57033457953406,379.5379849240912,869.335073743099,588.8032871917475
187.49890046548504,1096.4061278965842,113.27305638700523,329.980624735458,556.7525691778333,266.97481452148764
507.2887172629239,1120.2233583728478,1577.079465000434,340.9446436145486,333.06479746037405,683.5335475971966
378.4561125468691,1710.1853544232868,31.99142465141324,389.93466825677245,832.4514075559285,415.86462412452715
356.6326370106241,1260.5920304177866,577.2534454691332,282.18621973754733,778.5122603145753,469.09804875140844
450.14168760510256,1095.5315346563104,154.3493094657473,252.21752373670944,683.9810751175263,454.42265215249006
442.71717730814714,996.4356487446287,599.4297127493497,346.59865682714195,651.7740980786316,428.8989425464249
417.9655361143102,1308.8729453708754,172.17538765141148,479.9463581077459,715.8202488336033,421.3419816055307
376.70875739590736,1031.6194494952395,1539.004007067194,295.4120424869064,389.4691689083047,655.548937611371
204.31530186856227,1194.7805413870328,2436.682873231301,201.1032553598439,342.94005121276854,665.4513730743579
281.9359143086763,1038.9416660630325,731.3867911653009,306.89511722977835,521.0661619996581,424.3550899848759
394.90297074168154,1663.6075292140115,-94.27145767206588,454.5628387904912,865.2260872631673,489.3306172704299
362.03946853998855,1080.9471144816307,506.22946011330316,269.61703171017786,625.7073989281322,421.4081531230854
343.1370643807952,1073.1961299929078,455.43025671320254,322.78665164183434,786.8867663787065,218.24413985623607
574.9638529065395,789.3224998414645,1141.2930590551355,438.366911585296,599.0113961577206,822.0639397344961
345.59822152644495,1097.852777946142,900.2542550227364,295.473661547086,534.0746512182,455.44287984303276
331.74044223575925,957.9910241618638,527.0865465815998,286.0383184355289,552.4387473281315,503.98972905809046
406.48662106919494,1239.3990043193176,271.0083889288179,305.835074216578,795.3043794512245,581.6201225415575
593.9866189372294,1316.7269120190854,970.9857075208898,364.25961030374816,494.98662579906954,629.8553059655903
543.7582323332199,986.9138809780222,1507.0424541135508,416.33817884958495,469.2801724206794,636.4758707221764
550.8969254199388,1006.7601770837339,586.2666498625341,348.4515840828771,779.2386033656825,429.696048376637
408.40601371558614,1783.8370738634437,1047.9239909680668,414.45899398525904,439.2382704047617,409.4357096596341
596.987806907839,1411.808518987781,1033.0607757259177,393.72153295767015,472.8473814675134,671.3793344687739
296.3660898611631,1523.9970036920945,-103.35211841605428,449.70353700765446,849.2059466718291,576.4602048274251
454.49607684775503,1205.0922113300742,104.1564896606177,394.64405230764925,338.6868340215281,484.1888160563709
560.6793371284365,662.698459424051,360.83462536363675,372.9943950468599,705.3513298787664,503.48320552499126
347.86848202133945,521.1960657389441,42.623305805243945,257.78004770105866,414.7148733861894,135.92138107224264
262.7712738350492,1435.7870153250874,469.52437783712844,238.51143860017106,943.1562358309124,769.3035556161095
727.0729396009785,2464.273824023316,599.1926039503022,429.32168421121327,1281.7256792147728,1363.5370909132182
190.0275964972914,1239.3821990889514,283.1923595779864,257.16633058756037,929.7751326212032,354.05074493112744
625.4873673642509,1059.0794445372217,1447.2630267432774,167.1854869236459,463.7964380065446,969.7829226926658
571.7520730877121,812.6820688497107,702.7768790895838,325.70455517866736,651.7122068970897,728.6835382491956
259.140387966743,1489.717241462184,655.0984655742337,300.24185378151566,1040.1783712616348,778.113402221872
285.51986894899187,1107.3140471078123,469.9349178784912,287.62998574021896,768.9383574292866,343.31220440416234
569.8157977538069,1086.527661453425,731.0354910871237,269.11094462769034,656.1306496053379,519.0482826376597
573.4235005368733,413.2076887942933,66.14299846181666,292.61862258861237,780.3823144224606,727.3060516460135
590.8379617516154,1344.3947424521202,47.43392115582458,601.5784355255716,902.408375799608,399.20393799413796
266.1439664700598,1034.1864392571078,259.8089288665351,321.97160923068367,566.6270682625072,249.7889438020852
566.7496177985347,-206.83787697638058,1277.8105387612623,435.9012264797614,619.5608223721499,2762.7513639424055
219.67889986414073,1281.2434246875423,140.8741256675852,251.4736124264329,687.710973385884,212.74622645297092
275.6945490973586,1499.568395805184,635.8177929986083,301.9146706475697,881.4660743592387,684.3966807368272
481.1514668102069,592.2106665240631,723.4681283713323,339.51609757308114,215.43203833327,417.8533668104568
386.9241867627745,571.7948371260059,310.53254222891275,287.98559919163466,433.9422026953346,226.0706625488463
398.92478616314213,-85.01135351150197,340.75329092842054,103.47959182037329,497.28769308712515,256.91963969522385
447.8222075189892,1043.2721511451198,386.0185114941772,412.87779679241083,341.6155627438534,464.11162521376014
263.19723883714494,-137.84672348099963,1074.615368084206,37.683247833733446,501.29713033899895,608.0579446091766
369.60164099725756,793.9915794411315,928.1109607656565,15.344003229393195,326.1698639115805,578.8806058196087
596.2000637428221,1220.042984377,1975.7797073416748,411.73239454109415,406.84838467058444,604.1095318377687
519.7023928422282,780.8324041805122,1764.644230010295,386.92287694322084,193.80582746849876,488.7444953610069
337.7612283412722,741.3939702086609,1413.420852418349,437.9317904243903,112.5328690927683,345.01113473646296
206.47013912773286,1207.5945623291036,523.291064639126,436.2011801395981,64.71761181429173,794.1304828633808
135.71123902202913,-34.733985796419745,1197.7446417689084,67.25760347191084,406.3432699722198,396.60005398677356
446.1880299477788,803.725989851398,-81.28073545274538,383.1830176693018,1156.5039591958362,1443.920554877478
470.93710233385,592.4963910740541,99.90039065811953,322.73134107543393,266.56331046207197,473.98732531949486
410.49010476965077,607.638197034699,135.9240072657563,218.5836000505738,454.8522222061715,347.31738429255006
500.65525806774303,1561.7004397357202,1524.5161487874686,368.595421249372,536.033359059129,479.5325091811642
361.5081079658301,1129.580404693429,1094.1644736646708,322.80018852461836,478.09741681903967,681.3225269073876
258.5742374990339,407.02799764592595,176.0428499026055,316.497003502052,155.0895433386171,63.85640725270221
455.90636463268936,826.4855416397888,-49.22788782130141,331.37429969101225,323.6543035905473,440.6626915442713
385.77604002854105,662.0213714910126,238.5252709057625,324.5442913666172,71.7768446881322,390.36365459166143
209.00976430001606,975.2287726201523,1314.1765902761504,65.77899535438155,552.9133246589449,565.5315366879797
854.6269777309561,2793.521858106458,2163.420107781212,785.4624297406685,700.9961041071547,1359.3152981676026
414.172955882707,278.83456192555155,1268.3182023805034,88.03086369749309,476.5488359696835,215.85835738295023
495.31875891688344,259.1463696614333,571.982394730635,326.7850106384862,238.05443380967006,391.0189568056852
274.5822098472056,538.9450607303224,835.6082866443282,463.964425381,193.90133821207968,163.54224140387075
258.4723935009281,704.2238147306443,808.4837371857179,343.9431330493449,307.71828654107776,610.5583189282169
462.2062557953285,498.1249241279101,864.1063200036017,426.8558179327261,189.692335483144,502.1526411547327
428.09472557312495,1356.1314726017922,517.5787153537767,332.6000378004447,201.91489750116602,375.58956784272425
335.116633135932,1324.0161631120154,1572.4213595906579,351.26022336957755,83.29524649598866,361.00101894982674
321.19039368229545,584.8777244457115,843.8053424812181,391.06327176455835,356.15628254657065,447.405288719943
229.6774388630679,613.6603773378915,-110.10971518348481,421.60846589326496,409.64605695607816,470.9536584785469
573.1944660125858,732.9969218887027,1594.0206061312626,402.0104842650283,226.85747020392438,349.31833196985644
369.92118906316557,515.1506538653496,127.56519101264468,502.5782094651501,245.05308339899733,258.0812198742037
460.394423662416,441.51040999581863,1108.4944610057664,385.5734447561692,205.71717321144695,389.45322124072595
144.8763133081908,906.3736127465108,654.2863825300017,330.68553465600695,521.2811371915595,796.8553888830959
493.26057986312867,799.974659947093,293.40312070848387,384.62834772553475,328.8500152121478,426.6412986321699
352.1068129228597,-100.72244090192908,-199.9276465378059,497.76081759573,446.5004918771874,314.06350111289896
605.9559829963428,465.37461017972333,1223.1548445458436,319.2896354567137,300.1466303739419,724.850821745036
430.22662301766684,345.16037798265626,1785.1107778175788,136.56390940656473,542.1210077471908,1310.8349077400455
147.95758992508348,452.94757846407657,18.192774491254966,347.4084084450996,192.45395751756843,317.51022067381166
607.9808213440915,643.7116081641286,1495.3268694592725,378.90449040091136,272.75974057159493,513.8005622979041
388.09464388580705,609.7055759563018,475.12962151980054,352.6179566970624,306.83526131139394,370.4742504975085
543.5501650098619,1745.1226363933495,1282.8693847736372,567.3038794586616,388.85327810573256,2022.8926963466595
427.1182910860754,562.1468626243466,902.8273353803954,415.67969570658835,293.9110553713232,452.01436735298057
354.39949992067625,399.7183173866848,1389.6795543004778,29.437603053708358,451.86970828501296,451.6501928184871
273.05519786323475,1076.6211833245395,1128.582072599233,125.67273196131094,436.9058120865893,403.2790820518377
224.29044996028227,576.7611140617955,1444.1953175677513,350.59436103398724,193.69205168532181,580.323585834695
113.02383494588612,-27.483324928142338,355.4272167476676,152.4593868850448,36.95959728038379,1.2622802499818988
272.23211575893527,1549.3886013696842,1420.8880120389522,293.2661861875385,46.34316318338088,361.9248951750004
525.5734611010446,1367.3024784304898,642.8996853901467,438.77988739327867,483.80061985160864,508.8649945934685
462.98811404727144,1360.7748518574474,886.1349300348444,129.93512591716097,441.9906486725639,496.27067572274734
612.1905396114778,505.84680510209984,800.4504345651171,439.897311622533,240.33718619881319,547.395650004178
457.0979585239918,511.76341398548647,1920.0487693017042,394.2432540445181,250.49171772670945,518.7749812119963
393.415691003254,468.15385270216444,898.9266572461506,389.7456355494248,170.17798475129013,411.5714138760653
564.4811745297455,604.4170178632676,1920.0926913729352,398.0714707053841,273.132414371932,483.60497202917213
194.09131772181513,264.44471336699945,-350.0604823067218,313.23425138474323,191.6762010329818,357.2839185432323
355.05950646146425,867.8503092293088,818.5920566854735,361.04188241177195,667.8605510229876,425.7178994906709
493.9379533918866,-94.10517046666035,982.5464077424318,47.54881443647861,415.78573922905105,649.689453748053
63.28155729887219,-112.72408279517998,515.413405445021,75.1832326198649,122.72008033368101,252.48556569831774
147.00067295416596,535.6337002564919,1342.7095626415091,411.4991974146449,122.47307071373632,148.9849996147459
405.39669730153946,275.170960883192,-256.68422843555396,388.8451789619218,262.6977027002108,418.47828857206605
435.5812710942952,1007.8128770723768,624.084328025786,42.13897357031084,401.90077344027566,400.5143656020665
319.9224001756069,847.3878852592493,1180.6865784536467,449.5620745883136,305.8333283996243,326.0235944834038
331.84017394884006,795.3113539024991,147.27216335661768,581.7806276075473,294.78387585803176,317.3622447102879
450.7921571554955,433.72830670321247,1044.737818238799,358.56549757816475,249.11441448592018,433.98485524040086
478.07716966488715,1081.5971565833822,1172.516817137342,402.96905114622876,76.45037839884958,642.429310702642
477.2735085834654,763.2029713567429,815.5617948074862,383.2787093031648,190.63938289083274,401.99122272235593
478.0729197182902,904.2710636585139,1721.735619347702,443.7683167085643,423.0307885225074,765.0632766122293
459.18213075895153,685.0375895400662,378.90528915929093,350.92452953454296,336.8678043955517,420.10556036029095
97.8116660950872,1414.6815542143609,2610.2042232655645,379.07721820450917,448.5755629376269,624.7942675762728
476.39831865184,1410.142475602403,2022.077301854414,363.6231082709306,546.9408875520121,466.9249282359332
386.8550289959687,982.6474718743636,1168.4721919284914,421.64457418530145,114.09099151827047,483.8509351114328
513.720065497551,1252.8681188534101,2272.58967940406,369.8965590925787,534.4773046410007,630.4385332989655
429.9941327822846,865.4065352898881,261.9618507514164,399.24825606943426,375.804756833931,293.9025031107042
558.3967180485187,362.12222968334555,1109.5793818255388,372.4402167171848,156.8848072356376,503.9371469825951
383.2983721192021,93.29319492983626,709.0784076692906,258.9694489281075,262.10698744106304,436.66013291805507
350.35608290490893,899.1516266251087,1244.6821509777712,572.9981946631369,670.7847769560312,1244.0079606042495
116.20699357651499,936.3100757608404,1044.8548365547092,485.95274734541835,266.1235078727884,422.2375448372568
408.3431485845298,414.9919823861738,183.96298795659726,376.29984593448006,175.30450830497148,482.55794222163524
569.7585525867,776.551661645442,915.7753365972419,342.1438790996256,308.64439023768506,294.104011225824
566.4918835995859,720.2074328435551,774.8741077532052,359.34269652766505,479.7394276070173,488.4299647717942
361.89870853789745,974.6944416357621,878.301711052644,309.54207352978705,368.7026023218332,322.83642986137943
569.4226075740875,510.3233620129743,1240.8910870207424,415.87486304703174,181.64281336389257,450.30449261418335
43.23000801307391,500.82512454745034,515.5579258295313,188.85776397997398,273.0245955348138,504.1257198871011
429.95858248355705,807.0821958294757,1440.0765148257099,420.366733143757,354.15875493768027,494.12452395146136
238.94747653647124,690.2655543910482,783.9079303923779,312.2637319130209,326.25410236105506,242.9529792088397
153.014044700817,1074.5622320936875,548.7009373984008,241.38950405587735,523.8954898001742,369.43452356908085
504.41362412135993,751.6714407112413,1633.1362690613396,26.945633531399437,510.81211793568025,575.0953628676413
516.7630323229276,180.85999803361295,1392.2803564943524,-86.28208768446649,215.18535763403054,712.0460746831295
437.88166417349066,1795.0286282505906,1575.53592803294,376.68629646471624,511.8151295813784,759.3253783254471
428.8040797290487,788.6744779042842,621.3169988513425,372.04455511909777,418.03374473200546,476.83122687678394
369.91275328597317,379.837350382107,-362.44224847816514,305.84754766298914,182.06630638425162,429.43702726773734
371.200271067491,319.2912196242914,610.925909335218,381.3005561822286,133.1964458018802,310.2712874042088
487.02849317038067,567.4207850486084,753.1069050335402,383.5371746093214,252.32000953550317,351.32942579098653
565.7860913074799,1182.7974233134364,1674.4171316614227,353.5403322672325,391.8750101051578,612.5176468690631
208.30901270132784,-31.597101747427928,1111.3621030926488,28.09848433555419,385.6773896261657,681.338595177448
547.0618465262489,601.7369323774153,1296.6923956635985,440.85857252673105,302.12533688283895,468.37413976281914
412.9147072882996,724.6784754889334,406.68012166423426,214.5541871238699,461.0370829799549,283.6961001314953
589.7188311339744,454.7315300308837,1295.7433660006734,363.6312217698184,283.27270824813843,501.70447539448116
389.9587167296869,1077.614239073255,185.31109620132833,354.00156436346214,565.4004398436632,346.03508859787894
145.7179762610511,-130.98001158170865,678.4848823274696,274.11539159656655,774.6436510221891,539.2449567909631
180.19378230879644,141.56717138458674,-72.64724500760298,1930.7362710633893,397.9888076256563,230.28325732025334
298.45713848942194,2627.99749777115,-340.33840267971055,2460.659036980916,875.3575670553361,179.02236523608036
180.98302430975932,2065.2080880014573,-351.9729119213279,2557.282688535328,764.7706150699912,338.577072754048
166.88372432976936,-147.0032031633412,-51.44531652580321,2051.8558358605064,609.2642842561431,268.90071862301266
226.0755322372623,1819.4117145120488,-403.05320290651383,2508.225439758485,967.6000854080013,393.92236538664804
97.62932839505049,108.34674293654945,-55.20446345227219,1939.1793224495204,511.93498725304215,260.41670886329075
186.74264722236583,-40.78297467720796,-367.3863700045565,2158.1424577624907,547.9112011111247,260.2016848026999
127.15588974994768,1672.8906556583065,-283.82247568491084,2098.2651758826055,527.8298698984985,44.02447641688275
267.7367342649744,3241.9170389997453,-246.98064596356542,2492.0645430445998,720.890480897864,233.45475715926938
262.72078173683985,2080.7572120450304,-402.15184580152106,2643.937965661603,680.3404510521085,385.2246287739384
272.5157294025745,3896.161849156333,-257.8359391063037,2483.5496626817726,983.6003182687892,157.9022593042332
103.32863054140645,-65.78717833655861,-262.8055879465214,2055.757533444463,807.4021337576387,396.19874971255786
101.76479069636287,391.01830250968715,-279.8907853075413,2209.4535409638743,411.0634354157391,256.3580602246892
211.5516936170146,1638.4300754968729,-352.0742962941638,2460.344062481954,754.4341028238621,130.72805259400533
126.21017564748658,2080.4791267045302,-132.75135908414626,2193.492885881497,912.7678753160479,343.7523552484331
238.4763902049098,1940.1161158137786,-322.1968530608675,2376.5628487105564,1055.3707245261962,281.25961419982025
209.28644558198985,936.3339198821809,-190.18159479992454,1897.2337490137143,531.5816592705617,289.8388808079538
278.35668202242755,2263.84807959668,-303.96517941046073,2542.468032836103,669.5197655015658,394.48276126978715
96.68673989491552,1286.9528702124053,-163.89262208170464,2121.743912142387,590.899286423395,204.79326002106615
250.35089981934604,3253.8632725907173,-372.29871295167857,2738.457785842797,808.0438378611748,175.69587619714912
191.6344758588336,460.91782970062036,-72.76422500775891,1840.714192472944,572.5838601684375,295.01102739202145
47.19984041751232,4883.237742090291,-343.6856383966947,2626.568573706677,318.5700703877149,401.33071896162517
258.19957426273754,2772.7629970471216,-255.70939166875124,2312.8339721830953,1240.895904992096,85.53336786496465
85.91736932512637,2377.8145140568795,-255.02805289176615,2412.8684552605787,811.4284319322795,367.96125346716894
117.14481544391492,1645.5463569740396,-372.3396481279216,2568.665164420736,921.810032176947,398.06286680823007
141.15528931926437,2045.2787100609692,-282.49582568539125,2327.731026936836,833.8348714677736,321.2267348615974
116.69634206571678,1943.6907286357211,-170.1785406250106,2086.515374793105,501.26691534442176,239.82412277139804
242.37407894759653,2281.4884471126106,-306.23701621882094,2400.209380190282,550.6001700241516,291.5878732592066
225.8878857824699,1978.2920875733982,-241.45772190696383,2294.735363109759,315.2210406988942,224.29143383878449
169.63506501133585,2384.3769370914415,-205.89625028533243,2244.7413644456974,687.0982285435706,319.99977580945307
376.82410436862017,2918.457560112317,-368.4301259817697,1958.1721507565794,1229.1981236878103,681.071449090289
227.74457736906876,2219.8903721513025,-405.98535940441207,2772.239026906097,669.6407467948102,413.73102022099266
176.83893485021272,1808.2737616566408,-213.39735389128882,2223.847639516418,679.4433505581128,272.064935667963
322.04282570349994,2289.0370333400497,-337.97849828361126,2563.7470667984194,1508.2080174309222,779.7749586507173
128.98213450739058,747.2040412110273,-342.84042336367577,2478.008022543931,1028.67122356468,297.2828238309355
281.6757705802338,1411.8969476276604,-405.89806065426177,2808.7404645608644,712.0336024457309,417.92326562397136
274.8278571706592,3890.806624645913,-232.52970187293698,2324.4872841618326,872.7677442412349,213.2914369581597
240.47370690438075,1256.3945997411508,-358.7670137885297,2321.152632195258,755.0150113959758,268.84082368430074
248.3232826832062,2788.187105035009,-241.39561154376332,2364.092172328743,631.2930068044444,249.40273898735376
297.92444681558584,1895.598328452989,-423.8283086701515,2671.6335289656504,809.9919823892852,354.30465857593424
300.1726870332319,3376.6824296001205,-339.09985873053813,2545.4999315856453,761.3365812882171,199.18445264939248
113.7836573024828,683.4999506997823,-239.10975211800536,2294.781587522301,765.0473185260938,374.4777929492845
136.3275233230015,1236.4143218189047,-139.02751393287633,2186.7682630319896,177.06914361679355,-13.242393264676878
254.38808567196267,29.325087736519265,-82.91079099818614,1862.0990715430994,566.1982495953548,303.6808449764904
181.3836046636973,272.8554328951567,-119.23055259674942,1825.640134360874,444.68737877866687,230.14187361637516
158.71366584039035,3057.2986383761636,-338.7633920362794,2732.040847623987,956.2960153580365,207.3353502261267
217.16848330895667,3419.199742401942,-243.82971183939483,2610.4559054887322,1202.9679374431646,265.9401358295491
114.31159456579383,2687.211258043172,-391.02157513642715,2336.039842778532,882.7605969404701,343.80876619373
304.88704166571426,3106.401570901199,-297.0469126778238,2636.359325328993,681.1777097467161,253.93720515484983
232.90758473910822,2287.1794667074946,-340.37784851842457,2660.2907886569483,581.2045153623731,431.23764056165976
220.875076407732,1608.6469665086183,-308.71799451713355,2115.460741631207,753.2127429102748,356.07681588454346
192.44927582453263,1510.9680634085692,-280.6485738432799,2327.870363244274,738.3668537410961,341.208633614982
33.53883753152928,2870.0077380201174,-324.9111788810968,2059.681627171846,403.958379476433,125.09967356088087
390.81734850070484,985.9773283334443,934.6327504631447,579.6560777486163,481.50803062281216,405.67500355580717
596.8421135194033,1361.4139832216456,436.0389408994039,647.654244870238,619.4396485515076,636.5764033714381
300.8383146836851,552.5681509083195,886.6632360220491,365.3445371247844,875.2680226387121,572.6659775856386
547.4114103377171,1479.0723828007422,322.5527328037234,341.89218010647363,823.5452319107359,520.8209713478547
190.97857517524983,1329.0092330087186,794.84814883402,499.5800326670613,673.1878286905854,572.4768078515214
514.4540133743318,1273.1065640519193,416.5237368796354,641.5088336584231,600.4203947207332,692.9117163935346
443.31017431269834,826.9155110531178,833.2939216418525,393.86022573108056,644.8919527554881,552.4282401292164
387.8286729801795,1119.9527394543477,636.040871628579,469.67933305565595,492.3411820568666,643.0490819677909
283.7736773889279,1167.5715373999958,418.37562978651124,613.9877210491516,558.8777722257519,731.2855201582929
420.8600978196306,1053.5509579641498,649.8376361158183,441.2259248568508,617.8845998792726,390.03584328987733
409.66107163599645,1138.2076858946386,338.6429244834685,541.3771629236003,530.3386973176424,799.3335898591934
471.5111604172861,1339.420406772192,376.69687465134587,562.5322463502516,661.9260945703625,774.8018784907965
402.6806081711518,1100.02684245406,673.5989614268003,512.1817950095683,451.43348996357633,699.4817066778105
408.94494729014025,1282.1843718327666,574.7515518970222,534.3605683076644,575.6736555665847,729.261776072303
642.757854152753,1472.6847218815328,649.0326853371897,438.8764430206947,658.9987870062172,464.8422396574691
275.0378042531217,1309.9711182978267,817.5215416866155,462.59954906370405,696.8137760403943,364.434130518184
274.0820641295518,1657.6889043576846,713.6524844317611,493.6165728385528,831.4652293285153,144.5037791005098
500.33541219475364,1497.1759687653998,1057.5682786690495,379.95800878505787,477.7231965607061,409.4600646062628
448.4912384748278,1317.3878812760818,312.5323511745887,603.6311011233756,551.4802037025596,757.9621822203296
380.3441154099414,1437.432210057181,195.78106570726936,599.3407887388721,554.1219251798635,533.7211840622354
340.59303926252926,1013.2503044709156,758.3695714191381,491.1303324025342,560.5113922545007,735.7361822747471
530.1098538081109,1688.7449196626349,873.4901149555031,548.8084583727264,910.3414822832932,581.8536451381854
458.9597744741925,1063.0938110400946,398.8469368047496,473.0714319432266,557.157568775505,686.7897381808411
252.50015036650436,1278.8031276806992,966.4178085555284,416.9039724318157,590.7011829614597,758.3997705037534
362.5422261891591,1013.7417985364814,809.3184696523501,528.4720030561541,539.8144119970506,731.9911217478854
528.5686582726591,1754.5540263830685,223.19996265624195,588.2350160105284,778.9615393016282,704.471588931414
75.21380413823377,601.9470795259149,527.9636447606085,349.25851341884305,483.69587756698854,715.004782012711
630.4167815026171,1232.3668606588865,486.129564546462,336.29502344307235,674.6271028478828,469.20416763609614
408.7479264908852,1316.4011143132843,491.0520371890725,565.1479405452119,567.0107972313112,745.8293447875832
380.4116578048493,898.345957868778,964.843964467905,427.9288269285958,538.8772101146103,426.15890298732074
424.9501999863073,974.0775397596917,139.3933190825186,571.4658570023332,324.3223033520531,1036.7227002923569
622.501182136341,1511.605355973922,510.0384413735585,562.0353934781547,622.8178725958434,942.1660217573425
513.1273969227323,1185.0618204277469,381.0167874601859,569.9175471330234,611.0241897426978,615.5631684476946
454.8646548713144,829.3776241033067,958.3727731558055,414.0571894389158,588.2306846547069,507.1016198472753
477.6264263093833,1898.161964845679,182.57755333997,632.4514408674092,692.7703668570077,727.8736434898168
367.66487096482854,1130.5539707021073,752.2179092331551,533.8445377097344,519.1894914732375,609.1439194497149
401.92363711039957,1276.882073592772,638.5609039984348,542.9731899809619,715.6649044055719,416.66055829627794
225.7807159971299,1345.276815908305,678.1175712118771,422.15254478117896,658.6232829659655,433.8668320032467
354.6921870181469,1729.0760112334685,865.7565934710875,459.7141160101016,791.8892016174449,592.1788177058689
458.5092640070984,674.2650208355471,503.68393954032604,456.26682629732403,407.63865038110737,388.65423841367965
484.69081299417826,880.6125035676739,995.4622281814965,413.4210675176984,695.2753368920801,620.057858220394
226.7823980367613,1411.6767303748043,410.3423786452771,494.6583014375205,663.9950985108115,541.9010687094585
569.01772085003,1251.8127834301727,202.01463661209755,349.39631080121984,471.6150143677494,551.26576406037
433.9238884962342,1020.6408324533711,256.9616211873166,507.609060106302,589.6709156065388,720.5259167129796
356.2265341296004,1199.2505139025677,538.789977294756,518.891065430849,608.957354090054,635.9086844784225
389.60930267888887,1391.8846318143117,462.2310886527114,582.0603578017469,677.1619643932784,617.0681082180828
574.0733473020459,1307.3087363843117,701.0861992954091,456.1744574607356,623.5059937971366,609.4988636123497
273.2117203703673,1344.0078982123273,339.7290667602774,676.5432794432454,906.6290888222267,582.170274846958
268.05398531211324,1937.0880195278164,915.8038622108786,450.5738562296812,801.3619534898297,1510.424988824203
569.7264567328888,1322.720397012365,406.87144068538987,436.54699752943253,755.5826438166622,469.43546074208973
341.1890628433182,1351.0511290120742,452.42993150450684,574.494444936237,662.1304652748514,494.1628904736441
575.4412082570323,1155.966890930171,730.6064888759896,403.13895445372276,663.8213794715415,498.29202496196035
415.8667464361147,589.2974355607628,717.8178709770267,325.5178821476098,433.14614903755137,560.9495258882821
520.7042019557431,1378.1807396212787,147.83090864843996,672.551985976434,492.17763382088026,730.8999973469557
200.3158085827893,1835.905707510276,699.9365421366267,615.858074239248,850.6911368584089,1275.0004709386235
434.2926379916844,1012.476751984186,576.5065921902191,492.8128880533471,655.2790968137406,295.6337691970965
366.2807528584434,868.0579294280699,395.377475823126,501.8506607463518,454.83055666624114,886.5094585730511
332.48391837115946,1040.2052264232113,676.8749503808896,467.3058072073604,323.16006837240406,497.7028373249275
495.5221897109127,1204.4794845463161,649.1458855316471,463.33154168418906,649.2991789943188,646.0601329548078
331.71956475648443,1320.2472388621666,791.92972373173,483.9909988095239,660.8365432779431,504.5878675256523
431.01952830974085,891.2580897924245,715.1516520067438,562.4517663332563,969.4920730032205,290.704748652091
463.378878395446,1792.7679235043881,1154.9848434524897,618.9403104324026,726.3478942334633,625.1359563338829
379.6330966716937,1668.999033166324,150.84111097378673,660.5974021568684,646.2396888940771,654.3669388664181
254.80711270672464,1519.9952530361777,649.9495530138207,538.4897037778476,695.6811291311759,520.3375794999047
495.14939896134774,970.1022135639957,849.9366122116062,542.9062043615338,505.6782990267783,791.7225575317032
352.7986082448964,717.9119074774069,426.10639341930164,458.5221800296799,385.5812661202613,238.94652648690337
644.4666981205411,1356.7829527934834,578.1110826733621,430.1675811103955,748.5631675978093,604.4400387307028
415.6288999364583,1072.1169766854277,334.79615553666247,566.4714041735213,581.0191024305465,744.5111190583082
517.8559933552957,1370.2460219051839,296.0457239963789,625.8232696196878,609.3078064869263,622.9437420092405
695.9770474297006,1510.7709278682858,515.341801941133,459.86932456872097,798.044783123256,586.5183816608896
425.1415985256874,935.7746874902946,676.1614492291108,482.0394384374768,467.289049708309,777.7955225331499
490.65478811051594,1620.4405957965457,843.4763557561467,557.1376711062844,699.228815140049,773.3017878264423
414.8442898997806,806.275543857186,632.3751786062819,442.22684120224613,495.31450507183035,437.36080009362774
440.1932937636441,633.6339477317023,877.6741235933576,551.046451762603,712.6430196264441,192.52851748023068
528.9776126644891,1315.218677398652,16.522906995851827,604.9746491435812,610.1413593306333,253.98017604415637
673.906341104239,1372.9165683049491,945.7497376680661,445.14490798025184,681.1196179263529,598.9194608567834
623.6732979006753,1339.490745741484,788.2689257211197,394.120036558065,555.3438672367072,479.43141110669865
467.1823434616849,1736.032017239088,557.0545815108171,391.3053558653109,869.4400323875249,223.47129263197036
476.8992645527604,1324.119809737,1101.1657506278666,451.56512295286103,672.7016041942517,435.6365359523521
387.6769436962318,1193.203293792526,654.51241164251,537.6865865546758,596.6798174179448,621.6568784086147
351.69022049286764,1371.5016224394656,249.72278295641195,651.5666041657232,583.7028690113333,743.1886150530856
204.87303846760028,948.6587454259843,385.4256349615305,450.4040155993918,486.5319412451503,658.144875137023
188.3026549203926,974.4730666408952,109.04773149973437,433.1994269548265,341.8205065955657,822.019629765768
282.3985557346195,945.4752490070273,768.6749490952008,445.4732728864996,580.5144862529454,366.91181314029006
655.3782566387796,1022.4082072013882,719.177693881646,384.25718382935435,647.2829484120432,577.9589850744817
487.7255511424012,1553.1549635398899,143.66882902154418,561.8124376242122,675.5136214493803,486.0230964804256
391.4951263603549,1631.103247220864,257.8679021343627,631.1305741800406,678.1315965796884,647.5017184157532
576.933889589321,1271.4570784519894,387.20316417802985,561.4962685332089,698.6163890783015,417.4237489986781
148.61527958492206,773.0146813049134,661.3384430439311,560.3135376396592,47.638752330869494,429.73278963245787
373.95621998539167,2921.9586734759696,416.8703601794666,1230.8770258616319,43.368754688055105,364.65831020409405
258.60419505789093,864.714869242853,537.4463779610257,649.276270970496,22.8328854058432,177.02879442974216
249.78829497365444,5866.787216536691,115.42363732027405,1736.7783970674209,254.1328387610335,462.1498312530211
316.43297365463775,881.5366318664926,280.9671294869505,1522.3434842047786,47.729032187301726,407.3881154941775
356.75403187425695,2463.159081599426,981.090114291852,1349.2776706776158,142.5358080906464,416.56278358469797
234.4995869925271,2050.8363173303705,129.91258403142297,1189.5762801678939,28.842535301733818,162.79923277149834
425.7585650603454,2535.4929903225852,782.0250603574467,1217.23803480864,43.26010538043886,404.0250700463682
161.22939402627088,2428.2288597514644,189.49723288159635,974.9112927188894,31.19444566002909,449.55924017348667
189.65732043157823,2597.0425453578305,828.2682152940614,1001.7575023438978,85.15676168623827,117.2679768952414
107.90148550540395,948.3694804035713,402.40499391206527,537.8174595476578,52.040397472962184,385.8359629513835
132.22546394857017,2105.870741507111,373.9724630594932,781.1228571509771,-54.67557151337452,207.11300729119503
277.9458300808954,5920.110467394387,1779.2519992314187,1340.6268869689627,437.24306644718536,904.2621908977055
424.61788698598787,1214.5526375893305,83.25363669864566,895.4937289661648,-32.17262501123362,348.9071514086677
315.20198448923924,808.1423749234057,284.3157152922448,737.2782286553575,31.556719972514657,196.20001641591017
246.82391369654312,4920.40449827872,301.609937441203,1253.6937342491085,190.63653660085225,1060.2642940203946
282.9964263378786,713.0360973362233,-60.060851691556536,1520.4474627902318,-19.632413366906164,511.95098649404474
334.61589802216264,932.3531646997246,2345.578908224999,646.693730593792,58.70597620479282,200.78566452756004
340.14826250363075,2080.444217156421,1782.6679071200065,867.0244345934236,229.3844480051652,613.4126731808493
306.36100329280197,2078.1036741533417,146.49050678551845,1233.7941374299999,93.46917020770016,399.18428311127326
140.85501013022696,807.1136375545982,763.8019752495987,526.5279658085497,41.316883638856496,289.7169087485288
232.9399992937743,1372.3733085599708,193.27045486550992,1179.4371641778891,175.32915210589056,427.1154747956267
65.94843537311296,5502.985720412495,794.2404330823182,1249.7358670057606,245.39154765493356,691.3516676478689
333.06145495103397,1856.3576440926342,914.3756369902625,1109.2951179448926,-43.89568634501205,368.70015193601864
302.19654926171614,1553.1637467903963,472.07573889894616,916.6577671486691,19.883034539541967,405.0046919184783
241.666592145383,2167.146633047449,220.72825680012124,915.9883342574353,15.389678823266934,468.98593738810297
223.63950345407437,1683.3110963792576,641.0200934271134,1218.1184983187516,-39.604016417978016,345.04137094314723
440.44173115731087,17578.18532148264,355.08521518708403,1477.3882750515625,166.8852735841008,1570.6722825441414
262.6243987492169,2014.6558016580664,887.7107875651321,1856.4062383952473,111.84955308774408,542.1243193957108
185.92730935154526,10105.059480216338,76.34960423607413,1389.791137172281,167.75975926358626,615.7309871828064
89.39041852178634,2465.9072840895387,4775.2234571853505,574.2877173800503,-22.34215273715202,203.84621186922757
140.83111160514665,2158.753202353131,254.60057997136528,683.160365846383,-4.264542055403609,217.98081123434807
246.03204223219421,3247.472796743587,2873.8313832274725,1840.4843390140868,34.144573984791094,592.9848010472399
226.05537807179007,2110.612299651202,18.113547978513907,1347.7793461595643,17.738753769866065,242.18335841675213
175.29202625332522,1355.184061149929,132.45942836040723,544.585840324092,114.37233602128853,342.8786768784117
180.56951039479196,1771.0085531534385,434.3426151319494,1201.0876340375362,79.74321083850742,492.12569495412805
294.57780833404195,1538.3078385121344,575.7789809029523,1132.8499172924955,40.07619152246474,373.54591002169786
246.13341058773688,2024.8104848867522,57.45171094914019,1140.0008459590665,7.108712577950598,370.8463673491042
151.14741217716653,2747.176249197082,861.5516211279402,583.5873862913706,-36.06413125557107,417.69111889922533
399.15028691208124,1178.724311689695,674.4808308263845,804.5714655182751,53.549944642120636,570.5511506740071
280.2184879508613,1159.8551594330033,941.4575933004861,994.152509405837,11.670085282607147,263.7892257152005
283.25455584580436,703.0615639029429,923.2229331059704,1170.8460049803496,-26.33167628059644,323.33120457763806
93.2572194026399,2392.578469753699,301.91759783117584,1394.4174867541326,38.44916504074777,169.18526187078982
449.64648769195185,1921.21863816968,127.64124651674092,994.6911455145632,34.924805219594674,278.09800983110785
243.76475630528165,1157.171997301249,390.50101658430015,643.4863083739456,-57.66267707642251,173.1463768711089
176.30794264969973,2033.436814398133,399.51537135910144,673.9165707083216,7.1796082205751475,280.504553158106
279.2218612630958,4900.19112225151,298.90652825984535,1239.7667253918553,121.10035789771916,516.1814912705479
227.5970491050394,1773.00342977442,37.07426276013797,1213.8958845349687,-60.530557361764366,557.1400318597041
338.0084826398233,801.5955182864052,698.9437654413044,638.6970590842145,10.159023597392547,184.64641230160194
182.46857261652121,1253.116085933304,892.17519750141,911.2352160053351,4.842722321432035,189.36573036983748
194.9122880978975,4372.662954154959,1374.1385064345654,679.6756867242539,413.90134494840663,236.9793396428676
301.59670093300224,661.6467480970825,65.87129544786723,1101.6634330455602,-6.136162128904942,257.80708473444247
329.4101194715994,1071.8266239214258,190.99321336540334,805.4299580398363,-3.390461306487339,333.5662878068715
110.4725606655142,2218.7054006506874,967.922293128643,722.1518409054604,114.24449834760742,124.28987599608764
358.7119955062881,2099.285589035253,839.3499772909464,963.6829340845663,25.654518308941164,356.65894194855116
143.5103439313213,2321.630056447044,528.6171833547057,655.6256742936873,329.7417272049424,200.31822751456733
210.7005496217567,920.0997570219301,426.9804038444207,895.1013955031056,31.609238159014183,265.12262847061976
266.34816690167594,1192.140265633084,730.1044118021356,663.7886423462819,194.16143096018038,190.24054780971866
331.84729689527217,1386.4517904546835,699.6777740160659,933.526943611362,20.16148376295223,301.37275325748215
350.2136711575174,953.5957362406743,1076.0889587475526,999.5307694965472,31.02371436654869,222.73659632030376
175.72843368584228,2436.4878141186528,-166.32148546110784,619.6546342542297,-16.847726494487787,237.78853294828482
271.1806181559229,2369.533599556861,954.0643761087346,742.5079932043745,-8.467663967743675,142.57593762120882
245.6468941264087,1087.0416112670073,613.838451480778,765.2182042451491,-39.37542584125616,317.68793780155585
376.66870140533086,2404.134622910593,333.2374280513153,629.3870994502772,56.11695499740887,311.48475338258334
151.17992287681682,8448.675583632195,115.89831265934095,1230.3217649062342,186.18263685834847,1157.5643655420467
351.56274780607254,1599.971041699101,1929.465980832873,922.9331254623373,85.81679857966864,146.91123308488025
160.41864485180832,892.1438312904686,1164.3632655962788,787.3400852384007,-26.12991955888907,142.13957416439456
277.9931746389863,3134.4969993836,2920.8841390769444,566.2656905738929,209.8993489225551,204.20358646280548
343.26323310885095,2576.5543478084523,179.36666813003762,1154.0374749256266,21.835868347723732,302.9973416428711
255.11323673298307,5581.198053218755,1961.2329009592913,1710.1753966336664,502.9510169993654,733.9003979997735
222.64352459650996,1843.7888846963908,-8.468774779211401,1946.9661050008426,22.208141694747837,522.6589286196306
268.3295915173544,896.5403941395971,355.93590785627305,755.9104873315573,37.51513098560659,228.51724759778173
336.9295951689254,1988.613556337806,632.5618236729941,695.1733546511148,151.0092842638943,207.1563764540289
348.349816838171,1053.9703833659332,950.1153971179307,860.305560399928,16.022974519495307,146.2680061046633
369.46344456540936,2244.3329664412445,116.12010495510697,1106.5025523527052,117.6998627083953,379.7705595134063
314.10740397867266,1600.798944479117,449.7800386435574,1236.3058826290821,8.072390168792936,447.8216337715472
114.19201634581857,2097.4266135414637,1393.4779148736452,1210.9387851122294,67.53977533609284,334.19689627899635
742.1271684702753,1952.3833281537923,59.28595227550511,480.5221500935602,736.1983884902968,988.9598730941021
534.0183352757838,736.7233138884919,31385.121206474974,1027.3095953374354,281.5628581540625,1118.039015135255
445.1552890262442,1617.5807791554894,42091.26297580861,746.4707888223488,296.67899031086085,995.992162213033
109.44013591345777,381.0604793514294,106175.91975700196,2093.1318587280766,224.96120936785246,350.75188702263426
864.8975140753653,1768.5552334845052,45502.64948910111,1233.6535696813082,289.1351246745598,1378.0829753033681
280.0516747180724,1355.3818765925926,42288.990618317024,896.720168705471,233.0998300351788,492.87246140637956
703.5351658655566,2558.0311179532746,190.29588327544116,107.41436209543991,677.2942270937331,828.4827281248897
123.10708710119496,311.0429438352079,77137.91012944901,1475.2266555016554,55.875807526390076,688.706595928903
738.4879875121262,2632.5746241968995,2696.6348008716673,161.45788035553602,624.2417671061821,939.3019319079846
525.8084540189993,170.30024518660292,28600.37194652402,751.8156479442553,366.2357752784327,1188.797032675825
59.95867080929921,1301.112394823449,1228.8801787087446,370.13566369389395,526.3456890674411,1155.7156162163997
230.65117682880262,1283.403446726335,732.4650483698937,100.94444304131463,888.2410598380682,291.0834045658728
478.0953752557166,2920.9498278069736,122.39288051878782,189.36870716888922,723.9548290201228,485.59380064079096
250.77851411074423,464.30009232963107,20771.57051993693,363.6269000356446,390.2876358503523,389.59085981162093
495.748038370789,851.9180593960804,11205.046426051002,751.0297124638557,481.59594020124115,524.1513041146587
910.2859766900837,2544.1114695743895,2104.2681055847074,282.90322235494665,611.133609082297,1480.32029128183
540.5464962022759,896.7811105194613,28565.626890340358,1028.7329911154702,390.92105401170073,798.3734989734984
796.1635185442067,2165.104586843334,3139.996782227973,154.67701277263296,476.02035141765526,1296.0751467726514
579.7279378335026,535.0747108447349,647.4029589704077,111.38228476841886,792.2864375967874,270.7401019648454
673.2091056554511,1368.8011243912129,35281.101742923354,980.4874186002753,335.6746231387824,1285.9727511784122
78.94124364230544,286.3272442193746,54354.275849489575,1928.6123182067597,223.59477063793793,902.3636332929486
780.3081425337599,1761.3609594659515,31947.91180098817,1277.556188675784,301.0519736466611,934.7293854731952
653.1486251739204,2335.7416250827055,-11.91446911559882,427.15765741596323,699.0220528590969,1320.5063951080767
463.3911340780645,2119.0967707112,33428.40194713283,887.6494899104437,310.0938199727515,1099.4014360806932
181.7000111104784,3874.242997693268,1682.220218135606,278.83588736157634,637.8854567704934,1342.048181592216
607.5510766021325,1082.2547647196175,27793.146893308185,608.9261438006201,295.5012882997749,1034.353170253842
795.3760873809077,2596.1349196361,78969.45843431242,3655.4614176981077,222.58757630337885,1508.118544209729
195.78888250505784,1245.8542348401847,2779.596961449887,397.18009368582244,531.3953278675253,450.0463568690809
121.29330887390682,132.37567471715914,38115.29877731028,2171.722306414599,251.598431208153,1348.7255223621705
347.6153419113863,2985.7848549978826,2824.32308233904,528.060681755916,611.8782260744583,1066.1584573356104
427.0101238335251,1281.0143856100085,1434.3988994676702,262.4122932637888,783.4367044385456,559.671200226766
431.05342788518215,1134.4511834313876,1229.02708495665,250.02313543175433,792.9529189573732,559.525821278293
208.62977397880778,587.3616528765231,5289.541017809243,394.6061528040212,518.2151719176829,351.8641748021624
541.3097552105406,1575.841559697435,41078.80740483628,867.0565395611388,302.3514603371701,1116.4705753631313
165.99455598670332,563.8622049361213,1286.899532951165,138.32460531448197,722.9894438249253,237.70653073251756
495.2595883776721,1905.1943063246345,48888.16938026433,1097.4655711856326,297.7495466928975,938.3690945606631
469.61870785981546,480.2205346987631,561.2666513052517,296.25954038241167,584.5964112904098,405.3446525888269
325.9239745429261,790.505769729026,694.9832996483223,299.5856366845541,514.9019674073195,259.2148738325651
211.05627504967623,975.2585455737519,193.73214077837622,271.96147402767593,769.6924743250001,34.95245524743825
286.0635547160063,567.8344017835215,985.6866878596719,276.9911069083716,514.8336166318982,266.8697807989919
201.6819477024977,836.5583325579357,565.3218777325825,162.9676423740031,419.4364347655684,429.1109585006957
560.2133796101599,472.5850198766865,1273.3937174503571,257.457201160603,523.8157393023732,717.0721253469774
250.72903097196482,1124.9818423807776,695.8652932588406,190.43319385776027,833.4821349250892,388.3842368182344
214.35208370581066,708.1534231696978,604.5801907616159,160.86347237913532,819.4428933751861,254.95777341551553
449.1725526545723,658.7230114116312,1412.996391673501,319.74398868478335,367.7872959718753,251.4210986450168
183.60504201958224,887.5399406326571,272.4845553789196,263.70763048349403,718.7670603418271,227.96083754502658
332.7191979466951,1130.1434729148737,217.1245293259102,158.30307464571723,849.286374575132,404.31152606782405
309.6934303187237,795.7526424947157,563.4607400101319,118.86504484638357,655.6777653851907,255.99069752451413
432.987537580447,564.0290886418773,695.1008371044635,140.63691595179438,549.230648639775,192.37422469110408
502.4439651270378,826.8912409626389,920.609540381607,170.21541374477562,679.3831967732772,487.90062805467244
672.9541864863376,1077.8480755334576,1631.6263910370021,293.1471428907717,533.7045679136627,723.8815775907858
199.04810436931592,1375.7119415971515,188.77347058374949,250.4059565711221,966.243104158245,339.37762253097355
408.89861111173286,1011.9934533895237,380.33896125485137,173.27676169407624,798.3238430856323,416.0937204320079
332.19441191488704,864.8434897075612,618.1364492047436,229.12540942132654,1304.32185497312,276.63241989031286
493.1975265954969,687.7931523674954,1038.1109664554115,205.0923670883464,641.1547206308749,504.4237536949944
289.7444781743044,859.3237696243228,514.6273230803072,158.67812817940518,649.6471972189672,368.7407753311487
499.6793356925707,626.5180857038691,963.2033071037712,346.77585770950526,656.4529398628837,864.1858325006701
514.69761527716,688.1538632320669,430.7178951017088,345.8804551720107,556.4298042701791,372.10152006287103
573.5391347738663,1171.6119474612772,1712.2703179512937,308.5038603223392,424.0005042950702,649.0866634386886
275.6837573300097,1161.5946932800045,358.4371591947412,139.78842420116945,756.3199295689343,396.21998114202165
261.100832464954,827.1859128222703,895.7846123521421,156.49024707075813,557.4115830614282,402.3420283416448
374.2103445929348,541.2122422897838,724.0112830817651,190.9297967993645,602.3877593646858,267.8133446611238
248.9687097230191,1134.001825267873,124.98789815918633,147.65523870012515,285.80638700132744,495.6135355042869
615.6012647380616,783.224037971529,464.1527634126038,274.90908260749615,532.6754178583994,389.9914264582783
390.9621659562961,700.2271169414587,301.3889650277122,292.03662373490516,585.9536260545764,418.8769949965314
375.3102147197652,531.8349129450462,943.6528824212331,259.0673053106595,675.504656652415,351.7177941621961
447.0974394324105,565.905269814396,892.9804183477144,225.14973681018995,631.1499942346658,326.2564743990639
193.7348778325395,1012.3727705362294,668.9973449580554,224.2453798122371,758.8147075365729,403.4671804202094
142.0555865322171,451.9983856998634,543.5404548466992,160.86110888187824,844.1068616429051,341.5447954202674
238.7623830572447,548.4702792494686,709.8313394654796,167.17858911888726,387.9266726196288,358.8344030163856
285.0809782372597,738.4739241838068,704.4926842810922,104.87086110305,732.3385226955219,404.5309738152266
361.0229082493262,841.831622530696,1030.0008475034688,307.3305405222413,506.92907191885354,675.9736985898679
147.5171957914008,975.4239323311504,517.6356085569182,158.44116769104534,766.8238446212168,344.69008651431795
590.9911529331416,1003.6944150623115,836.8028302987153,329.7580398513856,555.5003253151679,638.0920451182243
246.3886924514592,819.7985980476133,385.24805400198306,228.89605881505537,137.64832729365543,526.360890712909
429.2363344160076,849.8186801719335,951.127268321772,154.3622023661364,755.7750012795851,382.27310521294316
283.945706395481,855.0827546598887,917.1362579573832,174.8663727232733,791.2343902783691,310.0642003521703
368.70357127101306,1042.453659440713,164.2163604303247,125.97735097139383,801.1392779229759,356.4763242051051
307.07182100668217,1099.8328144275235,445.1091388262454,258.1737574900347,702.312554752324,346.80093103018754
455.29337439905385,766.5121660662365,697.7957706549311,239.727657041158,608.4699121561998,493.8934672164653
398.52922249822643,690.575850551067,1116.312679243947,129.6812516200693,554.6591068426739,331.7624612004455
582.0047125308577,905.6776072526566,1396.3694931825012,349.1124475363384,477.41005904246504,500.0356678649189
544.9370281900216,702.9125434840824,372.41876324391967,283.83842745096246,655.5122646041676,115.0889372172893
578.9772648537236,795.524938840827,346.8492229519427,277.1328652783214,497.7827855560806,483.36987176293314
258.32450074412145,756.5652098176594,355.04815178347894,245.7395311744081,532.6504662536397,519.2156240377716
480.79149145980966,695.5172075912454,474.2493041478291,302.4046411291859,510.38377872095396,282.19111495148235
678.5253279352356,1090.775728785873,1628.1392367949152,334.3884568149869,327.7022867543542,652.0342559626743
438.72170825627893,1068.5794126475134,448.47540811234774,218.96275151168874,887.568654766855,491.29045392976275
207.42915897804718,324.14284268634106,219.65743716134978,58.382882818704445,607.0145075673967,91.207511855328
541.0533421117053,422.3610456528461,1239.1817188134128,120.88605106491269,436.26131433816124,449.3213816385746
481.3195537253496,641.7146373898971,295.8179730263588,293.43450837684605,478.30299067994497,311.35214897474475
269.57396241919906,810.6168656861082,708.2674167932174,117.56098833462153,900.3183283329889,269.01726184423933
280.0654538409151,628.6985965348971,321.5840709831492,86.04742900998116,719.4901615403726,224.45530309925704
280.57639905895917,945.1030799904229,133.49475469976983,154.47238817357942,789.6821551721607,306.8382386688522
249.03386367380105,454.33602315274584,467.1035984200073,120.40350742386732,1106.5450333744757,519.3118428050941
638.1597704314643,821.4845906041671,723.3860701933373,268.7727838012825,610.4873082952383,414.070249775026
365.96278568561536,1252.1734502371246,597.1131372210874,221.74939149319601,369.9520251094701,356.53149855040056
605.2272091034666,1003.7754151431271,512.059866081755,127.84429755451885,672.3918642680286,289.86375043854514
289.2856769888695,608.3398853552395,780.8299046393878,267.2811132514735,562.2006177422983,251.57606058438384
234.2829306531709,1159.4419089755604,72.0439937017369,174.13687476772105,796.0792938594624,398.94462122899677
241.90255933821368,685.8167630440723,824.7748630076538,187.39125189735415,702.0374670308694,305.50282205727615
280.0851985867498,665.0741703878863,843.2108025864242,165.64456589407558,814.0763579149509,350.04604563152907
540.6085675254047,738.2195552431933,888.562764951337,292.6503065625183,438.79663285202616,567.8362165435002
500.03900856991515,1203.574835354593,269.1562753897929,144.60008443588293,505.15414552702987,590.3910727620928
264.14869653789617,1032.1294477577426,1371.2685393579177,201.980635627553,499.715566406907,665.5434171139852
535.0831805615061,917.142402949202,1602.1450169340687,195.03359746615155,490.47940314613754,679.3551759988253
599.0822747858232,1384.6387117321726,792.6686452454368,381.6657423677877,639.3533053818649,651.7098135340832
480.00141298529263,967.7228315028628,1711.4333256874002,215.61600224061493,554.9131957943536,643.7348835070364
395.9098986077046,1122.2957937015485,261.4075078458514,315.64695162536594,86.96759779489915,311.3372602052782
128.45451702264745,1347.8625700166015,129.53011611886706,367.6909228189351,203.04996014143603,137.03592314340494
451.9516101850728,866.0526081297454,1163.493642400745,696.9820421583809,11.453711474183194,487.4090155085231
321.59555307674947,432.75869568844183,493.17396900489206,266.50748149985515,145.90143819884582,204.59226375318227
631.7886608426486,491.725326591328,1463.4009821682275,648.8849347707267,53.31964794170045,516.1561819872273
304.4382617198733,557.8650806711086,553.2455911908388,667.7078293980319,242.9376274860841,460.15823920742287
-15.032132127924086,381.1532316182138,1925.5730162800505,631.6514049862949,-36.12245089725718,561.7198693904863
44.33990889346643,358.64376602443133,-101.00030945576145,592.1479840472848,-68.67042675164119,127.87376369384432
362.5926614810449,1792.4751348842285,904.2864127397386,488.11899302852527,173.5614238160926,686.1501952344258
141.44081273697583,738.2939783794762,1275.3805761055196,725.0598872052965,28.747436603339764,558.9197335603548
357.28733981024726,1225.6673735200184,376.02205726301764,367.26567658776804,484.57424195063487,229.2172040611238
327.0981500460868,772.3063937468887,580.9980039816239,365.04884701356247,167.07583362391887,648.3090114659999
418.81170362046,1059.6624280469357,340.49394291057337,427.1634851989457,385.62521390983886,561.7579988263034
118.72874938850599,1722.8125363030315,556.3439181668282,224.1783635426786,293.2854987905371,602.719596929547
331.2401879034778,416.18285426262776,622.6707990079657,634.7247079092399,17.189139581521914,399.19631220439294
507.7363858680652,820.4940375976057,130.19786640996546,508.22816917545,400.98056128935707,345.76158147274725
395.86282228887217,748.4361132857669,347.05841877259473,437.33763196118986,272.5312521976251,339.05373419751936
353.61166040174044,721.8357249220442,360.2473527851872,747.0882138336926,84.17006588362108,575.20385872444
317.08451764555286,611.3909847093316,257.13416786466206,272.15897033566245,93.82874416619188,585.0603109537886
142.50155142871546,1355.742609391013,195.76646326590986,328.7307217335736,120.1617776001101,499.2448155798054
93.14530433858654,681.0778742388923,233.99897451462112,165.64299032362254,301.5286328678728,455.72028924036965
411.86806192618883,688.2342051466878,625.4158518261577,464.78863964119586,147.35733670565241,648.7603159533427
407.05376095816484,442.9572596517715,-206.26561098495966,217.80921838984665,152.42020946137433,852.4264143801007
10.625095035823804,786.092263244263,67.69187493371118,323.3972677091867,16.365321383836175,-4.926038316723606
152.59829273086518,553.0007863238775,1167.4491289405091,699.4153610548121,37.36765109432457,11.342684099477793
122.47261910625447,509.4731589469929,456.1910363138615,365.53726701774013,185.33909780326414,420.3217534706
368.03456246803034,438.7080930213273,281.68430252256564,715.0213410845183,-16.95114952411602,136.63616358693022
292.07580775598433,1052.214556035256,-56.837791070399476,322.3327326819421,440.09488003137136,461.05995869213564
377.9927725644964,770.851375842275,490.0442785521438,335.99234775210806,242.38635108493338,471.96645391814457
174.44886273284305,431.1609131110377,-35.1138290625712,383.5978154362114,201.8631161959342,407.87532432614137
291.8527562502842,865.0436524211736,302.0013973881674,446.5684677156915,340.7582541779055,566.9988601999589
379.3835132034355,1090.6141106442647,432.1409710562571,328.63592400391707,60.46621055420928,458.61635447531944
181.64090417626704,598.3533530686229,448.52810057281414,257.94845735376583,59.31603313788145,408.73879878555135
200.95538384346207,1243.4173264928809,241.11610717635727,391.41253066556004,295.4490230789969,427.66645049873216
642.1420651593643,907.4411859005554,385.22991192775083,436.77539672601364,402.16993929362053,639.8278411255849
394.0835006920287,977.4294205046206,596.7543214424438,450.86884123899557,163.8676035865704,346.3274544598378
250.86718694992896,763.1675368217091,308.08875681052695,207.82418027083412,184.88538389684425,454.28624568201076
594.5431283920456,1703.081370028964,283.425800854496,458.1561923888701,163.63196352433857,398.18886869930736
316.89484138718564,933.8864054035125,242.13198427620313,179.72613149499756,81.3088865357675,681.2573070045362
545.182520778197,672.6368884838673,148.89580775871394,228.90425785907286,2.867733607070818,712.401959091511
434.70744902866977,525.032646032995,199.16636596896552,316.24089373799194,57.09520608766343,767.3845656260632
74.2536449251002,659.508387344038,-173.94883775597958,230.50694939513807,114.61462311279968,341.80506929094076
434.50919501174803,1298.1615221371585,715.2412947778303,480.2812141401376,105.68258603000686,585.300226185622
235.17970148744365,470.5715392438182,144.31515593178932,308.65511308326955,126.30204058275058,438.77018530245425
291.0618527834377,739.6323538151473,1028.6152291720161,451.5859500188473,185.53712432596018,487.3702187658703
337.03451920934657,309.4404122046448,300.6269058784647,290.2199840737075,93.09495897741022,551.4696585061739
244.77060628197265,1059.1537289823982,63.95414561685641,2152.9929641979757,482.09990415430224,322.8423743106631
313.7036495718106,1526.7403632060677,-6.464776193568696,2157.4373603729077,455.3996621262614,218.840007232419
122.81957453888026,3691.682605153296,245.81482902441337,1599.3075470529616,556.3097491537003,74.35010226005124
501.0224253269736,1045.474311023535,-63.69376005971833,1915.672192618059,441.46876869793994,214.60294587464696
198.20910925642832,2664.817559213143,-131.1618670811621,2086.8076972402123,948.3825107031063,231.702435192548
282.08840209102584,2522.099821822705,-196.04974321085467,2473.9813849476927,857.2385295017008,193.69098858433432
204.4674490634272,1395.892952884421,27.583958736098737,2077.736323427485,412.76972873469737,280.15798584807095
334.39412725015995,3644.962668508372,-9.946996718072796,2293.361236840838,669.8627411041496,211.24929636570494
115.46390559922924,2747.219209489189,-99.47197490836868,1717.7243970482004,593.1907842668919,346.6017055488803
75.71693717588337,1275.2432015222755,-273.176073215281,2443.0355057611714,235.44673607735967,322.3897655758756
468.9084291737041,1175.7867194657365,25.08248040140211,1775.358857004525,1012.416277259391,676.3553175049664
240.34231189366923,1900.3257507039718,-172.84138129163262,2120.922330725671,897.4981736645288,226.4225671992735
610.9424485098907,1678.4297089987672,-168.95980962758728,2033.4151318358377,533.8509883525346,247.4515599494138
311.83282198940594,2631.4134776738565,-265.4213197820875,2098.1222504803764,1162.8177611720816,297.9661458236553
97.03802692828913,706.586557697661,-116.4256618114585,2192.4475394464353,318.45537814164845,222.80800953920647
165.01724566487374,3104.441651338765,653.1643772512938,1249.4001702311907,390.39111217161695,906.9449407587375
266.0736688899242,833.9910159652741,-12.964750540481873,1964.3892977120645,666.031492832736,253.23222089546456
301.0129292162661,1914.4930008480312,-246.1659834680886,2339.1957777205503,863.8075841357297,229.70398084920123
221.1857552665186,2244.11291991524,-35.731869409954925,2072.2180336709994,818.6616222273841,328.9954785235368
117.26074797315152,524.4912869974132,-47.380050822429325,2143.9872120679024,492.658098214817,318.7750697397656
214.50931187048056,749.7078442574343,-252.81140372336552,1720.6616186807141,627.7281765644575,274.2261101702878
204.36864303720145,1662.290193470341,-258.80249367359966,2400.3754262697166,650.944428096386,88.35623114548943
147.93766248558808,3290.6054074732874,118.3622229803292,1589.4775167109542,1336.43513371256,510.7793148200732
225.39800361256673,1392.4714631824138,-152.77124469828283,2182.0249691695312,723.4664931864436,151.20411678110884
283.18902428244166,2177.3775701139402,-108.76933021848583,2214.700945727963,803.0513626685628,300.06258333154375
234.97068078267873,1126.4123203474737,192.18775491062206,2006.9707905397463,551.4006557651386,203.4158625344578
7.299360935911253,424.6167554943263,-140.60456713532585,2086.0436773857555,278.44024455029796,285.55760721212874
180.141607506099,2720.8139787468485,-221.690799886802,2227.312858160383,1047.7704941417019,340.30455564431304
210.62671871762805,1342.5498485077537,-102.00692099160216,2239.2583771310033,589.6547709437248,413.3066094940829
288.43720124751087,1113.6087209631487,26.943285253141653,1872.4506287375075,655.3885250693663,302.52440285157957
55.11436097674749,14.56303009991052,-36.70875528574288,1846.8318240812264,492.9521099966034,258.7500610813841
228.32734789625002,3166.1825585606675,-106.62371248492872,2241.317540026951,589.1533054192101,415.0481429399397
388.4700543674186,1051.3522816901373,-101.6639490237157,1820.996503851874,551.0285488742063,330.63992092946216
200.37934010743848,1318.0589618283611,-126.93395770957363,2186.539105020486,541.8444877826205,140.31478744667493
115.88177765961592,379.89697201994113,193.19161887913185,1959.607252189764,221.22426148379628,101.53793553394476
268.4954276746296,1054.5331571875045,134.14633425647742,1987.8301093392924,457.2907476384915,207.37304779335426
94.62371143930287,1612.1658613734066,-51.15769693627641,2009.0959103950117,344.11066819853585,325.22765332064773
273.448438833586,2087.552538204938,-120.99819144719288,2096.8249838448664,849.6923087556792,206.50902119610774
295.114728559927,2508.449033745738,-262.421474575403,2088.496548201992,835.7790732486341,239.24105197209698
230.28504330346388,614.3379477022697,598.9862256215098,668.2568206188812,567.7181548857204,121.96573262546903
560.3343691627855,1398.3132345212973,-166.2439378970633,1887.1934216547797,560.9607679179736,347.8314498544288
154.48669217224648,2523.9255603780994,-24.599639687514582,2052.074638173442,590.229898190798,501.7805626945391
295.4681172018553,1734.5287391538418,-297.71586167015477,1973.5474995910859,712.1083431413914,155.8553084374199
68.82482057841062,1630.3746539705344,-256.2473936286151,2448.603917576768,366.1766117902305,-24.009924806649195
228.8276652885364,2048.6863272030805,-175.54598221170176,2223.7410985701754,721.8979860532419,164.2079761093538
38.95554399020759,1739.7084566585102,-169.25511330712675,1741.7056811626449,237.3294292265599,195.88023507993194
87.63859772303263,562.6956974803119,-43.778944578196445,2080.2350883961362,254.98424249444298,282.0827986998074
292.4992157286848,1791.0942895365129,-68.42203271700782,2144.7586172560636,782.193138315022,180.93548846849566
205.08754063732945,1868.0704088420534,-72.57705155019437,1710.9173060989192,682.0311148566376,227.13434385894473
301.4107326502452,2867.2596950621273,-157.24992546905605,2052.8533948126756,879.3307330861089,289.0799016081521
78.32510520745197,323.10812388011857,-12.904593591490652,1321.7359241439758,287.2011696910436,227.41984115265956
105.3560805346929,478.80480985376073,-39.046039736683554,2020.5517457483766,542.7223992534132,303.27303030083783
165.67420915165522,1247.4383266378754,-176.09615936236798,2061.094094535226,480.8452794357501,332.52000537405854
242.71194819046113,2578.1520311829854,-59.758740548414266,2202.5891649116825,839.8542382865625,276.6443224709251
215.50281465976613,1171.0755065845578,-145.41021940625217,2059.7682809755424,709.4406659036472,201.1729172857459
170.4393671496487,1277.8032571524172,62.65186276569909,1832.405173874562,683.8438268261008,70.34533711060874
177.77339295916912,3030.8949669968124,-157.6040645630071,2363.924337373966,673.1490300407847,108.45960192089237
76.79849519734375,3322.8470630549846,-96.04043782669947,2068.1925719670176,212.91075061694943,7.553089932643758
204.40205916568956,2629.795096704318,-148.39384992376836,2187.1729714677026,563.4001116248876,404.0911430350435
108.9384348566102,3706.0507948048344,-42.61248986127629,1816.7473667074692,544.1741793284077,152.16000821565893
137.5166417250498,927.199029156628,190.45317470789007,1843.6969555098735,375.6979585960814,196.8312719319648
403.87831453507647,1479.9860814847727,-242.46599904732363,1907.8050459514207,599.1248526215516,195.50040610554143
579.2990326952266,2267.1971045556115,56.22329581299357,2065.9563544428397,1031.3426922488275,514.6059211819575
193.47725633681014,1419.5185341048402,-153.36017962480793,2250.378387982214,586.560860132504,358.41676440163496
546.0553702245452,1142.4239166196346,-201.82189888477785,1760.1953123122735,379.0822461293878,220.67874994593402
148.7868826600477,309.63330790937766,-40.04266205929139,2202.3005754104443,345.4429691582702,276.81694469501906
377.6122331951095,763.9302957120565,1149.4089722685085,310.9587581626693,247.30082685518204,597.8768866332312
113.66844699629188,733.221498405512,1113.4375725309096,422.4113330147007,199.20680470962844,546.8888141229718
336.24165810243767,698.1402916354124,-123.71536683175628,513.4449046470012,225.6716644655147,513.5611461876341
59.88089390820464,470.79289383481984,1466.024373323893,301.2165961103652,220.8797699741366,764.0584521736006
332.74943981703586,454.25169313998293,1324.7418440733509,317.98771869374326,381.90111478010243,536.7742726380204
227.0791372210017,1189.9827949825512,885.3803420550947,421.4186892806294,369.1401571139095,1004.3505459817982
445.0960563489431,1193.9890090735962,978.0312532865961,361.068422169558,381.97343970758857,609.4338575873238
235.47931567291658,869.079911146234,867.9569854573853,393.8856186302549,346.6671443646085,388.6569653545922
187.68140008014825,1241.0568504048406,1054.813570091795,431.9591703370761,204.25111432921022,518.7629064900572
105.86310128066638,465.01622412860746,1064.5975190238437,134.64578094241068,551.1153251902205,513.3967690409117
35.74011335473598,875.592515993818,681.3473034059158,368.45649339551755,214.25701666114685,384.56525328497435
43.132854152719815,823.7518020537628,550.8594724773378,253.09824232969845,50.35509113204429,476.87861509137156
67.90358910930833,740.1459888449531,400.7262131114077,268.89313825630103,78.01124172488045,339.16058572471707
100.72538597877973,833.9395583978983,1015.5529697938199,481.0447255592025,316.58212437745476,585.6263305817913
134.9615220088457,1341.2236968048696,804.2661220997048,310.15601263924344,635.8753180221928,542.6693148125927
254.14215419931793,625.492177057986,763.0832804173436,437.8309228228774,267.96002462939845,476.62134120913515
13.415450635382584,827.0926148448674,974.2685595592909,233.53248349251248,38.61139309172506,572.6300174265175
19.193650855897076,836.5949213061303,1626.4484818063165,320.7523592928506,268.7814714948931,408.1418046041073
62.60640757177221,705.6294847786123,1103.6718456816188,473.9427131173664,176.31216092660185,355.91047925407565
277.6079417256792,898.8799018695705,784.1919483344992,561.2522492507695,176.6106835664122,508.4125477687478
-45.0540264435499,944.8317405192279,1074.4398184608099,316.9091918177325,320.57609467112206,394.2523617364651
118.81768843914945,713.4960428086473,53.78738142337181,498.5338560839281,180.42155444727348,162.5095696638434
272.33634302408245,960.9632700873343,653.4327770772746,493.8921974852027,183.0870540154943,535.5251061443951
351.2144749577516,937.6088246088067,550.8648388104456,478.74655501921495,164.94207511968722,607.9184024283007
449.93187133530034,863.4035505877498,1438.5789383065412,489.1642760778986,449.3883926827142,541.2979673564304
284.6571222468403,703.569616173467,1847.5476628400897,406.872467444955,262.32880027403877,564.3409316283976
27.101937481009074,866.8447236181904,489.0356423997374,251.73828867844475,106.20007563940803,590.2884925766815
62.56902741775663,907.3493173039349,2068.100052174679,536.5788555377972,408.39692758029787,278.361661397562
208.0096516673646,649.9793935214952,793.3207963104172,456.52703282203703,427.3273858415663,839.9298279599064
282.07320433976565,664.0742901611766,677.4599893215012,374.3182312123975,451.5237187568986,359.6133126556964
210.82659773615245,283.3983086802653,1477.6539017407536,231.5273514505804,289.228916962013,569.3288882100829
244.07402323399913,848.2739535069501,773.6529577696361,417.98526819900343,450.1050704161473,479.74554276901824
173.68396447376995,546.1079235970954,163.84579344408564,299.6198731835414,205.92720050185437,273.8381732061366
117.06919069153876,746.517097028227,857.6064331282229,383.82550126219013,429.657818398848,528.4508634519665
300.05582522190883,834.7896305306666,734.3700385131309,475.14917285938054,114.51987224864791,437.83197302134386
394.11166463435336,693.9657448800372,704.6160200734654,410.8338943211213,101.34969618004885,469.1010677095959
185.74643999166,577.9221896565616,725.8848022936553,395.5888193049504,490.80784656448213,517.999846742254
273.9967866369354,769.6812290135409,1003.682539224177,462.35007294908337,23.629493652268508,721.6111904625561
116.65630657338734,1165.0911615577515,926.4977030445965,448.28100834782356,132.0358023895363,421.6673504409656
175.99405023346873,918.8047948745376,949.7049056220732,495.71176094897453,197.3108183307291,503.74575418663164
54.58390306129668,949.8612483068301,1315.5537109190664,425.19122816110314,209.77133099954438,659.7430460860945
101.85706029726931,944.5974975698849,364.6824795644684,466.8324706829861,-7.549175532673189,495.74016075583904
367.77378422640726,1370.4347910739184,548.6057705984703,610.0091505495711,465.5539218270206,533.3784828912916
34.75962654346698,391.5409307936024,948.2987193484843,377.173401818317,210.55887038601873,648.077192241819
259.0292512471477,795.673621730461,751.2615938291248,414.9928134056632,486.66071245020964,548.2953769084709
230.49324568248204,1240.8231516321869,942.5690377992954,227.70258818865585,692.6378091728072,389.38972520487266
236.3795178324135,754.9401804479373,1879.2625266538462,448.640210777273,294.09638924064564,714.2574664738969
86.03848023491015,1822.8154633777376,535.6382026420487,475.8712465571152,153.25757818777504,538.8506276511511
351.7391547730536,1514.791185290068,793.0783178597839,547.9074606429896,258.9721340208081,469.5029921727257
200.75109262631042,1523.6468802800196,642.0594959421654,452.79585421081663,391.8269706895997,751.3183105846575
311.5974049500238,465.5064150092609,712.5710907644553,462.1365303635521,218.38876024497432,608.5954480340888
111.17369973973426,1132.201450952503,1288.2853222608856,401.1926743175905,143.03108111408812,585.7916369010179
345.36570564405093,443.5949982706299,1043.7431702075055,388.7235125329685,284.9849058684477,476.30162043254586
1015.7307904244645,1772.1529360155823,1307.0175091502733,438.40880413636904,351.9079418932545,1977.9032408137111
261.7810676184919,1085.8724727598128,687.1972783860557,431.8928482148558,130.62922228734476,469.4748340148974
156.27204911179854,1433.237358133045,1366.577858587531,462.13692172588543,346.083004903942,600.0466382375673
42.45980390440319,935.4443791136849,663.8103516325192,396.49361322966956,94.73377490733566,734.5717727808999
270.94187379806783,477.6258908431965,1066.8223084239357,330.8822387035113,284.0569747257539,413.60232071248845
201.40706801899154,985.4504111223413,891.720633112656,467.73684318331215,178.13764381037686,498.22971271822735
219.97072490607934,1538.4629973537567,394.6046322834193,480.5079915610832,366.59762288005135,407.6015492031763
75.38762094691553,798.5905212154262,967.7490872471504,417.79073979028675,216.8178414493192,663.6965534158466
347.6284061084173,580.1778281902191,995.7435423740991,335.06245392755153,341.84829881186755,420.61527896938946
282.41450001044285,1208.9234754902814,997.851894400315,426.0175138526172,239.88859696453238,549.5787695446775
243.83546214419835,1097.1644199343832,954.2972972331103,478.01749843076226,250.00971411103768,587.6257102445776
149.87681489739578,1373.112922590747,1404.9476466292217,505.86167219551163,398.8181320380294,550.5895434486474
271.0628700914426,1101.0052255834999,793.8557841347912,512.9754831108745,228.30159969045224,501.2748339202494
255.81564787945644,886.6838867669417,1231.5189865270195,374.06106991372025,385.42784096579646,482.50928412707583
301.1326715172265,608.6279850730363,493.7882990309139,509.5058172251812,132.52188524357229,548.8409755605392
87.73192888348906,1654.8815409400663,1260.1130042530394,618.1984895380797,417.75900476536367,602.958184962824
80.59372778888196,501.25137411339045,555.5850632904198,296.5510707079796,233.55068531646936,240.93326066055155
23.37193137103783,142.6539204257603,579.4761251778235,420.44208970417736,219.33782519056018,55.3093087682318
244.55247365738188,338.20289912174184,859.0516941370612,404.3093207041142,155.5956330226066,385.3990669760951
377.5089355562619,671.9585571856385,1084.3901407092571,366.18697717752417,233.55515843147623,561.7166813411408
131.04960806212347,1200.8253308946846,299.8743077072098,455.26244764506816,270.78353960020945,196.77275235250565
165.736025040362,802.4829728511236,844.965513349773,446.85447002457255,244.7835926035974,431.89502223223496
122.49206328898332,1085.5015593779242,866.3355323985805,381.7866991918782,416.5656587672413,475.2364557513
188.5419597105177,406.4098992898252,1484.417954301126,316.37007191133665,226.36662358966214,512.5690623682607
236.79106345399373,874.6900581895852,989.7605421008444,300.289386570971,480.58472646486575,522.7899240036921
524.0040694744599,1318.7416481879018,404.52666155107454,720.4280643269103,166.33076466247144,633.5303049211732
132.82586323946083,1424.7734737558478,437.029224005149,434.5784717346518,356.0695522722364,605.6070936483851
217.45348998667833,846.7801990259294,983.5327116461784,494.3822897539542,162.42631190657164,438.99228973685274
200.83013578146654,706.1516379848558,923.1454432579357,371.6692218574605,490.23192115363724,578.720145151705
62.465511099443816,1305.1670268896398,2207.5275958639377,387.04578877634714,292.55271776050523,813.148392852971
393.4110024957233,989.1042251289988,719.2928843303686,571.6411527345603,187.1246171095844,477.347929262399
77.32527565128434,812.34436523312,1057.4677258464776,438.63261390107397,239.47156125481064,415.541655355634
286.2247595097068,626.2493717547261,974.3289222224038,158.13779604592384,513.5721005468993,392.35217952704954
434.71746629295683,1104.9882889284693,926.3098274576365,461.8763445337925,340.66589803845864,457.1803992396916
133.53061508621994,754.3279835703402,699.0446666687595,323.8367298252438,41.365888069785456,569.3886701111253
299.9214609747448,466.5498958556478,1461.662698200581,356.6709226892015,282.28017199347397,424.0190128278499
210.18059430588949,518.0836133227865,760.4015219803213,412.26309957934694,467.5974262928571,401.9791506354612
310.881475697589,565.6014229825557,349.1702555799094,469.21353485278553,203.74834797214226,428.41460564155363
403.1806418823047,1137.6447825419077,747.500013618226,518.8249906039351,276.8364166661144,743.4266863709109
207.46080788662755,788.5899638965134,507.1955785594705,405.64032117408334,405.8691752084844,511.46741886992186
134.15707315542164,1026.0542078678611,909.7984888994059,443.70033020443253,287.74625673051924,426.1072796999149
160.92982290713627,979.9813571169586,495.9213755223093,457.01673079032224,238.61683869501906,425.8226995992819
364.06865409890753,1849.5118821436506,396.5272810690553,1142.017490699166,46.7607398788831,149.4621616763608
113.39762786181102,2071.4228645007965,325.6528627025834,1771.326698625469,160.56019189689567,21.601569366165336
386.5339392178489,3155.281083223681,676.321020224555,1083.9823023664765,93.35309643850758,130.35007147674963
198.5700336882611,386.2953215313637,1858.0248693737326,1319.4001817807225,36.441596321655226,349.0590852415345
83.4700199977457,3770.6757123076713,-36.77920749244083,1579.0096280123719,2.5838061407510224,490.43098171353245
204.82979332383576,4298.254324842074,479.1786524697145,1695.4971776466487,311.54637985439035,393.9181951851365
-43.99827808270342,2039.524002826216,3821.4812108193973,2383.4389652996297,100.09005372475269,804.192051863344
240.0536784403833,1489.193691948965,577.4611858194526,1335.8046684638598,59.244108379281414,163.08437929477316
97.53383869943137,2293.2919429744006,1094.0213197873054,1408.3362708294349,842.7547911331026,76.99475942964885
47.196962676180604,2439.4259654025564,1280.6744395802584,1359.9653863669134,190.28785889995578,45.991623769017295
113.88848296724483,906.0466847976154,213.14366771192965,1236.1482060985034,1.0120268308965592,115.45500994112088
63.972790725827466,1492.712252441867,164.85518167444104,1573.26449543325,-24.08061696780706,467.0318329959449
198.11729826183864,1784.7801189663282,2117.37417445906,1488.822163399742,197.83931842898966,339.16605085440403
162.36681245900917,1072.719743778179,688.0397730564938,1297.141856332256,-4.888905069325148,192.66922068758134
26.97378672146108,862.8364045001649,4661.052832457087,1644.6852232202095,145.3162142088803,298.22803910267646
39.481384669782884,537.0512302761392,941.387996672158,1221.2058054402162,69.25196293744304,61.21197889177104
-45.196914177994316,1594.5701424461672,516.5991036124237,1574.7708018624319,83.82575672079517,81.79750582356523
97.59176417748158,1442.3683539914102,-106.67325136866987,1197.3958089597577,22.04440489930994,385.53115090410233
395.35249528725603,3585.916202894518,481.8770657166978,480.48597194215455,55.27908366534962,387.9152153202557
268.1992232113626,1019.1959201899325,2917.8977377710416,2149.1681953464536,137.46411037505732,297.4404934651353
347.8056494886229,2636.5463182769104,1938.0876187052277,1118.9258410712366,66.52774710113269,230.41640393212336
134.2375583955968,2863.049224569992,700.8117743142985,2994.7779711338026,600.9293998540386,550.6675825658323
121.96508054658075,2207.9072868914595,380.70283213716914,1555.6760245793328,62.758267784069574,440.7650108848362
97.45658613155439,1019.1045301277501,4596.243744218098,2255.9631615402714,86.15608084247532,43.39344495297607
83.3517706991867,1983.8105878803478,35.994832945480766,1328.7991069220866,137.83170772822808,498.71221553805236
283.1965652174075,2142.633024093922,1738.7408166738915,1177.9376601002655,85.61088085508584,196.93763025354298
-34.489917925837304,819.826599187754,-15.648319910145517,1388.978318479248,89.54354017921347,79.29334949451639
227.94003484496898,977.3012011689257,151.82452870576032,1331.2275977184902,-9.795358087314156,-8.352388138735122
76.48629399635314,486.91289204693004,4028.865108930693,1008.1803702074901,15.517943940098974,10.567529726334897
8.74175431422124,2908.8793699421312,-4.585905455954446,1477.2835959476458,148.2232808508304,572.8837842410128
152.36587902965925,881.2961114592866,4036.582716403441,3145.730683855707,92.1194626054176,126.85903832328367
327.5575839607645,2410.4090068211276,213.7487754523783,1076.2383294903368,67.23793965669736,286.4018393967301
106.9290149838982,3388.27579774609,684.7233492368397,1482.5107410450162,373.86522694324015,453.74720020215125
529.0697227808262,748.2910599110924,770.1806404344288,803.507276675529,21.13672318813269,429.30530106229685
328.5918881902749,3210.598214404732,2602.0374321865315,1455.5710575438716,553.2117876283428,614.3164652948403
430.26062395484075,1015.4219788920035,1442.1502541087257,1203.6953723837316,13.198413007903326,58.73422722527559
385.0218358722233,1308.896922057487,1023.6156552877517,1048.517705029591,54.81211885734285,179.09912070524925
67.91328717473034,2170.626951615391,193.87532950527543,1821.2061119643436,43.49501021831776,508.02651286332286
344.2453056465151,2476.4993857406616,-13.85969821308754,1381.282476687343,-11.612022762382878,457.7965645008636
164.71662021866996,2480.478094982098,796.2046833279464,1494.8720427114058,392.90092806031043,31.33481551461091
-54.490714013340224,1363.739241823075,517.9970734202503,1789.7750485225888,148.57973781794232,444.53514094157305
-4.497179188766069,2570.757801030774,82.54682006828227,1732.0721718175096,140.31339174710916,804.2735810006748
209.48982154162246,752.8089880493977,119.42531419591427,1014.569010675717,-78.0417538273462,366.17648055711805
46.77127694375612,3382.272246142125,1094.9208894799133,1425.2784776151852,-11.689132101812987,33.312095173383184
304.3011353698297,1578.4591205549118,1048.4517371615157,1580.8416260224137,120.94388650745174,128.96534682750593
279.7473912120388,783.300046584571,1465.1762372350213,1439.0809795587493,107.60132362296727,150.65837342770686
10.346285898883863,2238.7139222834776,-54.63022152550218,1328.6323269787322,71.96695993324408,410.65653429745794
38.23760596956704,3452.873819531954,-108.38901803819655,1689.6734523792152,121.83763237482293,667.5726808467595
306.6344245783191,1396.1104426571844,189.92897991644304,1352.6881959838536,-10.747783434703166,512.9194770275892
176.64731993393718,749.7232457382775,82.86378546630056,1209.6815145149715,25.742642202693133,389.86645348454886
14.696384775874648,2295.5503935580937,3.2119716868466526,1732.8042643103531,38.96779907878761,462.5417357878018
95.03577839590162,2729.718255746322,1098.2862889476828,2997.1129030792445,68.6285103972337,78.30655291327474
118.01397989980985,1852.2863749893584,839.6954348871681,1590.5796949163448,67.21990313437263,50.33052123922799
227.82699024605193,2617.655185876818,1099.3432597309193,1668.0610028272213,418.26238463174434,-5.037507073533703
323.2386243284652,4851.244778896734,2380.2891776361116,3230.132792854213,241.68818528842928,272.30348002207484
175.4067065181207,3474.099291763337,928.8078830520975,1404.081140277165,859.7872356166581,779.7257811327033
76.77088723651879,1942.4433808350534,-69.5926738385462,1213.382209909395,-11.84521548310883,226.23946740311777
217.02867548063927,1955.5929887241616,809.5545085755354,1698.7547724709239,115.37544287959446,114.16277359267785
130.54555915609905,1593.3429103020321,1460.8717518084236,1339.1285664268928,540.9021773043479,543.2446705641545
407.28604631856865,1793.8632879195627,414.2049470181124,1188.0379939076065,209.39735786282037,343.67740524148763
203.5029081148025,888.8279728834189,8.789564005113903,1211.530686184904,-46.79296964049898,429.4372826835072
224.00929230313324,526.7379226465864,587.6788967696788,828.7077696697843,25.05042089132752,123.94561393723914
128.714097222659,5089.807728702837,681.2308406629392,1631.4947886093278,249.3743878087667,-10.833771575206299
220.0817582965028,3572.3799001055554,8937.177485243361,2511.8111287297907,410.2236952964062,194.78463459781815
84.46669467254942,2994.475125799921,835.0192150858239,1552.1181664732735,169.47603330462601,426.42808031722166
157.7087931921293,468.24362251192986,729.5011302054808,2495.8716637275356,69.49911267433214,-34.701368275093515
54.41268490951752,3353.4368855650064,131.62481123469308,1254.6652600743353,61.972490717270915,516.8965832791757
111.97974988147354,1947.2613147566321,693.5667524044087,2596.431067299298,94.92044498749763,128.8894157563607
113.24671432941604,3393.3238214918324,898.9436954536294,1109.3756894530359,55.48746354351178,6.688945984714678
368.03786432038396,1078.8974031390494,384.9954010216726,1362.8824246735887,81.3786415489792,191.9614855631047
428.7815753237518,2175.0049020842207,5118.633045207176,3801.706627874454,1157.4950828840542,556.9943945948529
2.4622110202589766,8179.180859509621,63.35474764366279,1369.1396038690486,185.24927199162983,213.02666682476394
188.77603776714773,1222.0466521323037,774.1156720182026,1279.0854439102643,-5.687069095096376,231.8304808017901
332.9580596174471,1001.6260132158268,165.24092823210117,859.4916693226937,61.50589823248012,309.0857447748461
143.99153187897525,731.5275627951094,64.92954788871822,895.4250103066358,26.644534053991237,-17.043934975489677
31.191393207779598,1960.2428288521448,363.51479056197843,1619.9301372274408,63.62834506511376,23.249921858218684
64.77201914962258,2696.2155967713907,1114.8155696300066,1831.3258377186858,624.0672172608299,-18.12732681234685
258.2282365715152,1994.0808360936337,-59.002858793569374,1760.5907632933104,25.518182375141407,497.4613893921255
355.78138037359633,1262.11607982346,2125.682016870258,1800.513889831833,24.251485647755658,48.11466108465561
407.664377742611,2006.638940993226,728.653085323426,1100.9618870140287,61.42711039783751,232.87754798220263
350.81653283569204,540.8605866496764,-137.85669968577378,1097.564640893975,39.319281412957565,203.73488194566252
156.87437395175988,2129.163081889142,3207.8358237551147,2163.804201345938,23.26757973953235,975.1630385746038
297.67199603345506,5124.849226157984,1096.0630367280094,1709.4503783766413,26.76514946472338,171.64233355410266
1173.7154236922406,159.61130992219074,3820.2193076541153,3221.942497183253,12.091122494084573,-46.066092994378096
227.4649376299016,1972.9966961814555,579.2524403444661,1757.11755326194,139.49273785188666,49.40156068098268
75.61137749157616,1167.3594099900313,-136.03708149657405,1308.93225981113,139.0768755981298,258.25979419474993
72.25394277660844,4617.153530595766,1045.3992385679094,1274.0492376612924,95.56641623377791,62.074619915948446
226.90625125779985,863.3581312954645,1790.0663105833164,1491.2690279205915,24.511683518405732,58.70425001846648
150.97627500579506,413.10886870680946,352.3025453560383,1061.668351588072,143.63664256568978,310.9912760945095
192.3711751635817,3593.106859643039,667.4913974797834,1638.3327312681026,475.5601199490785,541.1228420927557
87.47275877370008,1363.176324487516,402.54947774150617,1332.2776014874078,26.144300519616735,591.8605080158176
141.54554081834135,2988.4204941975527,669.7179231682048,940.3643925609679,30.163727347023638,5.597416701476277
293.2180699257083,4914.308959922496,361.12359169671964,846.717506339678,19.282643023350744,109.70635172090226
167.0999199329575,601.0670815347299,403.8111838721028,1358.6696199220037,45.43779314552765,44.062755370056024
428.1659199424362,2217.239443419712,1092.2268020362326,1595.1425013133364,391.24421053769925,122.84025266777864
29.53389683458262,3495.912074455506,774.1033986058138,1744.9852884274605,147.9863792071735,-65.78140550734823
85.5328160607484,1044.1095283666389,-101.13008059106897,1191.5375459896566,40.03686850038386,483.1913834243933
392.44290987347006,4523.5438391702255,3080.284799839799,2094.078876736074,1557.5467120269773,934.8695006543713
39.553789103009095,2116.238439644369,81.26411029474326,1755.5013033502282,27.663668724590366,506.78141163788564
437.66367925468137,2354.8495822827845,1066.452494017545,926.2637945286947,23.474753611724594,312.95703449199084
365.4478745614954,1097.5510797049897,-95.43734903004349,1310.5830969466706,30.009278848671272,175.87573113318487
411.4758714097526,1092.7999933227018,725.405634271822,885.4662661779348,11.205659681465733,345.83267441576584
198.54309571085463,3844.103892587202,946.2153964585756,1502.907606553762,504.8150187320525,231.65722889960273
31.992837093370113,2682.087219884042,98.76497390177224,1265.571999483958,66.67929449714018,570.0894990983725
274.8573253038831,649.6003734182589,849.1960711859314,1481.1206919831784,77.76240632563102,290.0356610911899
157.59973617978466,3505.5039789126367,313.02797198912197,1677.9848099985165,74.91670133110645,500.9681944697146
350.49211490968725,1715.3845549804546,517.3785198793137,1367.0710796636438,62.649091717508554,228.25750271793945
295.38611966312067,1827.4760306087546,3735.909340952182,2171.338028316425,124.52924842888251,135.91066139574414
105.7043213522608,1174.9403310160587,192.34830541447275,1324.4319599641153,-33.665121787451085,282.61579157875457
290.4531526308066,4292.577340173586,983.8665071222797,1570.1096945081154,456.8000106706461,81.40074708102715
-18.648685685010918,1530.9958446793921,778.0211593587227,1500.2381676659757,26.55103379878733,6.806437811669255
313.6772245223903,1647.8437868618971,-24.587536142312217,1304.1387833506658,326.0794441264082,734.7151873672657
359.02721197046543,2847.0165783634857,24.212134171583045,1035.751826750819,21.95558633063081,161.75459396514506
170.38682201525467,2079.891358781981,355.05206534887606,1644.4508222227123,69.72926876496325,-5.045682258959303
311.8402175944561,3297.576507768769,3560.5996573631483,2695.92277956645,845.2253706339766,352.5966666742156
31.166468122137488,891.3454311761172,-139.36831831802084,883.6684515766517,-102.46450451983105,464.3281395122282
36.698899860692464,3259.543033878022,2123.192836235779,1580.1151876565364,407.6919182330498,561.4205637909358
100.72519402552284,852.5768033432494,49.52012701384393,1726.6147690890807,226.94801043359706,176.75585602304932
164.6462371695913,3814.226533996625,-115.89599537068477,1121.3322551065714,45.18328450958825,543.4034195811831
192.20912718182126,1540.3000611844745,1404.481855772337,1950.0124023679311,84.88063980006706,-59.32071855867524
172.13191271473653,1784.720164438408,746.099205158567,772.3834690447195,70.8063562514532,465.0863027492303
597.4608183966585,3592.10049964767,6344.756391591748,2810.0682240354254,934.8020263636911,673.2135729966445
462.62165869780563,1021.5645191038426,1393.255990957036,1228.370038145184,16.294649959709716,41.408604135880466
99.03386185065312,1214.2899138491744,2818.136872337941,2634.7360057374526,86.63335621861529,56.206371233559054
123.87464800515733,1163.6704138096861,857.8179792611708,2915.9913028168858,76.44634492799909,-57.7909487723298
88.74634759701955,773.1825054506812,-66.32793612340674,1299.5221174807166,20.126768893770503,482.59996258585284
131.66788428505134,1342.448723603599,-105.83202797939632,1690.8065403268274,19.624095766932413,443.1608402870801
-10.716017747029952,963.2187478149381,1113.8734346639549,1406.9397176646787,36.9945243356492,41.951110389491916
301.21583499070135,919.5812568459578,205.01654039710002,1380.181961380241,58.35858051842871,388.076741684501
38.57898473962875,362.2538932861382,1349.9794345828896,1271.5033348778816,127.41470237835478,67.77424982515443
34.60487701823459,1110.5251169878447,4713.478663266827,2416.3720523073716,91.48838521559261,315.4292792747573
193.14848548482206,2112.7243728912176,-117.37166487925467,1763.4572329376629,83.43565903284082,48.03341522486009
-53.92630721924519,542.7651502839649,1317.2657008729598,1275.6388592043745,115.4052673115927,59.41071579983095
44.17922387646139,1638.816411144909,671.1645817997461,1422.4123670056408,134.5529664526449,46.6463292322499
202.59186181451872,2208.899258791765,-104.93307422843586,1743.5559739352434,32.05419728428333,450.30517717827576
139.55716861491027,7449.216152097604,2427.6652619086253,1469.567328699788,321.8186352340802,-3.2340061556880073
124.24873978902224,368.03834392462875,2461.380622904159,2470.4834629559164,45.542263227576086,-31.603275490386906
308.27369190042384,3167.1520323887216,1322.6882576949824,1816.2899662071995,41.888192387497696,654.5167664545463
269.9114685731395,1412.7738043439558,257.8817990259953,895.5079004343925,228.84209274625061,628.4269675603697
300.6827763196567,2293.3924937521138,1707.1709553533397,1489.1487806311106,699.1913871805488,171.6843681733372
19.497671369159306,769.5331442393979,306.57965774135664,1138.1921238533466,116.3951368128408,395.9783840219561
188.44385188979209,1190.0049152633692,717.3458369708857,2620.386816194018,22.396063678832462,24.874190783664858
262.6599068548785,545.8482824577266,-231.54156694287926,942.4370540623154,69.39108890151203,235.16769016757848
272.69701532533344,1173.0352625697178,-136.59064791145866,1357.6613367767063,48.68012384893305,207.82084370015934
350.414303518449,919.577277212512,-173.08084161225838,1053.0868857476044,40.65852603681091,111.70599368844222
458.86562649091445,592.7285741676013,579.8866859866442,1646.1855686755414,308.1505169729538,114.8273164792748
306.0268960478166,1051.7441463210823,331.160695447316,1227.32802699623,19.619676314139042,164.77447287879107
129.70331722535536,3825.4966162891105,962.7612292671726,1682.8501289095034,353.4710016242631,449.00153448411083
-25.023814862057662,1479.0295475807711,2201.189148850271,2820.7572181444657,95.604209526461,-1.8426871989544509
195.3825174790157,2010.3536737024322,856.5531622965478,1107.7959925064308,21.866742539554366,40.03752409154852
-45.90382092130329,2308.5412093302452,645.5989286185467,2778.663044714647,48.282934999779116,-34.647688082492365
185.6769257155629,2826.2294983472434,793.1291459960335,1586.525919131589,187.9806107031893,24.89035494541855
89.40464166369635,5300.8134504516975,623.2554600310776,1566.4869754396611,170.28233269401312,140.83787595681025
8.567792172635464,1751.848209396804,49.97808218175777,1401.8521848824105,89.56726378822682,437.01087671852633
74.69414246279105,1314.182147294865,986.599606865455,1170.444475559531,-3.3649541371664498,249.5515006514123
-53.696176512567604,845.1457116737184,284.7448710442162,2640.157004852538,-87.77770715275088,-46.09143586784522
318.8552613684153,1093.0176923422396,1275.1550271541075,1098.96846073205,45.32303428156817,399.8438018255538
415.9741240856026,3355.9510889786134,806.0742630967798,965.4244035747813,47.44033801643053,431.9596287763891
16.86351169967348,799.4067255059431,1013.5469384264111,1614.3436225699502,82.70932233479482,50.18546940861209
20.888013023248575,612.2678803728238,-161.6227599419614,1328.8191027383064,116.20467351422076,144.6718051670731
353.2498502720016,851.3942133875968,3536.6858615538376,2113.607312703766,103.7272481560471,100.38726933863691
88.85876279962173,5670.647470880777,2422.1334063330014,2704.6025738701765,309.5667011367971,108.11545812618314
3.448292857851797,1895.6347949004105,3831.67961307817,1498.3126835695257,32.18225769546402,73.05062147099612
13.497219336611082,1688.0715962814304,876.5686113912508,1495.90302671748,141.9698607605211,45.793570474581614
127.08576909946565,1876.218649468661,354.81925547010326,1645.0346007564385,38.8119609528824,-76.44030317993652
249.857798698284,1016.106205420047,723.1443345098818,1322.2529854669133,105.1418148319614,163.98621595620358
74.84734116841035,852.3953627959388,-224.69538874924888,1231.1583315414234,53.072779118863934,256.938666688942
53.054753038027044,2248.178109275819,497.234015758101,1843.8260793766044,135.10004765774744,-8.324966255877953
264.02246643905164,567.8219492812209,65.61273044639637,1253.5904498203117,8.155718656652454,449.06511716106695
362.2736092059829,946.2405665265187,390.2694295571312,900.0595120944167,39.33230308024628,926.9538991820575
405.8352803420569,3777.367073185794,2076.210285180724,1559.2810908375216,589.0911242859854,606.6649532411559
422.9292017507373,261.0799153069369,701.2823685071114,1002.3569358125471,32.70541310542259,300.4455245951865
58.00647297139473,4199.106281548517,588.1920545559399,1676.8297142414062,103.66092660329554,37.73542602721746
392.96259465941375,993.7757232925719,532.14261723399,928.4767072299549,22.1681384520993,216.39033951871514
76.06412022092105,1175.2494641846602,521.13403265382,1231.7749936420564,76.33091951190508,263.585877459458
423.0556283923323,1415.1741186084078,787.1178363488143,873.3908309568767,109.82718190417381,705.5713832065918
5.233258758886095,838.1063009516745,355.41540869487073,1483.983933775857,102.51636616602693,10.405505835121716
154.70051250862218,455.1987003207431,3752.152015342952,2461.0299218816353,43.71816095380885,7.682211533391154
297.536115256514,3549.358823213548,1636.7218037644866,1680.1709905686998,625.7424229781572,487.0786852678606
517.9525481621968,7148.455662587547,1253.1906715911518,1521.1315853833726,386.8671826409121,838.341887674255
487.61924035761206,1221.019708278875,1349.4577432724036,762.6210640088395,38.98405494124779,248.35761717413774
32.05071404166192,8129.0404640026445,-1.808081759657341,1233.8337879416667,42.497185878769756,194.5176007804003
213.63036439491555,782.7244306435766,737.7317744534287,860.753638758144,28.982080666514406,380.4441222018535
107.8479507643048,1103.3308724522226,20.398993047411693,1277.7068695466166,29.949740204038022,104.90300786435823
477.76544570386795,3303.0718243922342,2504.036552914213,1408.6152092528018,373.74473199191925,612.4770779417422
283.5257904816441,3521.5231335555627,723.0794825182899,2696.4306417083817,126.27076420972463,154.96531105067865
373.55743897754706,2901.5366090228117,888.0670041491294,621.2402334448682,73.84316236085962,255.33295125394662
-36.79048712884125,6470.6039176476725,800.3767127706125,1611.4097977422762,266.5684408710357,774.201879399729
82.54858983888016,6302.64787976092,6692.071284435966,2018.17740488298,849.342179183813,565.3720585458653
386.1200091708922,1868.9409762968132,-58.76328751734786,1103.0888736439224,25.4492678415711,229.23886900281244
228.58088643195146,3181.3172557443,1329.8160681789368,1576.8624391436283,608.6682238049722,535.2171846994629
116.29430171325656,1720.1188385335277,360.94818964050955,1471.5346248618428,79.44762567750712,9.481885186283321
144.0130111177474,1974.4532963472295,1269.38804746706,1386.4216679803867,136.00732184144357,94.90780205887832
422.1322036569503,3030.880288439901,592.3903194653415,828.6025956947447,-21.39465154937058,267.0984085386805
346.01050114922145,2296.6366714294727,194.23365701196292,3156.0240866999347,109.04327585769161,1017.1991584634991
234.850010340504,608.7220993236787,4543.852662139859,2169.3658906766823,5.464841861587814,36.06335099788933
466.6904446825431,4694.902084695472,1103.47493853804,1728.426253724043,435.22279158464437,646.0962911883287
64.2232179763232,2867.033178722299,1064.7612883597415,1145.510293444755,153.17516231075547,149.1000576383243
350.72986044774916,952.0822353778567,-27.568267432406003,1352.8599997672031,67.71234798203233,589.6944257388512
121.51324112376521,1510.7468623047994,-187.53014077917973,1537.482976298725,59.799408984740694,411.71783426355665
275.15450327153724,732.2002788438758,-316.8913310481099,935.6432339028679,47.042212269793794,191.14884362308183
330.1168414826571,2627.388872172199,313.368798493435,912.120022003734,6.732071257536546,268.01341385322337
438.86366691216404,2409.0350931169964,209.75102424499147,982.3026665012662,69.91533588258608,401.3114988161527
168.26674023856162,953.3746914153835,1241.9644390622534,677.0565264887805,101.68772546186341,643.1129542744021
174.76596301844438,559.3201488160909,3651.4360415919336,2654.0239267509696,46.88839792354676,-3.7816198674222505
74.99771535131727,7269.1996315434035,234.35106900384278,1037.1833514871494,255.90862911610805,1294.4607237680516
24.891318557063826,1955.9755976672106,336.862561278387,1395.6517335778221,100.72227446382286,23.381237017836142
118.70024255207456,1455.1323112429607,344.7188565579604,1629.308594378173,77.48566372288812,2.589164579577954
82.5784125817227,2673.479901031319,180.56345002796604,1750.7850465575757,244.77120425003932,840.6721612607406
441.6008746832473,651.4415587555052,510.0758466591762,766.7662375663292,24.74481175053529,293.15854482887335
242.59403327350867,4111.628224738008,2281.4147135531016,1532.790830115857,638.1331573171582,665.9279788091818
373.22698278677905,1065.0338067122552,1007.2523541365892,1041.7547406914866,48.60835574350787,182.47952564064266
86.42230041559061,2963.317981436603,69.31019671305552,1381.7604597026875,49.68076738059625,65.74303113440398
146.61571473243418,1061.5084257567119,2135.8802001073154,1964.7862637613691,113.78611117526498,161.10213514817085
268.2446071077743,5108.9254677983745,-44.43611897355413,1311.496606329463,26.87514827720014,97.55357796485866
53.29177770459101,1805.6144907674573,852.3048002117658,1647.7639175879617,98.39329329041053,33.880964407227694
84.10108122319882,846.3269067856099,-158.19391454766742,1638.8156853139012,27.81720317385603,456.60353335388027
32.90816594857718,1734.8127034175334,736.9503880041865,1539.9592058245744,133.98454278867138,51.590668004031855
168.9920895220144,2319.210633376907,1615.085624355187,1522.9439148595627,457.70350854392996,477.7220999173203
144.48677650909616,800.0010527842396,-192.98501192175925,1182.495230798578,-6.797349071591839,196.1126934597727
13.109101637459204,839.442167713657,16.110384954971323,1475.4417588876083,-60.10501065249572,376.47815699522425
-97.85573216112486,2716.9271978449224,823.1929154436053,1889.2616288139945,-13.066236247259752,21.504483080240846
197.43729758287816,2606.452334975776,531.4943396406359,1611.480656753076,449.31580724824516,98.38276526068641
168.39335603773242,2239.4498599313824,63.44577431356464,1528.7884412395802,27.419132670215248,484.33857687621605
224.5449829999207,1174.7442651696294,659.2179543500113,1033.72113851876,39.41337413868558,10.855418482352363
36.82324598941405,3768.953090889072,747.2670334228726,1581.7396823374274,74.53443750788682,153.09101031086374
231.8064571394101,840.8589235592024,86.53584501132491,1205.5686598066482,5.33740514087134,96.68061724318348
352.8653375477568,1083.6466440387194,430.8499861019479,953.6501543774987,51.567979438277234,398.39133342448736
420.66512175680043,1604.866303784642,196.45179884430848,864.2998948081915,121.41471019346142,379.50564991072827
398.60391687955234,3361.741131743065,210.68060066106096,1006.3203967296208,40.861143944085086,190.6260876774392
78.95802292683423,2079.4810281018267,573.0171017664,1795.4890145306504,84.50971199601983,13.988955074878476
136.80401036378663,2130.9936274252773,2640.6773376253727,1585.3657714372432,138.49892144813066,116.0948746460608
124.79282342756561,13406.748618847914,1873.97062193375,1532.710648880729,465.8590062186804,296.10913538545407
373.54582851942956,1570.5687573882383,-158.78776395227743,1093.4498026526649,15.39636356846529,208.7830458780273
245.69893440496645,1335.154279215885,1757.026382049391,1688.919391604203,75.54613640557474,52.38455230209891
376.5491271928433,1373.2364853241886,51.762537913352446,1076.8186804656705,37.52092506542033,850.0826313140351
220.01579024497374,1948.60929741826,34.450525581724435,1670.4761691589656,60.58134821151282,77.41651263093604
654.0502517932503,2807.4628532625106,989.6430410854792,2809.982026998341,169.10343904941323,-22.867441610816684
324.7219847136894,530.0158136807731,780.9810737955839,955.5295417510592,6.229015579009342,120.81570556983992
64.68806408530892,3837.2764750064853,5758.908014489835,2286.819869576915,396.6992802663336,569.4994876813267
366.9020676982932,1714.919497631651,2259.8254476109123,2295.8518021319396,150.3994973649182,108.4051123125997
67.99176242128932,6227.151915866652,264.6273039518509,1854.5472128982365,154.8667662560843,481.3770614463374
255.38593771219,994.4774307676187,-118.85240137457825,1601.669939259103,51.47435565311352,540.4749726240838
178.00061095028673,1443.0469256617666,-184.0346522360667,1635.206630540319,3.1003776476382825,389.8818759990301
279.0040153167655,668.9084615178051,2855.3763274789358,2145.6647080603598,204.01838809575423,26.583427881982885
272.936985607259,1180.526646929205,577.7403945979275,1279.697806124285,44.959234873342325,220.91520068694837
115.70821472800132,1869.7986376793579,2056.9968837384736,1380.594380866643,53.165561508388606,-59.96150051779187
79.81726766680748,2244.7532015143142,22.654405773146777,2611.8467458275027,48.48362323702992,88.3680475160865
51.541355820793754,831.4913702388035,-52.015268932772756,1262.7349612171106,-22.92499810482974,419.15738102245405
412.2407966053544,1222.9761314057541,1143.4424502554434,1129.3225811668601,62.935554064246105,205.7334713947814
220.2619113217376,3941.2313893403393,1017.131781832074,1538.9071354340474,425.0680469164365,143.8397036181828
110.6706443899949,5253.021432719542,7.353948427286127,1465.3022474403126,16.39806536103768,463.0626880309745
45.67518669827541,27371.37473450289,9218.54887656481,2353.9648234528368,67.62103375580736,-11.10338139419352
117.78495074707553,1341.0051718896102,1427.745170052775,2233.3462770847227,55.80936529639291,912.783657600786
291.88441772349756,451.1266984978914,-223.81985209014462,623.3767047236952,490.4374601473449,630.217405237676
931.8194009628885,3951.1552269443773,-202.90163251696322,636.2535162864624,542.7643219574829,437.65095567737364
758.8582408743537,2820.5007613930097,300.16047152314434,368.9756043387868,854.1845589078323,189.3218040910622
511.5615583616343,10875.648375683211,301.21998135478646,454.7254953108109,1304.8357792623378,1729.9733278415988
467.10891047855375,293.74896590532626,-9.035452315554153,222.08657114809552,781.8009002554013,315.7522412000113
693.0680685922754,2929.583937412105,529.969878486039,840.951960446148,407.1851393512034,898.886370285544
595.0073472436839,2553.9221908057143,-110.95367157727435,304.59922111200905,863.3015254173638,629.5293995323141
435.0505615649066,3924.0073686868127,-275.2445862461333,977.2259162249791,549.2922628500166,569.2700878933202
576.711947316678,56.22273371367368,344.00442793177217,807.7355726073101,758.697093607901,506.50890570573665
351.67870670753416,882.7000962025878,147.48125315376274,1073.613455114574,598.6014210440578,118.11985891519532
774.6627514508992,879.7667276325302,94.6194910980679,659.9681463172396,667.3099591236421,380.96745218312196
1432.2862081429612,6279.128091869851,-303.06900047059776,637.3790241363542,484.5282855634288,97.21683840278664
942.8379395317062,197.3196206465867,185.37259169021422,1004.1911386178797,499.5675257723396,455.4463507148247
985.4339018118029,3094.2630115525476,-385.3642374588968,810.5781675715295,428.74687045348134,514.9858501686965
210.00991553085723,-1.7412045491458343,157.0296311169725,372.0168913599917,650.9316862950202,152.6425099378769
838.1041102273331,-38.52339393490092,27.63720895025591,289.6450972660953,752.2562740358919,197.51178045387908
505.9652967250664,453.9124075772696,-256.56883040985565,198.2263122588734,771.360260338975,183.08538187011717
471.1051717300203,2497.890833144905,719.731660174601,597.0345012451817,516.7686049078791,-43.57501136955342
141.27523298917302,2269.5690686703883,-131.61585960625797,1247.0786778839156,375.60472289803414,-79.30723853460859
626.174901523894,387.4450721913013,137.4743417362622,364.293787056064,1013.6514244832681,169.17161135388787
864.4907845344858,2545.3451526166928,-174.60210903612943,311.51330186632737,855.4093156715269,432.1029090460879
266.35430654657046,20.795206307751073,58.62490698660861,75.24773419197896,362.3411229955927,-50.57146497164224
400.78132698667525,2499.255258503077,-275.21406646721664,670.0179211985867,346.0214267441132,175.75706736096723
759.9730534773232,2301.9231455202953,-302.01244604683666,711.126769808443,481.0465224582103,48.639966109805954
657.4201177264714,1663.8958578288111,287.56546860679373,512.2069500181472,623.3325340414265,35.51618655395228
374.94492770118256,-157.11342929729548,579.6760372092975,201.501183457438,874.209625772342,126.34523876763777
398.5767660629414,269.7409999821099,-55.67117213044321,1050.886811786241,410.3814850511565,253.13162033578206
491.7479883491318,190.3410024013437,170.70171174969573,1046.6332068569654,596.5642198850637,493.2033897080843
868.9126759994473,2948.0627846128746,187.66746032287745,557.3043857304776,651.5179666926581,842.6511146067481
588.6472118546076,1456.5731335906726,-129.85931610993333,442.29919039237444,747.1021043674743,663.1280564326698
614.9479535162429,1207.7696778127704,247.8454537997269,340.6470300676402,782.323338262833,748.1857987101101
561.3885540499159,1277.0999478140475,65.97564508917549,288.03396010269165,781.7458914654128,630.4759431440178
536.5804305285376,1579.7736653589027,-105.4880228891833,375.6120662892469,750.5137773373535,474.0683771095016
624.9843006666532,1132.4447745023235,-197.07566217883857,458.88028391115455,863.9719278717951,745.2058435638611
702.091322734068,1557.753929002507,-412.68168619634196,762.6427956158641,644.3286354057286,650.4422240397521
549.838606626763,2348.5718815533646,-153.2235237830198,424.1655307853378,849.3695862541,516.4223387401536
681.6231823446714,1175.4767822310612,-399.44082371817336,551.1845441095713,766.8815323314111,831.9158848686257
607.6481730154554,1240.520860764353,-89.48223458815016,334.733987440043,847.4949458540477,688.595595643009
618.6980590457849,1430.2037231994632,-187.82944581800677,420.1906430200432,884.4414201827655,675.4272675703506
579.8987041266416,1620.125987723934,18.111382538669602,398.5223269191129,830.5369236449293,614.5036279626489
591.4343584748439,1184.1385977454893,-181.51930483698703,323.6131057928649,825.1242498365349,702.1861941000723
361.84697338012495,1397.8340677678395,214.22322494133493,335.30341651133,823.4174591206286,972.9304078644441
612.0655977399585,1175.2372850933116,-48.261904263784686,364.50433029087554,786.8078092939118,754.1745681847283
533.1659544125029,1220.768108738941,1423.6742757197107,335.85671981605475,307.5120188611524,655.1959500556598
516.6858190479352,567.9936124887508,827.0019558295251,296.00318855089523,405.1982436867339,604.5561682530729
384.5618644016972,38.78422814109791,626.3036456352423,136.00286377338085,679.9140431166322,554.07257584349
503.98869286105446,1018.3724956902372,715.3915582104501,373.9774698255191,261.1636589769125,611.1811506284606
407.00948942306206,-280.11252360608205,874.3084674343056,308.5723078887534,518.0369624654007,1032.9814225979558
340.0245110065697,359.53012489779695,644.5880656295226,333.33816968528805,303.4466965582643,462.54948550052416
96.3176314405214,1416.1995519200327,1030.8326152008178,180.94933044494354,214.30073292762353,29.80879546457598
176.12427724377488,721.476196528653,830.3371559424523,47.37447082663982,496.74381047617214,551.6397059745719
324.4759664835551,581.1805602470222,333.39702930528495,126.2819906914321,713.6481954077809,531.0980758076091
617.3924028008432,NaN,-147.69431983370652,1104.7419614293412,272.38368563467446,343.79351281469883
269.0111542756313,-202.23988668091533,1219.48674990964,79.8651885572163,643.0577074946654,313.26154969663173
174.6265055240117,728.119611267462,353.74979177602916,221.56625899121053,524.1582661406152,423.09579039441405
377.05593377744026,542.6251398941442,1872.1650171505632,395.9834955641042,183.52851392147682,611.788380003049
437.3406418205276,2098.923110534792,451.4361513433108,273.8956414700628,689.1849635976802,418.7357543266892
545.4461430626269,376.79389236220396,658.0444791288869,336.501594425438,317.1938013299636,570.5314930938233
369.3759617521002,544.9221635368215,658.9203149796265,354.1489723774552,291.9752518486301,440.4701559684928
535.0247036919783,1164.8401635167356,815.1873834645385,391.7172845498823,634.8963531343188,761.5171188918393
333.7305859085355,-200.63862569455483,1081.6079444289517,96.20375392234115,686.9279839236303,681.5589267655398
562.9467758952701,1086.1349702970786,848.8103756132077,450.31278259466325,398.605576478526,908.8598509822633
317.14720362013065,750.6653364448675,531.9749010642602,311.67772075923534,344.07414452694655,399.60082814629175
529.8080273247599,573.8697642210748,901.0838360589064,334.0657802937763,225.3907988672686,624.8641674010553
491.25937443901057,1053.0100970118847,386.0406374782502,399.2945586763896,743.7967901936352,561.702337756204
330.61470375959385,217.62897542831917,906.2416066571903,103.25134468327172,560.8871233649112,421.28160627356124
459.68902566390454,785.7929960868407,791.8729326727878,375.19249788541885,548.8671190114837,583.2520722645091
413.09855900895434,637.3361195694522,572.4371801384627,340.9632086213415,318.81387445073585,511.7291681034218
471.69848815485204,2221.2026449205746,912.184920567406,268.1027289177501,631.8238900098127,489.1347847860201
530.2908639215045,744.6950976826663,1738.014620101301,405.3326300527995,286.52547296362985,541.3794270044943
517.2644901834207,899.615971894648,1084.0750134825469,372.96643196155236,307.06540031524,742.282140395748
630.772840561052,993.8825209487088,194.55774867047904,1171.6581128137861,399.00646237908165,281.55076749072384
153.22405913480986,875.8721877780386,825.6491719188923,432.61250888955857,641.2130312314192,468.28681382268087
527.1206252538875,-108.94607341011493,442.0111665540919,116.78474053606891,672.7607474644777,462.75545715119404
488.83118778042865,897.7597585023987,274.3188986414818,366.4790624914826,371.92211483692574,568.1410003080096
564.9943690958553,NaN,355.604473340212,1324.7039564283639,203.00230752975432,204.69263829222368
147.0276782798161,471.9319091708076,674.7461549990846,294.45141071866493,511.13468151572124,139.29558166349818
109.6214151626241,-79.56168998376012,880.5513062123133,97.89538883699544,709.7544289594304,450.2021281396138
177.55821614937247,1028.6596508282134,1799.7828238261534,154.0574493353044,584.2700665711703,855.4888997987835
458.33321227859494,1128.9078487715167,975.221103988923,396.9196166366541,208.93817222006987,495.1407975149514
309.80481311392475,-170.01009088113952,906.9997224351563,76.94054786553039,838.4110255887417,491.0700913732277
345.07198043032923,234.17285893202018,962.4144192717445,167.89314278340834,330.3947120928554,580.0708860544826
417.3921311343664,428.6073844400981,1219.4974192671398,389.5971046132651,192.39622914424865,602.3551557215272
241.43583520077357,281.1894184337638,924.5368971243895,269.1608497996344,208.8527396778398,663.4627459872501
479.1911238339454,1281.6211591136175,999.9730405303242,412.8583510689355,614.5587325972488,617.7341339550919
264.2510623408069,1041.1306636289496,384.7520137123791,335.9392909485878,229.6883248428889,276.25760939693646
581.4840917635529,375.95561311522744,939.8666154746975,274.3762022383009,304.04557305945997,431.3145640426519
380.6618870221235,-92.77242893099216,199.77875007121816,122.18453908778298,791.7093598243041,373.9787807769778
512.576544819424,329.27120926813126,1112.551461130722,315.8146776878461,265.1420947753597,245.0338655211613
615.1208171335577,1049.9904054053864,1530.5934822426866,420.40913703331995,269.9400996612506,657.2779205146217
374.9364359497437,413.0525038916781,1024.396629079492,169.22718779294286,491.23074198093946,1393.7086198602083
864.7928655996959,1159.8295985394059,1071.7926510930433,431.31116109684075,464.67278143030387,829.0909675175534
619.1567968344252,877.1059415447107,787.770606974786,325.3633608870038,445.9280196180496,947.0469252076216
514.1809874269363,1038.3777716152113,775.8180770791478,400.6910840248309,303.0214412837506,747.3982269050723
359.36775974289645,672.5529572684433,1196.646898161544,195.12578330198602,475.74164482083336,764.1573840096413
413.50588054225284,775.2628387609035,622.0515209985181,389.87174697195604,566.7094176160019,622.7817637356276
400.5529040121595,800.5909327960608,752.7906472553686,371.64530689849727,415.59349511391247,474.2508911551148
252.0954248457445,602.8144859382596,-283.3422123371041,267.994403185782,314.66311191985665,155.6503056042541
369.83103456667834,697.6112577430213,892.8625470522463,260.5352853984452,585.4093124803499,654.0622825239118
492.0342428497395,952.8980926430993,1674.8908159264363,373.8398786515896,513.7073221410712,632.8962220527976
395.39112548805485,399.33575366369365,-355.9564566970125,285.61887770232426,184.8542555234289,388.4569998082852
617.0370651131304,1028.4437325918575,1498.2821382215402,424.3468613440511,686.9563681825449,830.1274746320483
330.6085898729014,1240.4195324322015,565.7236690760686,269.0925982902623,1139.4013433615592,273.0453154032899
513.0655000441552,473.46018101103465,906.9128433961741,282.4381435814718,490.0619021280394,566.0077175680293
710.644810623937,707.7752008962286,439.03847197992667,356.16055911758446,341.99782468094696,735.9287695718193
899.5209315332946,1937.3079412254244,1622.4950815743084,372.69742604961556,NaN,277.39827615602815
602.2319519312871,1060.0675541691785,1883.4646860663904,345.0771318414773,286.5055304560244,796.260248417794
330.2455228570992,265.38559800423127,743.969387500907,366.0816199747076,219.68761432096682,431.50316550882553
485.4999310266502,868.6870540184409,772.5147397751196,367.58066092183964,421.346312139573,642.2760860139819
343.40779107592084,661.5435591151534,808.6417996773914,316.0009276052535,771.983469647894,515.0028829843266
482.41908802289674,664.407609477279,968.5852805626832,168.52688815629512,379.88832894336576,475.0846645981378
384.77287283611565,679.1634262681952,616.1470595374019,397.60785193357316,195.45525950648107,371.9723522219725
373.9668800207291,1180.1152761037167,897.5143313685269,385.4379583831904,583.7363138935142,500.9637640969838
354.00321950309626,495.34913977482546,638.0169300106259,327.388047726142,310.0003373475161,448.0634588482918
475.1292905278234,990.856676848515,464.7054424943431,324.38677952939366,433.7007069088852,761.7715456088852
323.10522847499277,439.4306649650515,203.37079206656625,383.9126691649256,279.35294513210954,543.6851889021951
275.1736597388526,1279.374475423908,613.4462304087448,161.77261500931712,832.5414570332082,442.5128039573939
346.0370294305439,525.0070286692021,551.4725490675814,293.8245776994193,537.1433478570129,454.76842753809444
1030.1883804878942,883.9688353717602,823.6674856426953,1105.7590973656675,NaN,273.2972529630756
518.1062570120365,-89.58209234641359,220.1488791561859,935.0811819755086,474.4120306608926,303.83103476829183
333.1348901420738,617.0433354714557,631.7094367935371,180.88565101087858,559.1394812059377,688.9126269768831
267.7155438702259,1052.765651765242,633.3591873108417,219.12965981587462,851.452131689375,286.36868634315977
497.1645822842364,-124.8352903550398,1081.2317053934066,197.91709777518764,658.7780136281501,368.16813318395873
423.3357803032533,-131.5280942172006,1476.1178588337702,76.53908967192552,729.441034865478,1161.447594273056
263.53029063235846,739.2935695399096,526.9429213366334,256.56540415134253,600.7761460403864,423.73714805299335
225.38460019209776,560.3168933247641,348.8915413473213,145.9210841489641,718.7888407988011,368.23896479388566
306.36638530935664,467.43544796483474,1320.3110249107272,396.08039690457,310.6922670596888,459.1918172421855
529.2403021821675,770.1779248340097,333.6637798292624,371.1723852504986,389.21530905261454,635.2669054955321
514.2435828261691,747.0167959819871,757.4038503083975,390.08818229267325,385.8569790286633,675.7253829865343
586.129648150047,811.719112734567,1306.1376458742834,410.07234976279955,376.19261357172473,801.7440512607792
584.967655818523,718.6770242884311,2732.915273251323,407.3199771259321,340.47564179851935,683.9272098105512
328.644484988407,448.0494551089139,699.7232043017194,127.29449194297155,755.7046125136917,505.3908370825475
356.12631449225984,140.14805211222483,618.564889344942,269.7097814136924,333.95003047207837,432.40440063205835
329.7717202039385,385.5244558222441,1126.92794089486,121.34777730000286,520.8562031122793,319.39710234769586
384.87961498796176,658.9154838886257,1115.2569310146694,375.4750179538882,499.45843366067834,708.4985528055838
410.15528600113396,1564.246820084964,674.1323341199649,193.97568002047132,544.4145072898026,429.01235379236743
153.70001760882383,420.39147606287025,233.4112776456799,164.01380401336604,283.245655748652,283.80806889329847
463.16382564487617,1383.901331578204,930.3103462607623,383.5744775490761,208.5422262408199,57.85741095419374
126.413140861483,1474.3887444423137,632.9166223050913,351.0579859647217,109.55574672993214,564.0518483562266
341.9166895139436,1682.8251201691342,763.6395889570442,236.04110098872667,496.2610616882547,684.6766837115348
131.73915112871333,1126.964471917617,930.5379208902465,155.5054883628033,487.09667950816004,380.5223904672272
473.03469305753947,1208.8075731507765,314.71601279967206,154.21152938580582,455.126559967503,457.3314427631026
410.2992334138278,1277.7666701386258,909.3288472340446,318.0865048222733,338.02672482306184,436.37914880172195
377.28658611391137,1104.0083225783562,2234.4943185005454,374.03913824929094,216.42707674660517,411.02366418640236
NaN,NaN,NaN,NaN,NaN,NaN
585.676771945298,1561.3740969881942,1452.2252322293764,298.3624210122228,233.44836331229988,835.2542004744948
293.5106050961616,1050.7763580436267,345.1777272783261,190.93203076131277,605.6378204211999,246.83770764703232
432.7054503740227,2107.415977095522,568.3470313140913,492.9175586445695,399.6380563859833,401.9170826819726
405.9983573714619,1526.9107050442576,896.165232897929,405.63842846345375,303.9792365677641,369.32514291641905
387.6835799211609,1460.929557250448,759.4830360226251,209.87536944519746,563.2973681346805,491.4649855733593
375.51243721147483,1369.2541248346533,427.1318707538224,362.41250375807857,308.32331223111663,487.8042218934421
390.09308510157257,775.9273090473687,404.0987798066065,24.703453755512783,357.0873529288662,436.76315850963067
481.26794320814736,1973.0351448656704,411.16386964750603,402.55138054569187,336.8802500708318,451.84546438622306
393.5848860415464,805.6692778083618,917.6437350132468,59.05908311687523,586.9106726617923,432.37888419565274
372.53968551936697,1123.2737281894115,2106.2708446919105,376.3629907899952,204.69243911068418,486.6741829343797
386.8493592902229,1373.5439432316564,636.8456812088937,262.17821679272885,573.7300211732272,420.3724989467506
263.1815614798905,1075.88518167785,1272.710621732256,378.1446573892022,281.1533355315638,548.5980354911447
388.20110330978036,1283.577754565743,567.0210944310658,252.86704456861895,496.37405658756995,413.9043562533086
428.64027516263457,1615.4023523519413,680.3175447587437,345.15949605572774,407.99106628412574,400.9762734473213
406.66203515881557,1414.9948220970052,679.1239112457831,359.60363955782253,379.7188579803483,457.9982048634839
258.1033219279702,1699.3579976314725,245.9608444403828,382.17134060369773,412.3914501749756,212.49294388109533
424.86275376253604,1440.0340476109575,871.6128662231745,297.08360881616505,389.50477286287196,389.08196705633645
372.29360962126333,1291.3116263530935,1551.6042342327635,391.4164535955369,230.53381004794193,437.4830881208468
348.81375105265374,1149.661605149259,1085.622308240061,354.41847418149035,199.29630934206676,449.1127971457306
420.2208413749041,1529.2734649920458,1345.2551057717328,147.05145289083526,647.5999775565015,483.77699694518014
285.4679255744102,1156.7327252726732,1185.9592750052839,277.16676072742456,233.1787955441498,452.5155639330262
312.676514810358,1284.4561218909907,830.0116131895538,355.7253478827052,212.04602759762128,344.18204069838373
371.573123822987,1145.7860957104315,1616.180378752829,379.6254601589865,219.07247506764543,440.01093311267607
403.448788253669,1787.4953961926667,698.6327862860645,245.3276919661817,836.1407521078588,407.8923040196971
379.77140541220075,1368.0521337119712,1037.7665907132318,320.0932736488109,284.3259358428553,401.9338462784285
199.42314984094497,1373.1243768812599,940.2390671572092,11.279458501689874,485.87468334030416,384.3713499318761
291.75021123318993,1363.4185216680232,715.0129416659025,313.2874581423378,433.77737060967684,241.99957225117467
408.18037357387743,1595.2842615441464,691.5046985024641,271.39604577002643,577.7666099126333,392.78970144308084
402.2092641588755,998.2411094388115,1480.0497197957443,314.091184531622,416.8265115217135,499.79763806141045
188.60383134968902,1316.912949770298,1159.5634277049082,365.1184494818801,181.96719167703355,872.1825699420247
421.39342407724985,1642.6711720982612,823.5153456929387,246.79384870295138,581.9890551534579,426.76898671987124
401.51490773908654,1339.567010253789,1907.0109217135034,408.7318431842386,293.00265542233575,436.1252833224711
386.15126121520314,1581.2414593326755,658.1638453820533,352.6203786999984,537.5353188453596,403.6734441736829
339.05474829938964,5617.123973435624,1251.7656704172045,889.90996479112,515.645301463484,1617.282061246379
101.21315993818891,643.2528468417361,1244.7067759104216,192.49979925090378,665.9052400005457,425.46632091753725
216.71750731688888,5663.37311228447,2156.3834830763567,1123.5097640179847,526.5645946416728,1912.8605870209656
126.73771703883074,1098.2659871689461,12800.791132507235,639.382528727841,494.8061109117146,159.6915096970288
663.5070913274428,-231.8901811106991,27528.42173872901,757.5417947410033,263.10790200043493,632.5700445144201
1312.4409985204234,-242.36864938302466,62625.97173301881,1371.8064625146308,259.73754969734847,1422.851468169839
263.9426126398505,-0.8220842316987955,2572.7978302108163,215.3339789520366,753.7804291061311,670.751294703117
681.7027151380152,-151.8240900766146,40603.09963798936,918.0270193465026,69.64409091249311,1846.3069121568117
146.07314963161758,166.1679257328243,1175.7614545901506,914.5582587115368,602.3032171140685,386.25112447786046
174.54518823287933,454.599096011998,495.48308682756374,126.004280611144,481.28653077738915,429.7185612460697
239.84308556955347,3461.439231714524,1793.4801135162706,1165.7240527279732,332.4506314013676,1156.389860534882
81.02038116454125,1518.2122506873316,1319.1552436407092,227.47665373867875,407.3316990487211,332.2888443400748
466.6456829037153,3527.5880088488466,1740.2605698790503,1250.5199663308083,550.0806001563669,1011.2346170566145
954.9552465196832,-196.7999239331764,47804.577444672104,2310.1043716050362,227.87331685303138,891.7893623138095
5147.455179038116,-259.9941638503767,24757.517541250672,-293.01611753664093,331.64593383026664,910.1588822550605
458.98984767376146,-78.34453058787494,55112.71239214934,1214.5712211130246,189.21284452667618,1008.5263017485765
426.4615347141902,-149.619450025367,31528.069278520583,294.0692783824985,552.0725371455042,1197.06433880616
591.8556218591232,-26.250106522569695,46135.736427181204,377.8539359148674,274.22046981799963,177.74740310912378
793.5395522455842,531.6851712427978,10378.792182125642,492.9241410745585,522.0590182466799,785.1336638124495
60.84578934103345,9285.814799332384,13556.796942315425,949.4668456916988,342.9207801727951,2582.5528428078596
766.2141351696564,-245.97402951481473,41504.86565324237,758.268860515911,315.62908363802796,1707.3404200078176
144.57764867033768,-114.42626538366045,1377.605861817557,871.1742718412468,640.3154920389445,638.8878104638321
324.190635724296,-179.57414535224652,55208.37432762114,1172.5544369120958,258.22416727128564,950.3360954767309
32.43518788917589,-176.52150510758693,1665.0166936115174,279.52759217608696,734.4679362514623,404.2356344268982
669.7920159085711,282.982130356355,48669.997819507465,1860.0847404432627,247.5707287557612,1005.1858774866068
324.78868743847363,863.2659102462313,1338.5855256791915,135.67427114362414,825.9962681574857,482.8485321466843
422.92440454926896,-233.2087587241778,31246.77479786242,473.8622096383215,323.3573610869477,474.499802990661
381.3396588458237,98.42273519461224,19096.021930162453,-351.3006850473912,328.76624901484905,821.0714918006463
1017.4244406567823,-199.77038413521046,30495.14589642732,231.70150361245692,278.09812677230315,1089.310764380093
166.30766531103535,-250.2631284898749,58787.190088671116,1740.5767107108875,277.99285795352387,142.24712764541485
570.1970035997704,-204.81977538070132,30256.277431510967,315.3946874752089,353.95874587333356,981.230806041712
258.6827204426212,-187.22720458194556,2518.9042093237003,349.31705994556665,591.4846006106634,534.955776780104
166.26058089845478,-118.30310593314076,980.7023318966072,290.22486837843434,586.5683498210283,451.07656616735716
532.3625171500969,-214.10179035833693,24631.151035443017,801.3273968995834,299.809266279587,1307.0725320334877
835.8105577021232,-164.22863349102585,50359.31792833226,1855.0252753930215,210.32419570933325,971.5457248127968
252.1097323249883,7576.616850423063,1518.227301557205,511.1328523050709,450.2691956128961,1603.8701686473096
556.0136977543597,-175.7719343428132,26081.72591385744,150.9355233992684,428.9800375221658,1588.295687456875
359.27683732865535,470.94044576994384,2362.7086933253127,317.1589381073805,601.5486987156396,778.1875970034878
237.47401394506903,2298.448917783074,6842.867512249703,654.752353769622,506.0791951099048,406.1308994778975
426.5191061892692,318.3337848871908,829.2351735407991,327.0635589125738,630.0563442880024,456.23151147683336
434.6572446315022,683.5569640411037,629.3574789698686,467.95442234000683,565.7230896282249,451.3605211926199
315.8149990652337,557.6870455903797,1137.9983839200272,326.8267161683728,544.9895270099092,506.76789220409603
457.43020530662943,1075.1812716959557,1029.3399081686985,415.6412173537413,325.10469499675725,809.9993372071522
364.22626574965074,1341.2848079545006,947.3233208579062,400.00482690499854,496.2372132428792,536.2157420059167
399.2989834109536,1787.9436391574698,849.8943457717763,456.920637739657,478.6972856405192,487.10219116477367
402.6160033583549,914.360825040678,608.7615553000531,439.8175957589247,640.0137935444935,470.39494041638295
287.20677351133486,1251.7462145036839,452.70849690729267,328.3102064077768,544.8535292943775,259.11467988357424
425.2137473167055,901.8726805874057,557.3543876196998,413.7546896654665,604.5888044025088,472.3429442699345
403.53511126603667,1626.1994671203236,1032.8055322719133,290.3915908716231,660.9764769217197,334.6854925609714
399.84420486772956,1495.3121619325318,803.3674393139012,416.26754043250475,652.4539340786804,492.2320696521315
325.11827456014623,931.2250677484519,673.2784961028573,156.51443068065674,677.9605235762245,520.1387618362634
397.9419793217494,1424.195517004047,842.7448709441286,213.82378018160279,796.0798103890525,553.9343483650905
66.34796162827327,813.8816108394419,389.2455227152658,317.3221727226392,465.31568353605417,24.498812972636046
365.2835765646455,1161.453031758061,915.7681746846378,398.3444652011379,682.2470603028866,372.33973208553937
362.72360557059915,1238.115721255025,556.62225349142,248.97900848088858,865.9001459327669,504.57369308252385
407.67676359287054,1018.4652893300276,625.7681649260263,384.5628368685572,601.884602325087,296.5533299360193
340.3338800403878,1011.0539079127748,340.2685483129861,412.0597325237306,480.12614087654924,503.6958233466437
513.4028974698896,1492.715036841369,860.0996470802405,463.30470109739343,555.8125528974999,1103.1029514570687
386.3861666012938,1367.6137660358809,941.7888232394322,321.97081672311657,464.3987954387163,290.7262183755938
365.01808118998173,1236.7437554522246,241.43148985471805,410.64100554517523,611.184757114496,441.60046460114995
392.4016215849923,1446.0772168046774,882.1287574687782,380.9325347620382,462.3058344362239,454.0781108464639
298.75275645842646,884.4455760043279,730.40954637891,291.86832967408367,462.37911652216553,400.9012371588291
398.14537361011605,287.78973262970845,861.8678678376988,292.47368792004846,498.49170441469266,212.54685509674076
406.9895829391337,1074.2151392597325,816.4924035039522,352.5705144120844,618.1426649392704,396.84013432040376
347.3474125140415,949.3551205770091,791.0716169365545,380.5890772200324,643.1817122820511,371.4317148824647
389.63717051974584,605.3133113792285,678.3149238104396,331.33041852242656,447.36530267718365,747.3967221397502
378.46064013103296,1607.174026510761,1275.695039629824,214.69167343672808,687.3528157960394,356.39054241957194
271.95763410039723,655.6280626884923,118.8278959881518,320.419340012624,574.2023530771656,420.59748111987017
400.62564243722716,837.3189835723583,576.3836127753037,347.31805065939403,455.9581604231646,280.44790488588865
393.8657939149273,1656.0114966272615,938.0786057829872,359.6362590685795,666.4363811955026,370.4878450925395
318.99957750960874,894.1044767626815,741.474544444398,254.5828097028097,710.3253100470907,468.2318813262543
327.94445297189446,1207.6489015875102,359.34712290914604,430.6284787340646,676.1694920716855,263.0950555276977
424.8266464962703,967.0663805392583,1275.6131064336373,245.327204808011,547.4085940368748,378.29492700897663
382.2678118426276,794.1530869662295,1371.8026600095704,509.3376293329682,852.5480363904838,969.7618629157892
261.9626097349406,1208.1747576820048,744.7913123488787,139.18288462089464,710.8460504500341,431.9586869394808
148.04964535778566,1716.7633699501341,730.3918551216005,399.333273732039,566.2963431655645,447.10667425111
360.6464814666106,3875.637267467381,131.15315874783028,276.41167555470264,799.830298338241,277.06344640908594
368.12018387868557,1231.048170232224,640.8770353077904,292.5652360728082,764.3101984402473,515.3208725582855
372.8420830131038,1253.421462670567,419.444861821363,409.1772613798934,452.8926458157348,467.6589399129208
274.6858664695934,2213.1319128971763,470.0802723238228,264.04511966093077,692.8622480198904,179.02962557227565
346.8326952051599,1520.6766848446048,458.7236774722195,117.141562891094,718.2186154383132,361.17783142870155
403.8761815741391,187.8747452402427,680.9107499520316,374.75129093417826,531.7924811657817,363.09744418119
428.1345934401053,1434.5889389749907,611.5913656359909,441.65851912474494,203.09691491570186,397.5112725662018
347.30859094806834,818.0975573494497,517.1509158215233,285.20590167592565,717.6923482686705,457.2212679745995
410.23999630152264,1209.9893115331702,816.050936529453,322.0554654706894,576.5196298593945,418.7495059906488
342.58403770985586,2205.0205687474886,735.0561830114215,195.5653067381964,889.4367315985273,372.42533160676714
419.2222264990053,1225.137774102899,629.1122024657642,448.7682809766837,592.7487218592952,355.37110799532115
427.9739940573786,324.460278490864,798.8462578474749,268.6281666831483,651.8766844640603,321.9918717903954
382.77409894082535,1441.1426104312955,819.2857454468254,424.64281183698876,481.3025245070611,336.2050778156964
313.4611133465688,555.7924942800416,845.4616931966833,159.0995240122142,563.3352999846097,228.06376067947693
389.9470593996001,1048.1849579716154,317.49691381741786,415.7087260772534,616.3337640377375,419.94049855105015
169.40746887072652,1341.8185240243772,624.0794372025406,465.26293985958984,568.381538653082,461.3907472255164
442.1157322651451,725.4484039027192,709.0187099545391,382.0365822052872,415.0630233656434,698.8184837770519
338.5816954690564,20.41080822820129,911.18221712455,306.90621325374474,685.8155029777158,393.4064493527244
333.21349301365456,1833.1025936583508,-57.20974095243707,1311.1494588912399,916.9274099022283,250.9270392521828
240.4825485732123,2616.872709192634,-211.86135347215816,981.7451128277942,1281.8817006547079,493.25928437082325
256.59095341987745,2026.4155920581663,-195.9762361509312,1686.167840066681,1070.870712338059,395.42884071768265
296.25781452884166,1785.5276851457527,-280.5706044972893,1049.343025919487,933.7709277858498,151.51339997634483
178.24422127913888,1689.5706767909708,-110.09618324160942,773.795968160347,729.6655175231169,234.25830254082393
259.67087507357417,2144.8373096588775,455.69962161178296,1503.7350157234516,914.2039774070278,184.5988535638893
414.9736068376686,2226.220439269007,-254.33941615326762,1757.4506366436035,865.7339385857096,248.60404656340717
383.12045643302145,1834.2877329040152,-92.02361559249562,963.4107350945526,1091.9737926773514,566.3759358124945
229.57039594741488,2296.0693837478293,-191.12653085473477,1573.820220738114,881.1131049952605,237.98369225248405
271.9671358770506,2389.1290094706947,-12.188106883859291,1488.8294167573276,1887.3377008984248,861.5533886701957
315.12653020176924,1945.2138803629086,182.65996952214505,1178.2519391967162,997.6737219551891,580.4503038629449
240.76963992183525,1845.8302111609496,894.9575271448147,1196.7792653931333,820.1864991585708,267.68220756305084
261.25023853371226,1728.3226879023528,131.08786213441135,1141.0660934152158,895.6012342513983,679.3131481002745
372.971701407369,1915.6075014334315,208.81479087387277,1128.3722860412522,957.6360051738114,599.9256536413453
310.5469925178678,1774.9491436941453,7.415184029728209,492.94017982179713,1324.7933853763057,340.59544043905134
145.30363956634253,1505.6900769850974,-199.82901433968868,1279.1140962265847,850.0809131152956,74.2121388383191
241.6268050348851,2158.1909091767293,-90.48041942973168,1859.9670290584745,935.622290794295,264.1624230000779
260.13884998948834,1822.0524957566508,-58.129190000260905,1545.4759037073832,1032.1128427031308,172.31719643719822
471.99874284157306,2518.10016613691,-344.36065822423546,1147.6692375864554,847.8451907089371,412.886013741919
360.1716882316506,1984.445347094318,135.33760243908512,1083.457966896878,1048.7761445795568,561.9565076913683
290.3755702235975,8176.610349825868,-292.0043554406578,911.0909785253211,1656.1784373889595,688.3115795513655
424.49078562296665,2090.6857229634215,239.7559652157811,1329.670286130252,1147.759029301515,536.7822671407544
236.0127322937553,1887.6605156552387,247.18543312650718,1161.3037056673033,1392.2335146887472,1189.8853690350343
356.90356845628037,1843.7588946004398,32.687598166901125,1253.410569133338,1161.2471106365851,542.4855820879819
113.32722625904066,1841.1287886303242,173.94515138165752,1107.1835488786614,1002.9453924012861,547.3455160527172
148.3095071436459,3375.366577003235,-297.5784608086762,1052.021731378318,1000.3340447559038,519.6556845060084
303.62109305620004,3742.346188957768,-202.9424696775933,1652.7870806235992,1320.2943643234507,233.88782826594797
478.89798554116146,1831.5915259286326,7.869099895596321,1123.4970887692298,874.4223310337751,456.0589261345443
371.5821604396309,1889.8137358726544,-61.55817846101718,1404.7430303240483,877.2327671425426,411.57929004294454
430.08355423186003,1624.7867190314485,404.6037386243446,815.4929004192957,695.975407776266,603.5789085840627
361.2428697047593,2050.171113956482,-68.74871682565572,521.6964434743309,1001.3844377185245,529.1577017314306
240.94858538301227,1762.7016761224195,302.8460733413448,1373.138259384129,843.5326564448877,223.06214034822528
322.81038444925616,1961.9888564678579,275.7543907014299,1123.6285638654338,1106.4849948359579,525.7071066215422
365.4616652110167,2234.9752919197554,-326.95309204817306,1245.407050817061,952.7862480730465,688.5281812956468
317.37788439901135,1792.587620862897,-167.8876153576681,1204.3941838212445,610.1653690031549,564.6069866694012
364.60858948458474,2095.0677141236915,39.753900160027285,646.5624288866891,1035.1255650330281,569.1868296349769
300.87557391678297,1903.647662323593,-201.73174427404837,1251.2641991908104,902.8002137826612,352.0886251795624
330.3273244692364,1791.491764963007,-269.51643547335874,1044.3181916018716,1051.6451797239183,323.6517252627356
309.1062756801956,1363.2868158446518,114.1997889665929,1179.2476068715307,713.4617102768815,278.08554783755307
528.7734671126974,1818.3880868939539,-145.2103825076167,1085.3924766940936,860.8104122818407,407.9714669008597
573.4295967909553,1398.9360118028071,364.7394241258486,742.745676203914,508.2081600626316,543.6828641933195
376.55804614475824,1951.5515814070905,-110.38397965508227,1549.4089420307748,945.6473407569844,330.7819060577487
369.92843566382123,2252.430409714862,-101.02967366630679,1070.609478721105,1163.4524927533294,409.47117304750384
245.58593627131168,924.6469155206864,-198.52425276910208,1067.2968905919572,943.8484240873698,423.84340692839
374.30200792404173,1955.8992517763963,152.6383109699791,1028.703392792447,1084.6548666058825,493.3827617335671
349.0245269618945,1315.4968059769722,192.61771603676505,683.7799147509977,814.6628512096684,517.5719997108325
317.4199288535982,2323.310783705211,149.12266954638392,1546.5951254326292,1040.5914855472556,231.71691838045052
122.48364041367827,2174.58163859205,-134.3497786081876,1839.211378911561,753.2286319077004,14.295771496676593
262.9872679064124,1834.8365731890713,-91.43067521936433,1771.1169599522882,778.5405996679284,228.52000634410018
407.01518690690136,2475.4336215540798,-5.615830031789642,1303.2406713277214,1052.8884343380028,343.7706074250352
276.08042656334567,2510.7069469436224,-229.86789879111066,1153.2855262790288,1012.061354061961,64.0044975244511
192.13111853178773,1409.490432028579,331.7488614555991,721.2125477783775,612.1994419687529,619.2750525332706
248.94538745412243,1843.8701194597688,67.01803813451636,1319.21105300775,1008.2829908842824,249.5566698896555
372.92806039813,1465.9260245176208,0.7434820376549283,1083.1342404855357,859.5384590205283,367.536759868755
301.0975898894102,2356.560392955816,-221.26606119950188,1608.292413867881,934.3104304135933,210.129546963473
253.42032900087864,1958.08034981736,-161.30194028533668,1813.418563302674,796.619326201936,350.01544278006673
187.85329707416824,1914.8111921732943,14.691058345906868,1333.4182496013602,1044.5447984127882,482.9107303701767
279.78349343643754,1952.4922376961417,-330.93648192554303,1437.636183516551,629.6318565796569,243.48789808194186
297.9324054783434,2200.6346235795268,-73.98305556431109,1153.6114236634803,1195.5977112855821,408.8083826597102
357.87491097255304,1528.4060396324787,183.77637289696008,738.0229345450641,925.4921825313321,515.0562189073139
228.60943957591704,2264.1152184066746,-264.7025998745794,1271.2920335777674,1089.1398848066096,145.32773222374328
282.88706149890925,2215.887634112815,-70.6516519107152,1783.1139660724389,883.3670301718066,284.95528054938546
273.7721684228052,2287.5581785714853,96.62550637585343,1488.1002128169937,1104.5263011624284,469.1389241321749
346.6478548667029,2879.6980294063205,-295.68189704688336,1088.6615387429172,1217.3386617951323,631.4669738057596
333.2731733228246,1730.892982729682,-40.46531134921588,1088.498197883013,785.4565510879612,582.2211389417574
391.7862801325074,1925.6606795300045,-186.0929630582924,1628.936972622581,246.59797243661143,301.77137743013225
355.2749702752677,1501.8390285175158,99.83272489041542,897.3712000339544,829.5006300048163,516.9687196489923
251.99615615530283,1405.6574694377928,280.944944382239,965.7523270951672,798.3184001197286,446.8594105345005
278.73341992064195,2174.6348299940764,-86.01746138153584,1226.2724811076264,1528.4282172306262,294.9643854752814
351.4988495833542,2155.592862655912,-41.153013822029095,1264.5626940535428,913.3264829680799,281.788842051658
187.60435881453643,1522.869896568957,-84.93610887323734,1044.0032450109015,578.8325930862734,494.8151426987804
302.73900840886813,1989.6943070952684,-4.268972889897668,1381.7276028294298,1021.2245062106234,360.34616251746604
390.64426542577974,28.058246535874503,79.31978671666673,191.15665541987272,659.9569572733335,136.80796286855733
632.3215179782877,1875.4371663046581,20.867382813515178,716.392476436147,680.976234177394,353.00445861118624
15.790909191570506,-191.08622218306976,-66.39787064986012,1078.7579079519544,533.3229989979602,265.0217927027487
520.8810230874361,1943.1207352044698,-51.402521298867896,233.106182105369,788.7955434992673,49.76215007546253
179.74645535287354,534.029986776692,145.79970435456164,742.1543393603877,216.14582252560564,74.50298103252317
55.020586183780495,6.91531484589791,-27.287155200024642,1048.444773532564,503.40874401030743,314.8003796185843
565.569890265618,1498.605937916353,263.4576228972777,419.7817450244257,755.0216834186556,292.1219269046461
308.8576306977533,2322.475161315765,181.70242740617414,1124.4659816285168,467.0183581482973,36.678098322421704
681.6044483083273,261.04192548389153,268.29819209645905,532.1923392220051,622.0978181808034,330.1228248830289
267.08406485225305,-173.9797366875743,113.37748807576952,661.5171800099483,593.2227172662589,115.97092928909188
578.194306481266,3365.157797992497,514.4942098412771,658.6358939092684,592.5067907211309,617.8313446488162
313.3603082786333,-4.180965123363478,-330.90682927010255,180.95915524305093,795.00869471024,104.63153089735931
436.89177284816105,53.58570579204462,-153.92620024235384,604.5581235289653,582.9969047384645,-59.16638190333526
312.280922562687,2241.4644619466517,137.8777264078077,1186.557418042735,488.8696046437041,56.777225947199724
841.4831683489699,2960.422502356289,492.2723504974865,17.218985029736928,1057.9443255911895,653.7147964239497
341.9202060551727,1598.3008327028804,88.05273605806133,878.5277871726969,343.88236305973084,318.79536437197265
374.8544663101407,-20.096381466219555,-44.37000091558332,562.7087025102524,570.7500325409823,18.78642373161776
328.7537734741161,217.5366532453089,-302.58382255583234,31.002691585265836,933.7093899353224,409.99327525909393
330.8228450426751,117.93124997870962,-277.6044605600273,475.3731253239678,838.2511798397757,168.1687443100989
466.75885734302415,461.57894251077323,-241.5211120097293,-7.937841558462367,878.9043766696061,415.6505867172167
249.42724868121425,1601.3441725920975,-231.4114290135647,211.94464333559523,750.7616133357697,247.67302732663055
884.982090248136,2885.88018163477,-173.05549104288815,897.4653585638102,644.6333038281955,568.050896351827
64.55962548226572,-93.10820189384529,82.57814520345278,1231.5012964681277,523.055212973495,24.40384389918576
